6965
7079
6957
6947
6945
6968
6959
6951
6938
6942
6945
6952
6980
6958
6973
6971
6975
6949
6993
6964
6982
6963
7011
6944
6962
6982
6952
6978
6973
6960
6970
6965
6966
6977
6957
6967
6952
6955
6937
6961
7008
6961
6975
6961
6950
6970
6971
6946
7213
6976
7125
6981
6993
6943
6969
6957
6971
6967
6987
6957
6958
6979
6949
6985
6959
6983
6959
6958
6962
6949
6958
6972
6969
6957
6959
6954
6992
6949
6987
6961
6958
6961
6960
6955
6966
6956
6959
6958
6960
6973
6945
6971
6962
6966
6965
6962
6955
6960
6954
6969
6969
6970
6986
6957
6980
6960
6983
6954
6964
6972
6971
6978
6956
7403
7008
7023
6944
6986
6959
7011
6969
6996
6956
6981
6987
6974
7006
6982
6996
6966
6983
6934
7011
6958
7015
6969
6992
6980
6986
7006
6970
7002
6972
6997
6954
7006
6947
7007
6954
7023
7016
7013
6966
6983
7006
6969
7006
6982
6997
6965
7023
7010
7025
6960
7001
6957
6991
6986
6966
7007
7093
6969
6956
6948
6957
6970
6924
6959
6993
6980
7184
7000
7009
6999
6953
6957
6973
6944
6977
6966
6978
6960
6973
6936
6972
6962
6944
6979
6957
6976
6961
6977
6953
6992
6975
6977
6972
6975
6931
6952
7123
6951
6977
7402
6964
7023
7002
6941
7006
6955
6993
6958
6986
6954
6992
6959
6916
6967
6981
6973
6976
6978
6949
6990
6970
6982
6967
6975
6954
6964
6982
6952
6988
6959
6978
6967
6984
6948
6992
6961
6974
6955
6949
6947
7069
6938
6948
6961
6947
6951
6976
6969
6956
6963
6957
6951
6951
6943
6966
6968
7012
6957
6953
6950
7116
7140
6973
7656
6970
6971
6990
6960
6968
6968
6963
6985
6944
6983
6932
6981
6967
6977
6957
6969
6944
6944
6974
6950
6956
6949
6951
6948
6956
6953
6956
6952
6962
6979
6949
6984
6956
6959
7507
6987
6961
6958
6956
6973
6978
6986
6962
6919
6944
6965
6986
6956
6996
6916
7034
6963
6992
6946
7002
6957
6993
6970
6940
6996
6952
7123
7155
7015
6976
6987
7094
7031
6934
6988
6960
6997
6974
6967
6999
6961
6994
6958
7017
6964
7003
6951
6987
6950
6998
6951
6960
7000
6952
6998
6953
6999
6946
7005
6950
6987
6958
7032
6976
6962
6951
6962
7006
6954
7005
6966
7119
6948
7005
6939
7045
6961
6953
6952
6960
6975
6969
6976
7001
6981
6975
6970
6950
6970
6928
6984
6985
6953
6945
6946
7059
8297
6947
7063
6944
7007
6959
7000
6965
6995
6958
6997
6971
6979
6963
6948
6975
6972
6969
6974
6981
7000
6981
7009
6968
6965
6984
7026
6949
6959
6949
6971
6982
6977
6975
6962
6976
6965
6976
6971
6981
6951
6945
6958
6959
6975
6972
6974
6960
7064
7013
7134
6995
6999
6956
6977
6958
6976
7056
6998
6941
6988
6972
6996
6959
6997
6957
7005
6959
6968
6954
6937
6954
6938
6954
6946
6964
6957
6948
6957
6969
6956
6959
6949
6950
6952
6933
7486
6983
6961
6951
6970
6962
6970
6959
6969
6958
6940
6960
6965
6953
6962
6958
6951
6975
6960
6971
6945
6962
6955
6933
6953
6960
6980
7044
6989
7154
6985
6999
6986
6988
6985
6986
6979
6982
6966
6949
6966
6975
6970
6987
6959
6968
6975
6994
6971
6989
6988
6940
6966
6957
6997
6978
6990
6963
6987
6973
6978
6991
6984
6972
6973
6976
6954
6979
6973
6965
6984
6981
6965
6968
6974
6977
6988
6971
6979
6973
6988
6959
6973
6970
6995
6980
7156
7031
7000
6990
7003
7006
6975
6995
6973
6986
6983
6948
7218
7152
7008
7152
7016
7102
7027
7005
6988
6976
7001
6961
6971
6980
6984
6959
6962
6992
6948
6979
6973
6963
6970
6973
6936
6971
6972
6964
6957
6966
6964
6960
6970
6952
6966
6964
6958
6948
7627
6939
6975
6952
6970
6957
6950
6972
6959
6974
6956
7260
6966
6988
6967
6978
6944
6975
6972
6951
6985
6956
6964
6963
6982
6951
6989
7089
6966
7141
7019
6947
6977
6958
6950
6977
6968
6971
6964
6995
6958
6986
6969
6968
6960
6971
6941
6961
6962
6949
6980
6971
6974
6956
6993
6946
6987
6961
6999
6969
6974
6937
6952
6972
6961
6970
6968
6977
6965
6984
6963
6986
6971
6969
6959
6953
6963
6956
6973
6969
6989
6953
6977
6971
6974
6961
6987
6960
6950
6961
6959
7250
6975
6963
7031
7000
6982
6974
6978
7011
6956
6971
6961
6939
6975
6952
6956
6961
6967
6953
6992
6971
6979
6975
6970
6961
6952
6977
6928
6979
6930
6952
6951
6961
6957
6977
6957
6974
6962
7149
6945
6947
6975
6943
6964
6943
6959
6942
6963
6964
6979
6962
6970
6983
6944
6966
6952
7160
6986
6970
6960
6989
6960
6970
7290
6993
6952
7165
6998
7007
6981
6986
6958
6970
6998
6961
6939
6960
6973
6964
6962
6968
6978
6967
6986
6974
6983
6960
6949
6944
6946
6973
6951
6980
6961
6970
6956
6980
6948
6986
6971
6953
6961
6957
6965
7088
6959
6957
6963
6958
6954
6968
6962
6933
6952
6950
6953
6964
6955
6962
6972
6966
6951
7018
6967
6958
6978
6962
6989
7089
7070
6947
7001
6957
6988
6973
7002
6954
7013
6980
6945
6959
6952
6946
6955
6972
6935
6949
6959
6946
6957
6969
6959
6971
6998
6965
6996
6961
6985
6959
7027
6951
7013
6955
7000
6965
6983
7506
6992
7009
6975
7008
6967
7015
6965
7013
6933
7011
6949
6986
6953
6959
6998
6981
6997
6954
7002
6967
7009
6956
7017
6942
7012
6957
7128
6945
7026
7030
7006
6999
6958
6996
6965
7018
6954
6994
6945
6993
6954
6952
6970
6964
6957
6962
6983
6948
6990
6968
6985
6971
6992
6953
6982
6949
6966
6960
6963
6970
6966
6990
6966
6997
6970
6981
7016
6968
6942
6963
6956
6947
6970
6954
6971
6967
6974
6955
6978
6964
6953
6971
6946
6983
6965
7001
6957
7009
6957
7002
7247
7031
6961
7087
7002
6994
6972
6993
6976
6975
6977
6947
6990
6981
6985
6969
6986
6954
6984
6961
6963
6974
6967
6953
6963
6957
6948
6988
6942
6974
6970
6987
6958
6990
6969
6980
6965
6941
7492
6961
6963
6945
6993
6978
6980
6972
6981
6952
6954
6962
6952
6969
6936
6966
6916
6966
6914
6967
6954
6974
6969
6934
6970
6962
6957
7058
7078
6947
7083
6962
7315
6938
6991
6962
6987
6966
7035
6968
6974
7000
6952
6997
6944
6975
6962
6984
6944
6967
6947
6948
6946
6973
6970
6956
6968
6945
6989
6957
6991
6980
6988
6951
6983
6951
6977
6984
7097
6972
6952
6982
6949
7013
6938
6978
6959
6985
6947
6943
6943
6948
7001
6954
7003
6953
7004
6953
7007
6971
6991
6980
7008
6937
7082
6960
6947
7003
6958
7007
6971
7077
6961
7000
6969
6988
6957
6994
6946
6958
6982
7196
6986
6955
6987
6965
7003
7003
6989
6960
6975
6966
6960
6960
6953
7008
6932
6985
6940
7032
6984
7007
6956
6993
6939
6963
6958
6956
6993
6953
7007
6935
6993
6944
6990
6962
6985
6959
6993
6967
6955
7001
6962
6991
6956
6987
7281
7094
6957
7017
6959
7013
6952
6997
6965
6972
7052
6968
6969
6971
6986
6939
6984
6963
6971
6963
7003
6959
6975
6965
6963
6981
6967
6963
6959
6989
6954
6984
6943
6983
6962
6976
6963
6977
6985
6966
6989
7074
6975
6960
6986
6935
6981
6953
6970
6970
6961
6967
6988
6962
6956
6981
6996
6996
6958
6985
6939
6995
6940
6942
6950
7378
6997
6995
7001
6960
7006
7295
7002
6952
7013
6990
6983
6961
6983
6947
6967
6963
6970
6977
6955
6978
6967
6986
6952
7137
6950
7047
6955
6966
6969
6972
6959
6968
6978
6947
7002
6963
7313
6972
6977
6952
6981
6956
6951
6978
6958
6974
6947
6961
6950
6990
6963
6983
6968
6987
6964
6963
6969
6969
6976
6952
6964
6949
6987
7072
7004
6965
7116
6987
7022
6959
6961
7018
6940
7023
6950
6972
6972
6995
6961
6998
6965
6991
6966
6965
6964
6981
6969
6965
7005
6952
6971
6939
6978
6947
6986
6965
6974
6965
