694
694
694
695
694
758
708
707
733
730
695
695
695
694
698
698
694
698
694
694
695
714
694
696
694
696
694
693
712
695
695
708
696
737
707
695
699
732
695
695
707
699
695
719
694
695
706
694
695
733
694
695
707
696
696
721
694
694
712
695
694
710
695
695
704
698
695
705
693
694
766
694
696
706
694
694
718
695
695
704
694
699
729
694
699
694
699
694
694
695
694
719
695
696
720
737
694
694
695
695
726
696
694
704
694
695
719
694
695
694
694
695
695
695
694
695
693
694
694
695
713
694
694
695
699
694
694
694
695
694
701
694
771
694
694
708
695
696
723
695
694
710
694
704
722
694
694
709
694
695
719
695
705
717
694
695
717
738
693
708
694
694
729
698
695
710
696
694
718
733
697
694
695
694
695
693
694
697
694
694
694
702
693
694
695
694
722
723
694
702
709
694
695
750
694
694
720
694
694
707
694
738
718
694
694
715
695
694
703
695
694
717
699
706
704
694
694
696
711
696
711
694
694
751
695
697
724
694
694
694
694
693
718
695
698
703
694
704
711
695
705
704
694
711
740
695
695
715
699
694
716
736
693
705
694
694
717
701
694
708
695
694
723
694
694
707
705
695
746
694
694
707
694
694
720
695
735
712
695
694
704
694
695
707
695
694
714
695
698
705
693
698
711
711
694
727
695
698
705
694
694
943
697
698
694
711
695
698
694
694
694
695
694
696
694
699
698
694
829
695
693
728
696
694
708
741
704
718
698
695
718
694
696
706
694
694
725
695
694
715
695
694
754
694
699
705
694
694
726
695
735
706
706
694
713
693
694
703
698
695
705
708
694
732
695
698
705
711
694
719
694
694
704
694
694
702
702
694
695
694
712
722
694
695
703
698
696
743
695
695
706
695
714
721
694
695
717
694
694
705
739
694
716
695
695
721
693
695
694
698
694
797
694
694
761
794
714
694
695
708
699
695
705
694
705
707
698
695
708
698
695
703
695
694
694
695
695
694
695
694
750
694
695
698
695
694
694
694
705
694
695
694
747
694
696
693
695
695
694
694
707
694
695
705
694
695
705
696
694
732
695
694
703
696
694
705
694
713
712
698
694
708
700
694
720
693
694
706
693
712
721
695
694
712
710
696
699
694
695
694
695
695
695
694
695
694
712
694
704
694
698
696
694
694
714
694
704
695
694
694
693
694
694
695
694
694
712
698
695
694
695
714
695
694
696
697
695
694
695
713
695
698
695
705
694
695
694
694
695
695
695
695
694
694
693
694
712
695
693
694
694
695
694
694
712
695
694
695
693
725
698
695
695
695
704
695
700
728
706
694
694
710
694
694
729
724
695
805
845
710
695
694
694
714
695
707
694
695
710
696
694
703
707
694
714
694
694
705
695
706
707
693
695
711
696
695
694
694
696
694
694
699
718
696
694
714
698
695
717
694
695
704
695
694
709
694
694
704
694
694
708
694
694
705
694
698
695
701
694
708
695
694
704
694
694
705
694
693
709
712
694
709
694
704
706
694
695
705
694
694
704
716
695
1148
695
705
695
712
705
709
698
703
694
715
720
694
694
707
706
694
699
694
696
694
694
738
704
695
695
695
703
695
693
694
695
694
694
694
694
694
696
695
694
694
698
695
694
699
695
694
722
695
705
694
694
700
693
696
698
695
695
705
694
694
694
694
695
699
695
695
694
694
695
707
694
696
719
706
695
715
698
696
728
698
694
706
696
733
744
695
695
697
695
694
695
698
694
694
711
706
698
697
705
710
695
704
694
695
765
694
695
706
696
698
792
694
695
698
694
712
734
698
699
695
698
695
695
699
706
694
693
698
709
695
698
695
694
798
694
694
726
694
693
695
739
694
694
696
694
694
694
700
737
708
694
693
844
705
694
694
738
705
694
705
702
695
747
694
694
705
705
695
704
693
695
716
727
698
715
694
695
746
694
694
720
693
694
705
694
694
723
694
695
707
694
695
730
694
696
703
694
710
705
694
704
709
739
694
707
694
698
725
695
695
721
694
694
724
694
695
704
695
704
710
696
694
721
694
694
706
696
720
719
699
694
708
694
696
734
710
694
718
694
694
704
694
695
706
703
694
715
694
694
707
694
695
734
703
694
705
694
694
706
695
694
722
707
694
715
694
694
717
694
694
714
695
713
725
694
694
705
701
695
696
693
696
694
694
695
694
694
695
694
712
694
694
695
694
695
694
701
711
694
694
694
694
694
695
694
704
695
696
699
710
694
695
694
706
703
694
694
705
699
695
724
695
704
708
695
694
722
694
695
727
705
694
706
694
695
721
695
695
761
695
695
694
695
695
693
694
710
694
695
695
694
695
694
694
693
694
694
695
714
699
695
694
694
718
693
695
694
716
695
694
704
695
693
738
695
714
901
695
694
705
695
694
729
698
699
706
695
697
711
695
704
721
694
695
711
694
697
735
694
705
706
695
694
694
694
694
695
694
697
695
694
696
707
694
695
696
697
695
696
694
710
726
695
695
712
714
694
704
695
694
716
694
695
723
697
696
719
695
699
706
694
694
722
706
694
704
694
694
726
695
715
717
695
694
700
694
694
694
713
696
694
696
695
712
698
695
694
694
694
713
695
693
695
697
694
695
698
699
708
698
694
695
694
709
693
695
703
694
694
693
707
695
694
704
694
699
744
695
693
713
712
694
706
695
696
800
694
697
698
800
695
694
712
695
698
694
694
694
695
706
781
707
724
694
850
836
698
694
706
844
696
738
694
695
694
694
709
694
693
710
694
694
707
696
694
733
698
698
739
694
694
704
695
696
725
694
699
713
695
695
721
694
694
706
695
694
719
695
696
704
695
695
696
718
696
693
695
694
694
694
707
698
694
694
696
694
713
694
698
693
694
693
698
695
701
695
694
694
708
698
695
695
695
720
693
694
704
696
695
718
694
699
704
695
694
709
694
695
704
696
694
711
694
695
732
695
694
715
694
694
707
698
694
726
697
695
706
696
693
718
698
694
707
694
695
729
694
694
704
723
695
705
694
694
716
694
693
706
695
705
719
694
695
