1064
1040
1039
1042
1040
1082
1046
1055
1061
1051
1040
1051
1052
1039
1066
1040
1051
1439
1065
1041
1076
1039
1041
1051
1039
1069
1040
1039
1039
1040
1125
1040
1051
1039
1040
1040
1040
1051
1050
1039
1081
1040
1040
1039
1049
1040
1040
1040
1040
1047
1084
1075
1051
1039
1040
1041
1046
1040
1071
1051
1040
1041
1041
1050
1041
1053
1049
1040
1039
1054
1047
1041
1075
1050
1040
1039
1040
1059
1040
1073
1039
1039
1060
1039
1053
1039
1050
1040
1040
1101
1040
1049
1040
1040
1047
1064
1054
1040
1047
1081
1054
1040
1040
1055
1040
1051
1040
1050
1040
1040
1053
1040
1050
1039
1040
1040
1040
1045
1087
1057
1040
1049
1040
1039
1039
1040
1048
1050
1095
1040
1040
1041
1039
1062
1040
1048
1039
1041
1052
1040
1051
1126
1057
1040
1182
1041
1049
1039
1049
1040
1039
1063
1041
1093
1040
1040
1075
1040
1051
1040
1061
1041
1040
1040
1040
1040
1041
1050
1040
1060
1040
1041
1039
1050
1060
1085
1048
1040
1040
1040
1071
1040
1052
1054
1039
1186
1040
1040
1039
1051
1054
1054
1040
1086
1040
1039
1068
1041
1054
1040
1040
1041
1040
1053
1049
1072
1074
1040
1040
1039
1063
1041
1040
1040
1040
1064
1056
1050
1041
1040
1039
1051
1091
1039
1069
1040
1056
1040
1040
1051
1039
1039
1078
1040
1063
1040
1068
1039
1054
1039
1040
1053
1083
1070
1041
1054
1041
1040
1059
1039
1053
1039
1089
1040
1040
1050
1041
1039
1041
1040
1053
1040
1092
1039
1040
1056
1040
1057
1040
1051
1041
1130
1052
1041
1069
1057
1052
1040
1039
1041
1041
1081
1040
1063
1041
1056
1040
1040
1063
1040
1039
1066
1040
1054
1040
1079
1040
1042
1040
1040
1056
1064
1051
1039
1040
1041
1040
1041
1041
1057
1039
1041
1040
1054
1056
1040
1052
1040
1039
1040
1073
1040
1039
1053
1056
1059
1039
1039
1040
1040
1093
1039
1040
1040
1049
1064
1041
1052
1039
1050
1069
1040
1051
1040
1062
1040
1042
1040
1039
1064
1063
1040
1040
1041
1078
1039
1059
1038
1041
1040
1047
1061
1040
1082
1040
1039
1040
1040
1070
1041
1049
1040
1040
1057
1040
1049
1040
1040
1040
1040
1050
1040
1078
1056
1040
1040
1040
1060
1040
1175
1040
1067
1039
1055
1039
1056
1061
1040
1060
1040
1040
1041
1113
1055
1041
1050
1040
1052
1057
1049
1040
1039
1052
1081
1070
1086
1169
1041
1068
1041
1040
1040
1057
1047
1040
1083
1040
1074
1040
1039
1058
1040
1062
1059
1040
1039
1042
1091
1040
1065
1039
1041
1040
1058
1049
1061
1062
1039
1040
1040
1040
1063
1040
1049
1040
1050
1055
1040
1044
1040
1052
1040
1077
1040
1040
1040
1057
1063
1039
1051
1040
1040
1047
1039
1055
1039
1040
1040
1040
1039
1040
1062
1049
1041
1040
1040
1061
1041
1051
1039
1040
1041
1040
1068
1040
1070
1040
1061
1041
1040
1041
1050
1068
1039
1041
1055
1040
1040
1040
1051
1040
1051
1039
1040
1049
1040
1061
1040
1040
1040
1041
1040
1040
1051
1055
1040
1040
1041
1039
1039
1064
1041
1040
1040
1056
1061
1040
1050
1040
1041
1050
1040
1051
1040
1074
1041
1040
1040
1040
1065
1049
1052
1040
1039
1056
1039
1062
1045
1055
1042
1051
1040
1040
1051
1039
1067
1039
1039
1041
1067
1041
1040
1062
1110
1079
1041
1095
1039
1041
1040
1041
1061
1040
1068
1039
1040
1077
1040
1154
1040
1064
1040
1066
1041
1040
1041
1083
1065
1040
1052
1040
1040
1040
1039
1051
1040
1054
1041
1040
1041
1039
1065
1085
1050
1039
1040
1040
1041
1053
1040
1050
1040
1060
1040
1054
1060
1138
1053
1040
1041
1040
1040
1053
1040
1053
1045
1041
1040
1040
1081
1040
1075
1040
1039
1050
1050
1064
1040
1063
1039
1039
1068
1040
1054
1040
1067
1040
1040
1040
1040
1067
1040
1053
1040
1050
1040
1040
1054
1040
1059
1051
1049
1040
1040
1068
1039
1053
1041
1040
1040
1058
1053
1040
1040
1044
1052
1054
1041
1063
1040
1058
1040
1040
1064
1044
1054
1041
1038
1039
1050
1070
1040
1040
1039
1044
1066
1040
1053
1039
1040
1059
1040
1055
1052
1070
1040
1041
1040
1043
1063
1040
1054
1040
1045
1040
1040
1052
1040
1060
1040
1041
1040
1040
1104
1040
1050
1039
1040
1040
1060
1055
1040
1052
1057
1040
1040
1040
1052
1040
1058
1040
1040
1070
1050
1054
1042
1040
1040
1040
1070
1040
1049
1040
1040
1040
1040
1044
1058
1063
1041
1068
1041
1039
1050
1053
1056
1040
1056
1041
1039
1041
1050
1051
1040
1051
1121
1065
1040
1265
1046
1039
1061
1040
1064
1040
1066
1039
1041
1040
1040
1063
1040
1040
1040
1040
1066
1040
1062
1040
1039
1039
1041
1062
1040
1040
1060
1040
1067
1041
1054
1041
1040
1039
1040
1048
1061
1064
1040
1040
1040
1040
1056
1039
1051
1085
1055
1039
1041
1050
1039
1059
1040
1051
1039
1083
1059
1041
1049
1041
1050
1063
1040
1051
1040
1081
1041
1040
1050
1041
1039
1041
1041
1053
1051
1101
1040
1040
1041
1040
1056
1040
1041
1040
1040
1110
1040
1051
1051
1040
1040
1040
1057
1039
1040
1080
1041
1040
1040
1050
1040
1040
1049
1041
1052
1081
1058
1040
1040
1158
1041
1067
1040
1040
1040
1081
1063
1040
1058
1041
1040
1041
1040
1055
1040
1071
1041
1040
1040
1045
1056
1046
1071
1043
1041
1040
1040
1053
1039
1058
1040
1040
1041
1040
1078
1040
1072
1041
1039
1039
1045
1056
1039
1061
1059
1040
1040
1041
1128
1040
1051
1040
1069
1061
1040
1040
1040
1049
1040
1075
1061
1052
1040
1071
1266
1042
1081
1040
1049
1040
1052
1041
1056
1041
1039
1069
1040
1039
1040
1040
1060
1040
1063
1041
1040
1039
1046
1051
1041
1050
1040
1040
1049
1041
1067
1040
1052
1040
1040
1046
1040
1051
1050
1040
1040
1042
1049
1041
1052
1040
1041
1040
1051
1053
1039
1040
1040
1039
1048
1040
1056
1040
1049
1040
1041
1064
1040
1040
1040
1040
1062
1040
1067
1039
1039
1040
1045
1053
1039
1039
1040
1039
1080
1040
1059
1039
1040
1040
1041
1064
1041
1055
1041
1040
1040
1040
1047
1040
1061
1041
1041
1041
1054
1066
1041
1040
1040
1040
1061
1051
1055
1058
1040
1040
1041
1051
1051
1051
1044
1040
1041
1059
1051
1040
1064
1040
1041
1040
1039
1067
1039
1058
1040
1039
1061
1041
1061
1040
1040
1040
1039
1065
1039
1068
1041
1040
1041
1040
1065
1039
1075
1041
1041
1040
1041
1051
1039
1066
1041
1040
1060
1040
1052
1050
1052
1040
1040
1041
1040
1052
1082
1051
1040
1040
1040
1040
1054
1051
1051
1040
1062
1038
1040
1052
1049
1054
1039
1040
1039
1040
1073
1051
1051
1042
1040
1039
1040
1052
1040
1093
1041
1040
1040
1040
1074
1040
1051
1039
1041
1082
1040
1071
1039
1075
1040
1040
1038
1039
1072
1042
1052
1039
1040
1040
1040
1050
1040
1040
1040
1041
1040
1049
1064
1039
1052
1040
1040
1039
1082
1054
1040
1040
1039
1088
1040
1050
1063
1041
1094
1040
1040
1041
1051
1053
1040
1040
1040
1040
1041
1040
1065
1041
1041
1039
1040
1062
1039
1078
1040
1052
1041
1039
1050
1041
1051
1040
1041
1040
1039
1061
1040
1229
1042
1051
1040
1041
1040
1040
1054
1040
1051
1040
1053
1072
1040
1040
1216
1049
1040
1079
1040
1040
1054
1041
1055
1042
1059
1040
1041
1039
1041
1055
1041
1055
1040
1040
1040
1040
1046
1054
1049
1041
1041
1040
1040
1075
1052
1063
1041
1041
1040
1041
1065
1058
1039
1080
1039
1048
1040
1055
1054
1039
1058
1041
1057
1076
1040
1054
1040
1052
1041
1040
1040
1040
1054
1070
1062
1039
1040
1040
1040
1079
1040
1040
1045
1072
1051
1041
1049
1040
1040
1039
1040
1049
1040
1063
1041
1044
