1386
1394
1402
1397
1429
1419
1398
1400
1386
1396
1412
1444
1387
1398
1385
1386
1384
1399
1393
1390
1386
1399
1384
1398
1386
1386
1400
1386
1414
1418
1403
1385
1406
1386
1410
1385
1400
1405
1398
1385
1434
1385
1398
1385
1404
1404
1398
1386
1408
1386
1396
1391
1410
1386
1398
1385
1407
1399
1399
1391
1404
1387
1409
1387
1406
1385
1397
1391
1405
1386
1409
1386
1385
1386
1399
1386
1387
1387
1404
1386
1398
1385
1386
1385
1386
1395
1403
1407
1386
1407
1386
1403
1390
1397
1387
1410
1386
1409
1386
1404
1391
1397
1386
1419
1386
1397
1386
1405
1389
1396
1391
1428
1387
1434
1400
1386
1390
1386
1389
1400
1385
1385
1386
1385
1409
1399
1401
1405
1412
1387
1396
1401
1416
1385
1398
1404
1408
1386
1481
1391
1406
1386
1414
1408
1395
1385
1409
1385
1409
1387
1386
1406
1385
1386
1389
1386
1385
1390
1386
1415
1387
1385
1386
1386
1387
1403
1385
1408
1386
1408
1386
1411
1386
1407
1386
1407
1387
1399
1386
1406
1436
1395
1387
1406
1385
1404
1398
1397
1689
1386
1385
1386
1395
1386
1403
1385
1398
1386
1413
1385
1402
1385
1411
1388
1439
1386
1410
1384
1398
1384
1403
1386
1440
1398
1386
1386
1386
1399
1386
1404
1426
1387
1387
1411
1385
1396
1387
1408
1386
1394
1399
1395
1385
1400
1387
1395
1401
1412
1385
1398
1385
1405
1390
1396
1385
1410
1385
1412
1385
1386
1386
1385
1386
1397
1385
1386
1386
1387
1386
1386
1386
1384
1398
1390
1399
1385
1395
1385
1397
1387
1396
1386
1403
1385
1394
1385
1406
1385
1396
1386
1403
1387
1396
1387
1406
1404
1397
1387
1407
1385
1400
1387
1410
1404
1392
1386
1411
1385
1394
1387
1409
1386
1394
1389
1415
1386
1407
1399
1386
1387
1385
1386
1387
1386
1385
1385
1386
1386
1393
1457
1386
1395
1385
1398
1387
1426
1405
1400
1385
1407
1385
1394
1385
1415
1405
1395
1386
1411
1386
1394
1386
1392
1398
1393
1386
1404
1386
1398
1386
1402
1386
1394
1386
1392
1386
1408
1386
1396
1386
1413
1386
1403
1385
1395
1384
1406
1387
1414
1385
1404
1386
1392
1385
1393
1385
1403
1385
1397
1386
1410
1386
1386
1386
1386
1396
1386
1387
1386
1385
1387
1399
1386
1426
1384
1386
1401
1398
1386
1403
1386
1440
1388
1418
1402
1401
1385
1409
1385
1687
1386
1385
1431
1385
1481
1385
1404
1390
1400
1399
1402
1386
1455
1387
1385
1385
1386
1384
1386
1386
1386
1385
1385
1386
1386
1386
1389
1398
1386
1404
1386
1398
1386
1409
1386
1396
1385
1407
1387
1405
1387
1398
1386
1399
1385
1387
1386
1387
1386
1385
1386
1386
1386
1399
1401
1386
1404
1387
1399
1386
1395
1402
1400
1386
1398
1387
1402
1385
1396
1409
1406
1386
1400
1387
1403
1384
1393
1408
1414
1387
1397
1386
1405
1386
1397
1385
1408
1386
1401
1390
1407
1387
1395
1387
1431
1386
1398
1390
1396
1386
1413
1386
1422
1385
1406
1390
1406
1385
1408
1385
1422
1391
1406
1386
1395
1385
1561
1402
1410
1397
1386
1409
1386
1393
1386
1399
1412
1397
1400
1419
1392
1396
1386
1385
1404
1399
1386
1392
1401
1385
1396
1386
1425
1385
1398
1388
1433
1385
1396
1387
1404
1387
1397
1387
1399
1386
1404
1387
1394
1385
1401
1385
1409
1387
1397
1385
1387
1469
1581
1414
1386
1395
1435
1407
1398
1436
1386
1401
1403
1400
1391
1702
1387
1385
1410
1386
1396
1399
1400
1386
1420
1389
1397
1423
1386
1430
1390
1386
1425
1403
1386
1414
1385
1448
1387
1396
1419
1418
1386
1395
1386
1444
1401
1406
1401
1397
1389
1385
1387
1428
1386
1387
1401
1386
1397
1386
1396
1430
1399
1386
1420
1385
1398
1385
1404
1425
1397
1386
1433
1386
1397
1386
1405
1385
1401
1388
1423
1385
1385
1385
1400
1397
1387
1385
1386
1387
1386
1420
1386
1396
1386
1402
1385
1398
1386
1406
1386
1397
1398
1403
1386
1394
1386
1395
1399
1404
1430
1385
1386
1403
1392
1386
1386
1386
1404
1398
1386
1402
1391
1387
1393
1399
1425
1386
1395
1402
1396
1386
1406
1385
1417
1386
1411
1401
1396
1385
1401
1387
1440
1387
1395
1400
1385
1386
1415
1385
1451
1386
1386
1396
1385
1386
1825
1397
1399
1398
1387
1401
1386
1404
1386
1397
1399
1394
1386
1414
1385
1386
1386
1386
1398
1390
1386
1391
1393
1386
1411
1385
1408
1387
1392
1390
1413
1386
1396
1386
1460
1386
1395
1385
1400
1385
1395
1385
1410
1385
1405
1386
1385
1386
1388
1424
1391
1531
1385
1439
1402
1397
1386
1399
1390
1396
1411
1399
1424
1385
1386
1385
1385
1397
1387
1387
1396
1401
1405
1386
1401
1386
1399
1385
1400
1386
1396
1386
1415
1385
1397
1386
1394
1386
1396
1401
1395
1385
1428
1385
1397
1384
1395
1402
1405
1397
1415
1386
1408
1386
1395
1413
1409
1397
1446
1401
1386
1415
1386
1401
1387
1385
1399
1385
1385
1386
1386
1386
1416
1397
1387
1408
1386
1396
1387
1406
1401
1396
1385
1449
1386
1396
1385
1406
1401
1406
1386
1463
1386
1395
1387
1418
1402
1397
1386
1449
1386
1398
1387
1409
1385
1396
1396
1405
1386
1404
1387
1397
1396
1424
1385
1399
1427
1410
1396
1397
1386
1423
1386
1397
1434
1406
1386
1396
1385
1434
1385
1399
1427
1386
1386
1396
1386
1385
1386
1386
1386
1389
1385
1386
1386
1386
1386
1399
1388
1414
1407
1393
1422
1386
1398
1396
1407
1385
1409
1386
1540
1386
1386
1397
1396
1386
1385
1385
1385
1402
1534
1407
1466
1397
1395
1407
1385
1429
1385
1397
1405
1412
1385
1396
1386
1416
1385
1386
1386
1386
1386
1397
1386
1385
1403
1386
1395
1390
1410
1385
1407
1385
1421
1395
1398
1386
1406
1385
1415
1386
1386
1389
1399
1395
1386
1399
1394
1404
1385
1408
1386
1398
1386
1399
1386
1395
1385
1396
1386
1405
1396
1401
1385
1395
1403
1402
1396
1437
1386
1414
1387
1397
1401
1410
1386
1438
1387
1385
1386
1387
1402
1386
1396
1436
1385
1385
1384
1385
1386
1386
1385
1400
1386
1386
1386
1386
1385
1386
1411
1387
1406
1386
1405
1387
1407
1385
1413
1387
1404
1386
1410
1396
1398
1386
1399
1385
1431
1395
1420
1385
1396
1401
1401
1396
1459
1385
1416
1401
1386
1391
1386
1405
1413
1398
1386
1399
1386
1400
1386
1404
1408
1398
1386
1408
1385
1402
1386
1405
1409
1399
1385
1407
1388
1397
1386
1396
1385
1413
1387
1397
1387
1407
1385
1386
1387
1386
1387
1386
1386
1386
1390
1386
1386
1409
1386
1386
1388
1386
1664
1386
1400
1409
1399
1387
1405
1386
1417
1386
1404
1411
1399
1387
1396
1385
1412
1387
1399
1407
1405
1385
1398
1388
1413
1387
1398
1386
1407
1387
1399
1387
1411
1390
1397
1384
1429
1385
1396
1386
1408
1390
1398
1387
1427
1385
1399
1385
1406
1392
1399
1386
1418
1385
1398
1386
1647
1389
1386
1401
1408
1400
1385
1410
1388
1399
1393
1474
1458
1397
1386
1386
1386
1400
1386
1392
1393
1385
1386
1387
1387
1394
1385
1386
1402
1386
1416
1386
1398
1386
1406
1385
1399
1385
1419
1386
1399
1385
1407
1386
1407
1386
1409
1385
1399
1387
1385
1384
1388
1400
1385
1386
1384
1388
1386
1398
1386
1394
1385
1397
1399
1396
1386
1396
1386
1410
1399
1395
1386
1397
1401
1408
1386
1414
1385
1409
1386
1404
1403
1411
1386
1417
1386
1399
1387
1386
1402
1401
1386
1416
1411
1385
1385
1386
1437
1386
1397
1407
1406
1386
1410
1386
1412
1386
1395
1385
1394
1386
1398
1385
1407
1385
1397
1387
1413
1386
1394
1397
1398
1385
1405
1384
1398
1386
1387
1387
1386
1387
1396
1386
1398
1390
1386
1395
1386
1397
1386
1409
1398
1395
1419
1409
1387
1395
1386
1426
1386
1386
