1753
1731
1746
1752
1876
1748
1732
1746
1747
1732
1754
1771
1742
1750
1732
1751
1748
1731
1747
1731
1750
1745
1736
1749
1732
2001
1765
1737
1749
1765
1736
1774
1741
1731
1746
1732
1783
1732
1752
1745
1731
1751
1732
1738
1753
1761
1747
1731
1742
1745
1749
1754
1752
1731
1751
1744
1745
1737
1749
1762
1745
1753
1731
1746
1753
1745
1765
1732
1752
1743
1732
1745
1733
1753
1756
1732
1751
1732
1730
1753
1736
1751
1733
1732
1770
1731
1743
1732
1731
1744
1732
1752
1731
1732
1757
1731
1741
1732
1750
1750
1749
1746
1732
1748
1741
1735
1742
1773
1745
1755
1731
1741
1755
1746
1786
1731
1757
1742
1731
1753
1731
1775
1752
1732
1743
1731
1736
1756
1771
1749
1733
1741
1763
1736
1744
1775
1731
1754
1731
1747
1736
1732
1786
1732
1742
1732
1773
1768
1763
1783
1731
1741
1745
1732
1754
1734
1732
1747
1732
1744
1737
1731
1748
1731
1749
1743
1734
1756
1732
1742
1748
1732
1879
1733
1736
1757
1750
1750
1733
1746
2032
1741
1767
1741
1785
1732
1751
2070
1797
1743
1733
1771
1755
1784
1744
1738
1730
1741
1731
1742
1740
1731
1744
1731
1742
1731
1732
1753
1733
1746
1733
1731
1742
1731
1775
1732
1733
1739
1736
1740
1731
1767
1749
1732
1743
1731
1749
1732
1749
1738
1731
1745
1731
1732
1743
1732
1755
1740
1732
1757
1732
1742
1732
1732
1744
1731
1744
1732
1731
1737
1732
1754
1731
1735
1737
1732
1741
1731
1731
1741
1731
1756
1732
1731
1751
1731
1746
1732
1731
1742
1731
1750
1732
1730
1739
1749
1743
1733
1731
1753
1730
1742
1732
1775
1741
1733
1755
1731
1741
1744
1747
1745
1731
1735
1755
1732
1755
1751
1732
1758
1737
1753
1730
1733
1765
1767
1751
1743
1732
1756
1730
1776
1756
1732
1745
1731
1733
1748
1736
1753
1732
1732
1753
1743
1744
1731
1731
1740
1741
1750
1732
1733
1739
1743
1754
1745
1731
1765
1731
1745
1751
1731
1743
1731
1759
1746
1731
1761
1731
1745
1736
1733
1778
1732
1752
1744
1732
1763
1732
1765
1749
1759
1752
1732
1733
1751
1755
1750
1732
1731
1750
1731
1741
1756
1731
1741
1742
1753
1731
1730
1773
1742
1744
1731
1732
1742
1742
1904
1731
1851
1758
1731
1731
1742
1741
1808
1771
1731
1752
1732
2118
1743
1733
1761
1733
1731
1754
1774
1751
1733
1740
1859
1795
1767
1733
1742
1772
1731
1891
1758
1739
1745
1746
1771
1731
1731
1740
1747
1743
1748
1747
1741
1733
1745
1731
1732
1748
1744
1745
1732
1732
1754
1733
1746
1733
1730
1761
1732
1761
1731
1751
1755
1731
1746
1814
1743
1761
1748
1732
1750
1847
1746
1732
1730
1799
1746
1742
1741
1732
1760
1737
1774
1742
1732
1764
1731
1730
1785
1738
1742
1732
1732
1740
1731
1756
1733
1732
1743
1731
1760
1732
1732
1749
1731
1762
1732
1731
1742
1731
1771
1730
1744
1745
1731
1752
1732
1744
1731
1732
1753
1731
1751
1732
1733
1740
1731
1767
1732
1737
1743
1735
1744
1735
1733
1932
1731
1738
1794
1919
1780
1782
1731
1746
1749
1731
1754
1732
1754
1810
1732
1770
1732
1752
1755
1731
1747
1732
1737
1750
1737
1841
1743
1732
1767
1731
1755
1750
1732
1743
1734
1768
1744
1732
1745
1733
1744
1749
1750
1744
1732
1758
1742
1730
1753
1750
2042
1826
1759
1745
1744
1731
1750
1741
1744
1764
1731
1789
1733
1748
1746
1732
1738
1732
1743
1747
1731
1753
1755
1731
1749
1752
1743
1731
1731
1782
1741
1741
1737
1732
1740
1742
1768
1732
1731
1756
1731
1741
1732
1750
1748
1732
1740
1731
1732
1755
1749
1874
1749
1839
1761
1732
1732
1752
1732
1893
1760
1740
1742
1767
1732
1739
1764
1745
1746
1730
1765
1731
1740
1756
1729
1737
1730
1777
1731
1731
1749
1734
1755
1759
1751
1744
1732
1745
1741
1732
1746
1750
1742
1744
1731
1754
1731
1755
1772
1731
1747
1731
1732
1741
1732
1759
1731
1736
1740
1732
1739
1748
1731
1740
1738
1749
1746
1731
1742
1730
1737
1742
1732
1743
1732
1750
1741
1731
1745
1733
1740
1732
1774
1748
1732
1766
1748
1731
1755
1773
1740
1741
1732
1742
1730
1741
1781
1733
1756
1732
1742
1747
1731
1780
1731
1732
1744
1731
1754
1732
1779
1753
1731
1740
1744
1748
1742
1774
1739
1741
1750
1740
1731
1753
1782
1741
1756
1732
1744
1731
1751
1772
1730
1742
1731
1741
1730
1730
1794
1733
1772
1739
1732
1741
1731
1778
1743
1748
1765
1732
1742
1730
1747
1733
1750
1731
1811
1745
1733
1752
1732
1740
1741
1742
1742
1732
1731
1742
1778
1740
1783
1731
1753
1744
1744
1746
1732
1759
1742
1756
1743
1731
1749
1732
1762
1749
1732
1745
1743
1748
1731
1750
1760
1733
1748
1731
1732
1743
1754
1753
1732
1730
1763
1731
1746
1751
1733
1757
1736
1761
1732
1731
1775
1730
1747
1733
1732
1741
1731
1766
1731
1736
1746
1732
1739
1731
1759
1759
1731
2059
1732
1835
1750
1752
1731
1757
1732
1795
1746
1731
1760
1732
1754
1732
1857
1754
1765
1743
1761
1732
1760
1732
1731
1785
1731
1764
1732
1736
1747
1733
1759
1731
1732
1738
1730
1744
1732
1753
1739
1747
1744
1742
1732
1739
1762
1731
1740
1732
1745
1733
1731
1758
1731
1740
1746
1732
1740
1731
1761
1732
1732
1749
1731
1749
1731
1733
1738
1732
1755
1747
1732
1742
1731
1752
1731
1732
1760
1731
1762
1732
1732
1743
1731
1760
1731
1769
1744
1732
1748
1732
1732
1748
1765
1744
1731
1731
1745
1744
1746
1750
1731
1748
1746
1746
1732
1731
1762
1744
1747
1731
1751
1750
1731
1767
1855
1733
1752
1733
1743
1731
1764
1752
1769
1747
1731
1733
1760
1756
1747
1731
1732
1760
1730
1742
1750
1731
1749
1732
1744
1731
1731
1759
1731
1749
1744
1746
1749
1731
1732
1756
1744
1744
1732
1732
1762
1731
1743
1732
1731
1740
1731
1760
1754
1731
1761
1731
1733
1739
1751
1761
1730
1731
1747
1732
1752
1750
1731
1742
1732
1745
1733
1736
1768
1733
1744
1732
1731
1742
1749
1771
1732
1732
1740
1746
1747
1731
1750
1746
1747
1743
1731
1732
1740
1759
1743
1731
1856
1754
1833
1848
1745
1732
1766
1730
1759
1752
1794
1754
1732
1732
1740
1733
1765
1773
1731
1750
1740
1739
1750
1731
1790
1732
1749
1743
1731
1738
1743
1789
1733
1731
1739
1744
1740
1731
1773
1742
1744
1741
1731
1732
1739
1769
1751
1731
1731
1740
1745
1738
1771
1732
1739
1732
1759
1730
1742
1800
1732
1741
1733
1750
1745
1731
1784
1731
1747
1749
1731
1746
1732
1782
1744
1732
1749
1732
1740
1744
1772
1751
1731
1743
1744
1731
1738
1775
1741
1731
1732
1740
1732
1742
1773
1735
1741
1731
1751
1732
1733
1783
1732
1765
1731
1731
1752
1731
1792
1733
1736
1739
1732
1756
1731
1791
1743
1732
1751
1732
1731
1746
1793
1739
1734
1731
1738
1744
1739
1751
1732
1737
1731
1749
1731
1731
1769
1743
1738
1732
1750
1732
1747
1768
1732
1740
1732
1747
1743
1731
1768
1731
1731
1744
1734
1744
1748
1732
1744
1732
1752
1743
1731
1751
1731
1743
1749
1732
1745
1733
1757
1744
1731
1751
1731
1742
1744
1768
1744
1731
1753
1741
1732
1756
1766
1743
1751
1731
1751
1733
1744
1771
1732
1759
1731
1743
1732
1736
1782
1731
1764
1732
1733
1748
1731
1796
1732
1732
1886
1730
1742
1744
1777
1751
1732
1731
1742
1735
1749
2122
1731
1876
1732
1741
1753
1751
1732
1741
1737
1764
1732
1730
1780
1730
1741
1731
1733
1748
1732
1762
1732
1731
1742
1733
1753
1732
1751
1749
1730
1748
1732
1731
1742
1751
1757
1731
1731
1745
1732
1746
1752
1731
1750
1732
1748
1732
1731
1790
1733
1740
1733
1730
1755
1731
1790
1731
