2078
2097
2088
2146
2115
2140
2077
2077
2091
2079
2077
2091
2087
2078
2089
2093
2077
2095
2089
2106
2076
2096
2077
2078
2095
2087
2078
2111
2093
2078
2094
2087
2078
2077
2095
2078
2077
2089
2094
2077
2084
2095
2078
2092
2094
2087
2127
2093
2088
2120
2081
2117
2384
2077
2086
2135
2078
2090
2092
2086
2077
2093
2085
2110
2078
2088
2076
2091
2096
2117
2077
2106
2090
2078
2099
2139
2077
2077
2091
2077
2078
2131
2097
2078
2091
2087
2077
2114
2096
2077
2078
2103
2105
2097
2088
2092
2083
2076
2089
2109
2078
2097
2086
2078
2092
2100
2077
2078
2087
2078
2077
2093
2087
2077
2100
2086
2079
2108
2087
2079
2078
2091
2080
2088
2089
2087
2079
2096
2090
2098
2098
2089
2077
2078
2089
2106
2078
2125
2095
2078
2092
2092
2077
2079
2098
2078
2079
2102
2085
2078
2097
2088
2111
2089
2092
2077
2077
2089
2087
2079
2084
2089
2077
2092
2087
2077
2077
2094
2076
2078
2097
2088
2078
2103
2087
2077
2078
2094
2077
2077
2077
2103
2125
2105
2098
2507
2079
2098
2088
2077
2076
2095
2090
2127
2090
2103
2076
2087
2089
2078
2077
2113
2087
2078
2091
2085
2077
2077
2087
2077
2076
2087
2090
2077
2087
2091
2076
2087
2094
2079
2088
2091
2093
2094
2086
2089
2077
2099
2088
2092
2094
2100
2076
2077
2085
2103
2077
2083
2089
2086
2090
2115
2079
2108
2095
2077
2078
2123
2077
2078
2088
2099
2087
2110
2094
2079
2100
2107
2076
2093
2105
2082
2078
2113
2097
2095
2335
2096
2084
2076
2087
2092
2078
2094
2088
2078
2095
2089
2078
2078
2091
2091
2076
2095
2079
2086
2096
2092
2078
2107
2088
2079
2099
2098
2078
2083
2091
2078
2088
2101
2096
2082
2100
2088
2078
2107
2100
2086
2077
2095
2088
2099
2101
2083
2087
2100
2088
2103
2101
2103
2076
2095
2086
2111
2098
2089
2076
2097
2087
2102
2077
2090
2077
2077
2093
2101
2088
2097
2088
2077
2107
2142
2076
2089
2102
2076
2076
2107
2107
2099
2077
2103
2088
2123
2089
2124
2077
2082
2101
2096
2086
2123
2078
2079
2093
2112
2079
2105
2088
2090
2099
2112
2078
2102
2088
2077
2077
2143
2078
2094
2086
2098
2077
2107
2088
2092
2092
2106
2077
2106
2101
2078
2077
2089
2078
2096
2104
2078
2080
2090
2086
2098
2092
2101
2078
2092
2094
2092
2092
2088
2165
2089
2126
2150
2076
2108
2094
2077
2078
2124
2077
2077
2093
2089
2077
2113
2093
2090
2114
2090
2082
2097
2110
2077
2108
2092
2166
2077
2094
2076
2106
2091
2094
2076
2098
2089
2083
2085
2093
2089
2078
2100
2084
2091
2093
2084
2079
2098
2098
2077
2078
2102
2078
2077
2085
2087
2082
2087
2089
2077
2086
2104
2077
2091
2090
2077
2077
2196
2100
2098
2088
2100
2171
2078
2089
2102
2092
2087
2132
2077
2095
2140
2084
2077
2089
2078
2076
2129
2091
2078
2105
2107
2078
2125
2090
2076
2077
2108
2077
2121
2097
2097
2079
2095
2090
2124
2078
2095
2084
2078
2091
2135
2078
2089
2098
2078
2088
2132
2077
2078
2104
2078
2079
2131
2093
2076
2090
2096
2078
2110
2097
2082
2090
2093
2078
2076
2090
2076
2076
2089
2099
2076
2083
2089
2079
2102
2092
2082
2078
2095
2077
2079
2098
2100
2077
2100
2088
2078
2082
2097
2089
2077
2091
2087
2089
2104
2096
2078
2104
2096
2080
2098
2117
2184
2172
2146
2096
2077
2087
2104
2078
2112
2107
2088
2077
2091
2087
2126
2089
2086
2077
2094
2087
2117
2078
2090
2076
2078
2097
2128
2087
2100
2087
2076
2100
2126
2078
2077
2098
2077
2079
2100
2078
2076
2102
2094
2077
2088
2324
2076
2084
2100
2096
2122
2090
2095
2127
2103
2554
2161
2076
2182
2092
2100
2083
2106
2093
2086
2078
2088
2078
2096
2106
2093
2076
2093
2088
2095
2091
2095
2077
2105
2090
2096
2082
2096
2076
2077
2093
2096
2077
2098
2098
2077
2091
2116
2080
2101
2096
2077
2091
2119
2093
2076
2090
2097
2079
2108
2093
2092
2077
2089
2077
2090
2089
2111
2077
2092
2089
2088
2089
2116
2076
2091
2097
2088
2090
2088
2078
2079
2099
2087
2078
2092
2087
2076
2094
2101
2077
2096
2092
2078
2095
2099
2077
2078
2093
2088
2077
2100
2216
2093
2098
2087
2096
2138
2086
2076
2078
2099
2092
2119
2091
2096
2076
2091
2093
2108
2100
2093
2077
2078
2097
2079
2078
2087
2108
2083
2089
2098
2082
2084
2100
2079
2078
2107
2089
2077
2091
2101
2081
2107
2098
2078
2079
2104
2079
2089
2089
2096
2098
2214
2088
2078
2076
2106
2077
2089
2089
2093
2089
2090
2091
2090
2087
2095
2076
2077
2092
2088
2078
2091
2077
2078
2093
2099
2077
2092
2090
2077
2076
2110
2077
2077
2089
2091
2077
2090
2160
2083
2089
2084
2078
2092
2086
2080
2078
2089
2077
2083
2089
2094
2077
2090
2094
2079
2089
2102
2077
2078
2100
2078
2079
2093
2076
2078
2084
2078
2077
2085
2084
2078
2096
2084
2077
2091
2092
2078
2086
2094
2078
2076
2096
2078
2077
2089
2087
2077
2081
2095
2078
2087
2095
2077
2091
2084
2083
2087
2105
2076
2078
2094
2076
2078
2108
2078
2076
2090
2077
2079
2101
2088
2078
2083
2092
2078
2095
2084
2078
2151
2088
2102
2127
2098
2087
2077
2167
2092
2106
2078
2088
2096
2115
2090
2111
2076
2089
2085
2076
2076
2109
2076
2077
2087
2079
2087
2104
2089
2076
2103
2090
2077
2112
2099
2077
2077
2088
2077
2093
2085
2078
2077
2090
2077
2096
2094
2096
2079
2089
2095
2104
2087
2141
2077
2081
2098
2104
2078
2097
2087
2079
2092
2107
2087
2078
2081
2078
2090
2103
2104
2077
2078
2093
2089
2127
2089
2089
2077
2083
2092
2118
2078
2095
2077
2082
2093
2120
2078
2092
2093
2081
2087
2119
2078
2087
2094
2091
2077
2096
2077
2091
2099
2078
2078
2123
2110
2078
2098
2087
2092
2095
2092
2079
2092
2092
2077
2097
2097
2089
2077
2096
2099
2095
2076
2086
2091
2077
2087
2089
2077
2107
2087
2077
2094
2111
2077
2097
2086
2092
2077
2095
2088
2092
2086
2085
2077
2098
2089
2076
2094
2085
2078
2080
2091
2078
2090
2095
2089
2088
2106
2088
2077
2084
2101
2093
2077
2096
2094
2078
2093
2106
2086
2091
2096
2077
2077
2117
2089
2077
2366
2093
2179
2097
2090
2089
2077
2128
2101
2229
2089
2087
2076
2102
2090
2086
2076
2100
2097
2079
2094
2110
2077
2090
2097
2081
2098
2102
2081
2078
2107
2077
2077
2102
2097
2078
2095
2089
2085
2094
2090
2078
2090
2107
2078
2078
2093
2087
2077
2099
2088
2087
2096
2087
2077
2109
2086
2083
2078
2099
2088
2077
2089
2112
2078
2091
2090
2077
2084
2104
2087
2077
2106
2088
2077
2116
2100
2076
2092
2088
2079
2077
2091
2078
2077
2095
2089
2080
2100
2088
2078
2096
2087
2089
2077
2087
2077
2082
2092
2085
2077
2217
2092
2082
2077
2092
2079
2114
2098
2090
2077
2100
2090
2078
2088
2101
2077
2077
2092
2077
2077
2089
2078
2076
2088
2084
2078
2102
2087
2077
2082
2093
2079
2082
2090
2093
2079
2097
2096
2082
2080
2088
2087
2078
2087
2082
2078
2090
2095
2078
2087
2095
2077
2097
2094
2078
2079
2092
2076
2078
2102
2085
2078
2099
2094
2077
2077
2085
2079
2079
2092
2087
2093
2088
2088
2097
2095
2085
2077
2076
2369
2090
2096
2134
2096
2078
2077
2153
2092
2273
2094
2536
2077
2092
2087
2098
2077
2092
2087
2085
2078
2093
2077
2078
2087
2082
2076
2087
2094
2078
2094
2094
2078
2080
2093
2077
2082
2089
2078
2078
2088
2089
2078
2090
2086
2079
2093
2087
2077
2100
2088
2080
2095
2087
2077
2082
2086
2079
2078
2089
2077
2081
2087
2092
2076
2090
2092
2086
2087
2094
2078
2077
2094
2077
2076
2092
2077
2076
