2439
2450
2433
2583
2434
2423
2433
2436
2477
2422
2424
2447
2451
2424
2423
2444
2432
2450
2424
2451
2436
2434
2425
2432
2453
2433
2445
2433
2438
2445
2455
2424
2423
2447
2446
2449
2425
2422
2441
2446
2467
2455
2440
2444
2535
2466
2459
2422
2443
2488
2438
2466
2447
2443
2463
2422
2472
2433
2442
2434
2439
2438
2434
2448
2423
2439
2443
2484
2423
2423
2431
2450
2485
2424
2423
2435
2448
2423
2429
2434
2441
2448
2426
2443
2433
2450
2423
2439
2435
2434
2437
2433
2456
2433
2444
2428
2423
2456
2435
2443
2422
2437
2439
2456
2424
2435
2432
2440
2452
2423
2480
2435
2449
2422
2423
2478
2446
2433
2424
2468
2435
2434
2422
2444
2456
2432
2476
2435
2423
2434
2436
2462
2423
2446
2609
2461
2477
2422
2447
2437
2451
2434
2425
2440
2431
2464
2423
2424
2440
2445
2436
2424
2435
2456
2432
2433
2455
2436
2444
2431
2436
2439
2431
2449
2436
2424
2438
2444
2449
2423
2423
2455
2446
2423
2423
2443
2437
2523
2422
2453
2423
2453
2488
2482
2423
2465
2448
2428
2424
2424
2466
2432
2471
2422
2427
2451
2442
2441
2423
2439
2430
2475
2424
2446
2430
2457
2444
2423
2451
2450
2431
2423
2437
2433
2431
2423
2438
2457
2438
2448
2435
2423
2454
2443
2423
2423
2429
2576
2434
2441
2423
2432
2440
2455
2424
2456
2433
2438
2446
2424
2457
2429
2438
2422
2431
2441
2442
2423
2422
2463
2432
2457
2423
2670
2464
2439
2454
2423
2422
2465
2436
2482
2423
2434
2435
2443
2424
2424
2448
2431
2458
2423
2461
2433
2437
2444
2423
2451
2437
2441
2424
2542
2435
2449
2436
2421
2467
2440
2664
2434
2435
2442
2440
2489
2436
2423
2454
2437
2466
2423
2422
2444
2457
2423
2439
2450
2436
2460
2424
2451
2438
2434
2424
2435
2434
2440
2471
2423
2462
2435
2466
2422
2424
2460
2445
2454
2423
2448
2441
2436
2422
2435
2435
2439
2440
2434
2461
2435
2438
2453
2422
2455
2444
2423
2423
2453
2452
2456
2423
2423
2460
2444
2440
2422
2448
2458
2433
2436
2425
2436
2439
2453
2423
2456
2436
2442
2440
2441
2448
2452
2422
2447
2450
2432
2442
2931
2464
2444
2440
2452
2436
2423
2444
2462
2451
2424
2439
2455
2439
2440
2423
2453
2431
2435
2422
2473
2433
2438
2445
2424
2460
2431
2436
2424
2433
2436
2444
2422
2442
2444
2572
2440
2427
2432
2433
2435
2444
2424
2431
2477
2444
2455
2423
2439
2483
2439
2439
2423
2454
2432
2422
2434
2448
2443
2435
2476
2441
2448
2445
2439
2462
2444
2442
2436
2427
2433
2493
2436
2449
2424
2443
2473
2424
2440
2449
2432
2439
2422
2422
2433
2433
2439
2442
2438
2432
2444
2425
2440
2434
2445
2424
2423
2442
2435
2436
2423
2565
2435
2452
2438
2504
2424
2442
2766
2437
2479
2422
2429
2451
2438
2424
2424
2431
2434
2490
2423
2450
2437
2446
2465
2424
2431
2445
2441
2464
2434
2438
2436
2424
2439
2436
2428
2439
2436
2423
2458
2434
2445
2423
2441
2456
2444
2423
2422
2453
2434
2443
2423
2446
2438
2434
2442
2424
2431
2431
2450
2434
2436
2441
2445
2422
2424
2436
2452
2431
2422
2455
2444
2438
2424
2436
2441
2443
2440
2437
2434
2440
2436
2435
2423
2434
2452
2436
2433
2441
2447
2437
2423
2433
2841
2440
2443
2435
2423
2440
2431
2453
2425
2424
2443
2442
2440
2436
2498
2471
2681
2425
2464
2438
2440
2423
2462
2443
2441
2423
2429
2452
2442
2440
2423
2440
2441
2433
2423
2424
2433
2444
2670
2423
2435
2432
2438
2475
2422
2453
2438
2973
2454
2434
2460
2434
2438
2471
2422
2424
2433
2435
2448
2422
2424
2428
2434
2423
2464
2438
2434
2444
2422
2459
2435
2436
2434
2424
2453
2439
2440
2424
2424
2561
2470
2438
2425
2423
2433
2478
2430
2423
2424
2431
2479
2423
2422
2439
2433
2436
2464
2425
2438
2431
2422
2465
2431
2436
2428
2424
2437
2449
2441
2422
2516
2549
2475
2438
2424
2422
2439
2467
2442
2422
2421
2433
2472
2423
2422
2441
2436
2431
2462
2434
2435
2435
2423
2490
2432
2430
2442
2423
2466
2437
2445
2440
2423
2433
2475
2428
2424
2423
2437
2486
2436
2439
2422
2438
2473
2435
2424
2436
2430
2439
2466
2424
2456
2443
2437
2465
2434
2440
2431
2423
2475
2429
2437
2444
2423
2423
2433
2450
2429
2421
2439
2481
2442
2422
2422
2449
2467
2439
2438
2434
2438
2432
2443
2423
2431
2433
2449
2465
2432
2459
2435
2442
2466
2435
2469
2433
2850
2463
2434
2449
2432
2540
2433
2450
2661
2433
2446
2435
2435
2432
2445
2435
2432
2436
2443
2425
2423
2446
2432
2423
2423
2431
2554
2448
2459
2424
2435
2435
2434
2424
2423
2437
2430
2435
2423
2443
2434
2430
2424
2424
2428
2446
2436
2424
2443
2431
2432
2427
2424
2431
2432
2447
2424
2434
2449
2436
2423
2423
2440
2432
2424
2423
2444
2447
2433
2423
2424
2430
2434
2423
2424
2435
2442
2437
2428
2423
2441
2436
2423
2423
2440
2478
2441
2423
2425
2445
2435
2435
2421
2598
2435
2458
2467
2423
2437
2468
2436
2501
2421
2441
2440
2441
2465
2423
2452
2431
2431
2434
2442
2431
2446
2436
2425
2452
2435
2460
2426
2434
2443
2439
2422
2424
2447
2434
2443
2428
2443
2433
2440
2436
2423
2444
2431
2441
2435
2456
2446
2447
2441
2425
2436
2444
2434
2426
2423
2449
2436
2451
2438
2422
2444
2443
2438
2424
2455
2439
2437
2423
2422
2455
2439
2432
2422
2439
2439
2437
2432
2436
2437
2436
2436
2440
2446
2437
2423
2437
2438
2455
2422
2450
2433
2437
2432
2423
2461
2436
2439
2437
2434
2434
2438
2439
2423
2452
2435
2465
2442
2440
2438
2450
2433
2437
2428
2434
2467
2433
2482
2423
2450
2455
2443
2425
2446
2443
2430
2424
2423
2436
2453
2445
2441
2446
2436
2452
2421
2443
2444
2443
2447
2428
2446
2442
2435
2423
2443
2436
2457
2444
2437
2429
2438
2451
2422
2424
2433
2452
2431
2423
2423
2559
2444
2452
2442
2423
2434
2512
2444
2745
2955
2423
2447
2439
2445
2434
2423
2433
2436
2454
2424
2447
2432
2440
2423
2424
2449
2432
2444
2422
2443
2440
2443
2434
2434
2448
2440
2444
2423
2428
2435
2449
2432
2423
2441
2443
2446
2423
2422
2434
2433
2441
2434
2440
2431
2444
2433
2429
2430
2431
2462
2421
2441
2474
2467
2427
2423
2451
2440
2432
2424
2442
2431
2432
2444
2425
2445
2431
2458
2423
2424
2446
2445
2446
2422
2434
2454
2436
2423
2443
2435
2440
2444
2435
2987
2436
2439
2447
2423
2424
2438
2437
2433
2428
2450
2434
2438
2423
2437
2435
2441
2433
2423
2443
2429
2451
2423
2422
2438
2445
2424
2423
2442
2439
2434
2422
2437
2445
2439
2424
2433
2431
2437
2439
2434
2437
2438
2437
2433
2424
2448
2431
2433
2423
2443
2442
2445
2423
2423
2447
2432
2434
2423
2445
2439
2431
2438
2422
2436
2435
2518
2423
2525
2439
2432
2433
2425
2505
2442
2457
2434
2435
2443
2434
2444
2446
2424
2471
2436
2462
2424
2424
2443
2433
2434
2422
2436
2437
2437
2424
2423
2438
2438
2432
2430
2425
2441
2449
2436
2432
2438
2454
2437
2423
2440
2442
2439
2467
2436
2424
2434
2457
2423
2423
2428
2436
2448
2424
2423
2440
2437
2424
2446
2430
2444
2436
2423
2441
2436
2444
2436
2424
2454
2441
2442
2423
2423
2438
2459
2423
2421
2437
2450
2453
2423
2435
2436
2437
2425
2422
2456
2443
2434
2425
2443
2433
2430
2443
2423
2454
2433
2441
2423
2428
2430
2442
2434
2422
2449
2434
2461
2422
2428
2444
2434
2469
2423
2430
2432
2442
2423
2446
2431
2446
2423
2421
2738
2446
2442
2439
2429
2440
2434
2437
2423
2439
2438
2435
2423
2422
2454
2439
2441
2424
2440
2430
2440
2424
2423
2456
