2781
2781
2793
2797
2822
2782
3003
2780
2775
2793
2769
2779
2811
2793
2784
2783
2769
2772
2768
3077
2803
2781
2946
2793
2825
2782
3272
2770
2772
2790
2777
2809
2783
2784
2778
2778
2770
2790
2788
2785
2784
2782
2819
2769
2770
2798
2782
2788
2779
2797
2799
2769
2781
2781
2786
2802
2787
2780
2783
2782
2786
2786
2794
2783
2791
2798
2770
2769
2786
2813
2784
2784
2796
2787
2785
2768
2779
2779
2786
2810
2787
2769
2783
2769
2797
2794
2780
2815
2778
2781
2780
2788
2794
2823
2780
2837
2769
2770
2785
2809
2782
2793
2790
2796
2782
2768
2800
2781
2797
2802
2789
2780
2781
2769
2800
2787
2787
2797
2787
2804
2768
2769
2794
2785
2782
2785
2786
2783
2785
2771
2778
2782
2781
2801
2780
2769
2786
2769
2794
2787
2778
2806
2779
2769
2770
2778
2806
2790
2784
2779
2786
2784
2780
2784
2777
2780
2780
2800
2766
2769
2785
2781
2900
2779
2788
2955
2789
2779
2769
3379
2769
2780
2802
2783
2812
2783
2786
2769
2769
2769
2768
2800
2799
2822
2795
2820
2801
2811
2779
2786
2784
2796
2812
2796
2783
2814
2770
2795
2793
2782
2800
2786
2768
2767
2769
2796
2794
2783
2789
2856
2768
2909
2770
2795
2802
2826
2928
2788
2794
2784
2769
2790
2788
2781
2797
2797
2773
2774
2800
2788
2798
2791
2788
2793
2769
2769
2781
2789
2809
2784
2819
2802
2769
2788
2798
2781
2787
2788
2797
2798
2770
2780
2789
2785
2796
2787
2782
2797
2781
2787
2789
2793
2794
2788
2797
2768
2774
2770
2794
2788
2779
2804
2789
2787
2782
2779
2792
2779
2821
2775
2783
2789
2768
2802
2778
2778
2796
2782
2786
2770
2768
2796
2797
2784
2790
2800
2770
2786
2797
2780
2802
2803
2805
2777
2769
2934
2780
2782
2795
2778
2780
2796
2768
2767
2788
2778
2786
2780
2796
2779
2770
2802
2783
2786
2789
2786
2774
2769
2806
2788
2790
2798
2777
2769
2778
2797
2798
2779
2804
2793
2794
2769
2768
2778
2781
2800
2781
2779
2806
2768
2786
2784
2778
3097
2781
3019
2783
2778
2783
2954
2769
2794
2831
2781
2823
2787
2779
2782
2769
2802
2789
2783
2787
2782
2785
2768
2780
2783
2798
2786
2785
2833
2792
2787
2766
2789
2825
2796
2779
2779
2769
2798
2769
2779
2791
2783
2779
2801
2770
2769
2802
2796
2791
2786
2796
2803
2771
2789
2780
2786
2786
2779
2817
2785
2784
2797
2780
2782
2768
2773
2790
2781
2782
2780
2794
2800
2776
2769
2780
2781
2799
2779
2789
2770
2768
2790
2776
2784
2785
2779
2770
2769
2778
2790
2794
2785
2783
2773
2767
2798
2781
2786
2777
2782
2802
2770
2767
2922
2806
2792
2791
2836
2781
2816
2770
2800
2768
2792
2804
2787
2790
2782
2771
2794
2769
2783
2783
2793
2783
2782
2781
2768
2801
2793
2788
2785
2786
2798
2770
2787
2798
2787
2801
2797
2769
2768
2769
2809
2788
2780
2784
2779
2788
2771
2785
2783
2779
2789
2779
2767
2767
2791
2794
2778
2786
2781
2790
2771
2787
2784
2780
2807
2781
2769
2770
2780
2807
2780
2784
2779
2769
2789
2768
2783
2781
2788
2788
2786
2769
2769
2785
2792
2784
2783
2800
2791
2768
2798
2778
2787
2802
2783
2767
2767
2798
2805
2785
2790
2790
2780
2787
2780
2785
2788
2791
2788
2777
2770
2775
2795
2785
2792
2789
2787
2813
2769
2769
2778
3006
2798
2768
2808
2792
2851
3364
2795
2782
2776
2794
2779
2768
2781
2782
2791
2787
2790
2785
2768
2788
2786
2778
2780
2796
2789
2775
2782
2783
2777
2792
2785
2780
2770
2791
2769
2776
2795
2787
2785
2794
2769
2769
2787
2799
2777
2792
2788
2770
2778
2781
2788
2780
2786
2798
2782
2769
2787
2782
2788
2778
2781
2780
2777
2781
2768
2785
2793
2795
2777
2781
2769
2769
2793
2916
2780
2816
2798
2793
2779
2770
2769
2784
2780
2786
2777
2782
2779
2769
2783
2780
2784
2794
2782
2770
2770
2786
2793
2795
2780
2782
2768
2780
2781
2779
2788
2783
2791
2770
2770
2770
2781
2779
2779
2787
2780
2810
2770
2778
2780
2777
2803
2776
2780
2782
2770
2793
2788
2788
2775
2773
2800
2770
2775
2794
2777
3129
2790
2797
2768
2786
2781
2838
2787
2794
3088
2776
2791
2769
2769
2769
2782
2780
2779
2783
2782
2770
2769
2768
2785
2780
2783
2779
2787
2771
2775
2786
2779
2788
2782
2785
2769
2768
2769
2781
2788
2780
2785
2855
2787
2769
2768
2783
2798
2788
2782
2782
2769
2786
2769
2787
2786
2776
2789
2792
2770
2770
2797
2789
2777
2780
2819
2786
2768
2780
2777
2805
2792
2952
2783
2806
2795
2768
2767
2834
2789
2786
2780
2782
2779
2812
2782
2784
2779
2798
2830
2778
2767
2784
2783
2825
2789
2779
2788
2781
2811
2768
2781
2803
2780
2777
2780
2769
2775
2803
2778
2778
2776
2788
2788
2769
2769
2791
2779
2809
2776
2786
2774
2769
2795
2783
2783
2782
2783
2771
2773
2768
2780
2800
2777
2782
2768
2770
2788
2776
2777
2778
2784
2797
2768
2768
2796
2779
2827
2779
2781
2770
2769
2837
2778
2782
2794
2784
2795
2778
2782
2786
2798
2793
2791
2783
2796
2788
2768
2779
2792
2779
2796
2797
2769
2768
2789
2796
2786
2778
2799
2769
2769
2790
2790
2778
2807
2791
2785
2769
2782
2797
2785
2794
2784
2769
2787
2782
2781
2782
2791
2803
2781
2768
2776
2778
2797
2796
2779
2784
2783
2787
2789
2778
2784
2778
2787
2780
2899
2774
2815
2783
2785
2794
2780
2830
2768
2781
2791
2788
2837
2787
2780
2770
2769
2780
2785
2787
2789
2820
2789
2769
2767
2791
2826
2778
2787
2791
2774
2809
2796
2780
2775
2781
2836
2769
2770
2782
2783
2815
2793
2785
2781
2769
2778
2779
2785
2796
2825
2781
2781
2769
2783
2830
2790
2789
2782
2795
2809
2774
2785
2780
2786
2818
2794
2769
2770
2797
2781
2783
2783
2786
2808
2768
2796
2782
2783
2830
2819
2779
2769
2768
2837
2785
2785
2782
2780
2813
2768
2769
2782
2786
2785
2781
2781
2769
2791
2785
2780
2778
2794
2827
2769
2769
2770
2781
2820
2791
2776
2783
2771
2807
2786
2780
2775
2781
2831
2770
2768
2784
2779
2792
2781
2781
2769
2811
2787
2778
2784
2779
2827
2770
2769
2769
2779
2828
2779
2783
2781
2768
2808
2780
2931
2783
2790
2783
2779
2769
2897
2817
2798
2798
2808
2780
2837
2783
2767
2771
2784
2822
2777
2806
2775
2769
2798
2786
2777
2781
2789
2790
2769
2785
2785
2821
2803
2777
2776
2769
2821
2769
2778
2789
2779
2829
2777
2769
2770
2776
2841
2778
2787
2778
2768
2797
2780
2777
2789
2793
2807
2770
2769
2790
2824
2778
2787
2780
2791
2810
2778
2779
2787
2791
2827
2778
2769
2779
2781
2826
2786
2778
2787
2768
2780
2784
2777
2802
2803
2800
2793
2769
2769
2800
2787
2776
2787
2791
2777
2768
2798
2791
2784
2803
2784
2777
2768
2781
2789
2780
2799
2780
2797
2767
2768
2771
2778
2779
2780
2782
2797
2768
2770
2783
2777
2782
2777
2794
2779
2768
2780
2779
2779
2782
2799
2777
2769
2781
2782
2782
2792
2788
2784
2793
2773
2768
2789
2792
3113
2780
2800
2782
2785
2780
2835
2832
2779
2801
2776
2777
2823
2769
2768
2779
2785
2802
2787
2792
2769
2769
2811
2788
2780
2785
2779
2768
2768
2794
2780
2781
2800
2779
2768
2769
2787
2789
2779
2797
2780
2828
2782
2767
2784
2779
2838
2785
2782
2782
2769
2809
2787
2784
2781
2783
2787
2769
2770
2799
2822
2783
2792
2784
2780
2810
2782
2777
2784
2790
2817
2775
2770
2767
2789
2820
2792
2775
2798
2782
2768
2893
2781
2778
2793
2781
2794
2769
2770
2789
2785
2780
2789
2781
2797
2770
2780
2780
2787
2803
2789
2779
2769
2781
2784
2786
2789
2784
2792
2777
2769
2781
2783
2807
2788
2784
2803
2768
