3119
3135
3294
3170
3169
3135
3130
3134
3171
3128
3136
3134
3127
3150
3135
3134
3128
3144
3126
3133
3127
3129
3126
3137
3115
3115
3129
3138
3135
3130
3144
3126
3132
3127
3130
3125
3149
3130
3130
3144
3146
3129
3129
3147
3114
3134
3116
3114
3131
3151
3130
3130
3147
3126
3129
3132
3128
3132
3146
3133
3148
3145
3149
3131
3126
3150
3141
3131
3127
3130
3119
3127
3115
3114
3147
3140
3131
3146
3146
3125
3125
3128
3130
3126
3130
3123
3130
3128
3127
3131
3125
3133
3116
3116
3115
3115
3138
3129
3134
3127
3135
3129
3134
3129
3141
3125
3134
3126
3134
3130
3135
3127
3128
3130
3139
3124
3120
3185
3122
3322
3124
3114
3119
3152
3114
3123
3135
3148
3123
3161
3122
3133
3139
3120
3129
3124
3166
3123
3130
3131
3175
3128
3129
3133
3310
3116
3115
3115
3130
3142
3133
3125
3129
3143
3146
3125
3124
3135
3128
3155
3129
3131
3147
3140
3122
3128
3147
3127
3124
3143
3115
3114
3118
3115
3114
3166
3123
3126
3138
3121
3114
3249
3131
3173
3127
3127
3140
3131
3129
3129
3139
3128
3133
3126
3130
3128
3135
3130
3131
3138
3132
3127
3132
3136
3119
3123
3621
3129
3113
3124
3115
3129
3142
3129
3131
3129
3143
3134
3133
3129
3131
3125
3134
3131
3122
3138
3130
3120
3115
3127
3115
3120
3135
3123
3137
3138
3127
3134
3137
3124
3143
3123
3123
3136
3132
3122
3125
3153
3113
3113
3113
3176
3130
3127
3123
3135
3134
3126
3158
3125
3301
3145
3129
3132
3177
3136
3190
3271
3182
3136
3187
3132
3125
3179
3159
3132
3132
3174
3122
3129
3114
3157
3116
3119
3123
3124
3143
3130
3128
3134
3139
3129
3138
3123
3156
3124
3124
3141
3123
3158
3121
3115
3114
3132
3116
3135
3126
3124
3126
3130
3127
3122
3168
3122
3126
3126
3143
3133
3131
3131
3126
3126
3139
3126
3147
3148
3129
3117
3115
3135
3116
3120
3126
3131
3127
3135
3119
3138
3145
3118
3141
3122
3145
3138
3127
3130
3133
3280
3140
3115
3116
3134
3117
3118
3128
3141
3134
3128
3134
3124
3146
3130
3121
3124
3149
3125
3139
3141
3136
3136
3149
3126
3116
3143
3116
3115
3128
3142
3126
3144
3123
3136
3134
3126
3136
3138
3173
3130
3138
3125
3428
3144
3134
3131
3135
3136
3168
3136
3816
3129
3160
3128
3129
3140
3128
3126
3135
3130
3125
3271
3260
3810
3172
3128
3143
3128
3130
3127
3131
3135
3134
3125
3129
3144
3134
3143
3173
3144
3113
3147
3220
3140
3115
3525
3113
3114
3152
3115
3115
3124
3282
3127
3128
3124
3151
3126
3131
3125
3129
3143
3131
3124
3128
3142
3134
3129
3115
3122
3115
3117
3114
3129
3148
3140
3127
3130
3145
3136
3127
3132
3126
3135
3126
3133
3128
3153
3130
3129
3115
3132
3116
3114
3124
3127
3145
3127
3136
3128
3149
3128
3131
3127
3150
3128
3131
3127
3132
3145
3131
3128
3134
3134
3648
3158
3137
3134
3115
3115
3124
3114
3126
3131
3126
3131
3145
3136
3141
3153
3144
3135
3127
3130
3128
3141
3123
3134
3146
3144
3133
3130
3115
3139
3114
3115
3149
3131
3140
3142
3132
3129
3150
3129
3127
3139
3142
3129
3138
3130
3123
3157
3127
3127
3113
3156
3114
3135
3263
3138
3115
3147
3140
3139
3138
3145
3145
3130
3137
3163
3132
3142
3133
3134
3130
3138
3126
3145
3130
3138
3128
3139
3126
3147
3301
3293
3149
3123
3124
3147
3126
3135
3140
3136
3126
3139
3122
3129
3149
3132
3115
3131
3131
3116
3127
3122
3141
3139
3129
3124
3143
3138
3129
3122
3199
3149
3144
3122
3129
3140
3128
3123
3143
3118
3126
3116
3113
3115
3139
3130
3124
3131
3137
3123
3122
3140
3123
3145
3139
3129
3131
3152
3124
3116
3128
3114
3129
3141
3125
3132
3148
3138
3122
3139
3131
3293
3145
3135
3133
3148
3149
3141
3143
3159
3123
3153
3136
3171
3147
3126
3130
3133
3115
3115
3131
3114
3156
3138
3128
3127
3179
3134
3128
3137
3125
3152
3141
3128
3136
3173
3148
3126
3139
3147
3129
3138
3113
3115
3142
3114
3128
3138
3142
3131
3137
3136
3142
3148
3127
3126
3133
3143
3126
3138
3124
3144
3137
3115
3114
3114
3116
3115
3126
3124
3143
3133
3141
3129
3147
3130
3161
3146
3134
3128
3124
3129
3126
3152
3128
3132
3131
3145
3124
3145
3129
3142
3129
3114
3116
3114
3134
3115
3131
3141
3147
3125
3133
3134
3143
3142
3127
3131
3129
3148
3127
3136
3130
3147
3144
3125
3129
3133
3113
3116
3129
3115
3143
3145
3126
3126
3132
3295
3114
3148
3828
3114
3145
3124
3115
3136
3127
3124
3149
3125
3130
3137
3140
3126
3141
3126
3139
3141
3361
3127
3171
3126
3130
3136
3131
3639
3145
3125
3130
3146
3125
3128
3140
3140
3116
3133
3116
3116
3132
3140
3123
3140
3130
3128
3143
3132
3127
3142
3123
3131
3141
3135
3127
3144
3130
3132
3196
3125
3133
3150
3117
3117
3127
3114
3123
3145
3128
3136
3153
3132
3127
3126
3144
3133
3126
3134
3125
3154
3125
3126
3131
3142
3138
3129
3117
3134
3114
3178
3115
3115
3132
3135
3127
3128
3179
3134
3131
3125
3149
3126
3132
3125
3132
3144
3131
3124
3129
3144
3134
3126
3115
3133
3115
3117
3116
3124
3151
3131
3133
3123
3150
3128
3130
3125
3135
3136
3125
3127
3141
3145
3125
3130
3127
3133
3115
3113
3124
3115
3134
3122
3125
3121
3134
3130
3139
3125
3136
3135
3256
3127
3140
3127
3130
3189
3140
3143
3281
3121
3131
3155
3133
3125
3145
3148
3113
3122
3113
3117
3128
3122
3122
3134
3144
3126
3123
3135
3143
3140
3126
3139
3132
3143
3128
3134
3126
3141
3142
3120
3114
3129
3115
3129
3135
3126
3144
3137
3123
3127
3150
3136
3123
3139
3122
3130
3145
3124
3128
3151
3114
3114
3127
3133
3115
3131
3135
3125
3154
3135
3130
3133
3149
3134
3216
3121
3140
3146
3124
3127
3131
3141
3127
3127
3124
3134
3124
3113
3114
3143
3124
3132
3125
3130
3142
3151
3124
3127
3146
3132
3124
3127
3168
3125
3122
3145
3128
3144
3114
3112
3116
3142
3114
3133
3134
3120
3126
3122
3131
3124
3154
3131
3132
3135
3139
3131
3142
3124
3126
3137
3140
3127
3143
3141
3126
3128
3145
3485
3127
3118
3160
3162
3113
3121
3169
3128
3146
3141
3126
3142
3171
3135
3123
3155
3165
3136
3134
3158
3123
3182
3115
3115
3142
3154
3132
3133
3143
3124
3136
3122
3126
3123
3126
3133
3125
3127
3126
3123
3126
3123
3133
3115
3116
3114
3114
3117
3116
3124
3124
3151
3133
3131
3123
3130
3151
3132
3125
3122
3153
3129
3129
3134
3152
3124
3132
3121
3115
3181
3121
3115
3116
3141
3126
3124
3127
3128
3142
3122
3122
3123
3144
3121
3133
3129
3171
3129
3135
3141
3173
3127
3127
3130
3129
3154
3114
3125
3151
3171
3136
3129
3142
3153
3126
3129
3150
3131
3168
3146
3125
3146
3173
3128
3115
3140
3116
3116
3127
3124
3136
3174
3132
3415
3192
3167
3129
3134
3313
3159
3141
3130
3144
3136
3128
3123
3134
3125
3126
3140
3127
3143
3138
3115
3115
3141
3115
3129
3142
3139
3160
3139
3130
3131
3156
3130
3130
3138
3130
3125
3134
3133
3125
3131
3121
3114
3125
3144
3129
3130
3142
3131
3143
3136
3129
3126
3163
3126
3133
3135
3127
3124
3127
3114
3114
3142
3127
3135
3133
3147
3127
3144
3125
3127
3152
3134
3126
3209
3140
3131
3135
3163
3115
3134
3117
3115
3139
3140
3131
3135
3127
3141
3129
3127
3127
3135
3147
3129
3126
3137
3144
3112
3115
3116
3115
3133
3133
3139
3133
3159
3138
3133
3126
3146
3140
3133
3122
3136
3128
3134
3144
3128
3129
3134
3115
3115
3155
3132
3134
3141
3127
3144
3144
3131
3444
3161
3146
3125
3141
3172
3127
3159
3129
3131
3153
3168
3124
3127
3114
