355
348
348
348
350
348
352
348
348
348
370
351
349
353
349
349
424
348
348
353
349
350
348
348
348
359
350
388
349
349
349
369
348
349
349
375
348
354
349
359
348
348
392
383
348
349
348
358
354
348
350
396
348
348
353
365
348
352
348
408
352
348
348
359
349
348
348
362
348
349
348
352
348
348
349
348
348
348
349
369
348
348
349
349
354
348
349
349
349
348
350
350
353
348
350
362
350
348
348
360
348
348
348
374
349
349
349
371
353
360
349
382
349
349
348
363
349
349
364
381
349
349
348
358
349
362
349
348
349
348
362
362
349
348
353
378
350
349
348
360
348
348
365
373
352
349
348
360
349
349
349
348
348
362
349
350
348
348
352
376
386
348
348
363
348
436
352
348
348
352
389
348
350
352
348
379
350
349
348
348
348
352
349
349
348
353
348
358
348
385
348
352
348
382
348
349
350
349
348
348
350
352
349
349
348
352
353
348
349
349
359
348
348
350
349
348
352
349
348
349
352
348
350
348
350
349
349
349
348
348
348
368
353
352
357
359
352
349
348
375
348
348
350
361
349
358
349
360
349
348
349
379
352
348
349
350
350
348
349
366
349
349
349
359
350
350
348
358
349
348
348
377
349
348
348
348
349
353
349
349
349
348
348
349
349
348
348
348
348
349
348
349
348
349
349
348
348
348
348
352
349
348
352
349
370
348
348
348
348
349
348
365
348
348
348
348
352
349
350
348
349
348
350
348
348
349
348
349
349
348
348
348
348
348
348
350
352
348
375
349
349
352
348
348
353
348
349
348
352
349
348
349
348
349
353
348
348
348
348
359
348
353
359
377
375
349
348
361
349
348
348
356
349
348
349
348
348
349
349
349
349
348
348
348
348
358
349
348
349
353
348
348
348
348
348
348
359
348
349
348
348
349
348
348
372
349
349
348
349
355
348
349
350
348
350
349
348
357
348
349
349
396
347
348
349
408
349
349
348
362
348
349
351
348
348
349
352
381
348
348
349
364
353
349
349
379
349
348
348
372
348
359
348
359
348
348
349
348
348
369
349
352
349
348
348
348
348
348
348
348
348
348
348
348
348
353
379
349
349
350
353
348
348
348
348
348
361
348
348
353
358
348
348
368
381
350
348
354
359
349
348
348
373
350
348
349
364
348
348
349
403
348
353
349
383
348
348
348
363
348
348
349
348
349
349
348
349
362
348
348
349
348
352
349
349
349
353
348
349
348
349
352
349
348
348
349
348
350
348
349
348
349
349
353
348
348
348
349
349
348
385
348
374
349
352
349
352
353
348
348
348
349
348
349
349
349
351
372
349
349
358
350
349
348
350
348
348
348
360
348
361
379
348
349
347
350
348
348
349
349
359
348
348
348
349
349
349
348
418
348
349
358
397
349
348
348
376
350
352
349
360
349
349
349
357
349
349
349
377
352
348
348
348
348
348
388
348
353
348
348
348
349
348
349
348
348
349
348
349
348
348
348
348
349
349
348
348
352
349
353
348
348
348
348
348
348
349
349
362
348
352
349
348
348
348
348
348
349
349
348
349
348
349
353
373
349
348
365
349
348
349
367
348
348
348
360
350
348
349
349
349
355
348
363
349
348
348
348
350
352
349
348
348
349
370
348
349
348
382
348
349
348
360
348
349
348
375
353
349
349
359
349
348
348
362
349
348
359
348
349
350
349
348
352
349
352
349
350
349
363
348
348
348
353
358
348
366
348
366
347
349
349
360
348
349
349
379
353
349
353
362
348
349
366
352
348
348
365
368
352
359
348
348
348
348
352
349
400
356
350
393
384
348
348
360
349
353
349
403
361
349
349
426
348
349
349
348
348
349
348
349
369
349
365
348
348
348
349
353
350
349
349
358
348
348
348
375
349
349
349
349
353
348
350
349
386
349
348
376
348
350
348
358
348
348
349
350
359
349
353
350
353
348
348
348
348
352
353
349
348
352
348
349
358
365
348
348
371
349
350
349
371
413
348
348
348
349
355
352
348
348
348
361
350
353
348
350
349
348
349
350
365
348
348
353
349
384
348
360
348
348
348
359
349
349
356
348
349
348
349
348
349
351
352
349
349
365
353
348
353
348
348
348
347
353
348
350
349
349
349
348
350
348
348
349
348
349
349
350
349
353
348
348
348
348
348
349
354
349
349
349
348
348
352
349
348
348
349
348
348
349
348
348
359
363
348
350
348
349
348
349
390
355
348
348
358
349
348
352
393
348
349
348
348
349
350
353
362
352
348
348
352
349
348
352
349
353
348
367
349
348
349
349
350
349
348
348
348
349
349
350
349
348
349
348
348
349
348
349
349
348
348
348
348
348
348
349
348
348
348
349
350
348
349
349
348
348
349
348
348
348
353
348
349
348
348
348
348
362
349
348
348
389
348
352
349
376
347
360
358
348
349
348
349
348
348
352
349
348
356
349
352
351
348
349
349
349
348
348
349
348
368
351
356
349
366
348
348
349
363
348
349
353
349
348
349
352
348
348
348
366
350
352
352
348
352
348
348
348
349
349
353
349
348
372
349
348
349
362
349
349
348
393
348
349
348
360
348
347
349
349
352
349
348
353
349
348
348
348
349
349
348
348
348
348
348
348
349
352
348
349
392
350
348
349
365
348
352
348
375
353
348
358
362
349
359
348
380
354
349
348
349
348
350
349
349
349
348
353
348
352
348
348
349
349
349
348
354
348
348
348
349
349
352
349
348
348
348
350
379
348
350
348
360
348
348
348
369
349
348
348
363
348
352
348
348
349
352
348
349
348
348
348
349
349
348
348
352
348
348
353
348
348
349
348
352
348
349
349
348
360
348
348
349
389
349
349
349
358
355
349
348
348
359
352
348
348
350
348
348
349
348
348
348
348
349
348
348
348
348
373
355
350
348
348
348
348
348
349
348
349
395
348
348
348
361
348
373
349
382
348
348
350
348
348
358
349
348
348
348
349
348
348
353
356
348
352
352
352
348
348
349
348
348
384
348
348
352
365
348
349
348
358
348
349
350
348
349
348
348
348
352
348
347
349
352
348
