3500
3473
3664
3914
3495
3475
3472
3515
3497
3469
3477
3469
3491
3475
3471
3474
3493
3478
3461
3461
3495
3475
3475
3475
3496
3472
3511
3476
3488
3476
3491
3472
3487
3474
3492
3482
3484
3460
3476
3459
3482
3468
3474
3489
3473
3482
3470
3484
3482
3469
3475
3523
3474
3468
3490
3510
3476
3469
3460
3504
3477
3480
3606
3509
3783
3479
3519
3509
3471
3471
3487
3496
3461
3473
3482
3495
3475
3470
3488
3493
3472
3479
3495
3499
3488
3471
3493
3502
3489
3481
3489
3489
3485
3471
3475
3490
3460
3472
3518
3490
3476
3468
3494
3510
3471
3477
3501
3495
3474
3480
3500
3491
3488
3472
3497
3494
3459
3469
3459
3497
3482
3476
3474
3506
3474
3475
3476
3495
3471
3888
3475
3501
3472
3493
3473
3469
3459
3494
3477
3480
3469
3489
3484
3473
3478
3510
3476
3472
3486
3492
3486
3478
3473
3496
3477
3470
3471
3476
3467
3477
3473
3531
3492
3476
3485
3487
3498
3484
3480
3494
3503
3471
3478
3489
3491
3470
3460
3484
3791
3487
3474
3542
3505
4037
3975
3476
3476
3473
3460
3475
3469
3475
3471
3473
3471
3477
3472
3472
3470
3471
3472
3489
3480
3474
3474
3486
3491
3472
3501
3461
3510
3487
3480
3475
3511
3478
3488
3478
3513
3490
3475
3479
3524
3477
3476
3489
3511
3477
3477
3464
3507
3462
3477
3983
3512
3471
3483
3472
3518
3482
3485
3470
3518
3471
3484
3475
3518
3472
3465
3461
3486
3472
3494
3471
3493
3482
3479
3476
3499
3475
3470
3486
3489
3490
3469
3479
3497
3477
3470
3481
3480
3460
3471
3466
3493
3471
3475
3470
3492
3472
3483
3470
3615
3508
3474
3471
3504
3469
3588
3519
3481
3538
3471
3482
3503
3509
3471
3490
3491
3500
3469
3473
3506
3491
3476
3482
3495
3484
3476
3473
3478
3476
3461
3485
3494
3487
3489
3471
3496
3498
3475
3473
3497
3492
3486
3470
3493
3498
3475
3472
3511
3484
3482
3485
3479
3476
3461
3468
3485
3474
3469
3471
3480
3475
3481
3473
3483
3472
3475
3470
3485
3487
3469
3471
3482
3476
3480
3460
3474
3466
3474
3588
3595
3493
3471
3471
3472
3475
3471
3503
3474
3468
3471
3506
3481
3461
3462
3490
3467
3486
3493
3488
3474
3489
3477
3500
3471
3489
3489
3489
3477
3496
3468
3498
3484
3490
3471
3489
3468
3490
3461
3483
3488
3609
3479
3502
3509
3479
3475
3601
3908
3471
3493
3470
3481
3517
3468
3474
3482
3475
3473
3462
3470
3460
3480
3469
3488
3469
3474
3467
3479
3475
3467
3474
3480
3470
3477
3473
3479
3468
3475
3469
3489
3472
3460
3461
3474
3467
3479
3466
3487
3470
3475
3470
3478
3466
3475
3472
3481
3473
3470
3477
3556
3477
3467
3473
3473
3459
3469
3466
3481
3468
3473
3467
3470
3469
3478
3469
3473
3473
3487
3481
3473
3476
3482
3466
3481
3477
3462
3462
3469
3469
3482
3467
3478
3480
3468
3468
3485
3467
3476
3476
3477
3468
3789
3500
3485
3528
3461
3521
3474
3496
3485
3510
3484
3468
3466
3521
3591
3476
3475
3479
3470
3471
3472
3472
3475
3470
3465
3462
3461
3478
3472
3473
3474
3472
3470
3474
3486
3471
3478
3473
3477
3469
3481
3481
3466
3488
3466
3481
3470
3474
3461
3461
3462
3462
3473
3473
3474
3470
3477
3476
3484
3490
3464
3474
3479
3481
3474
3482
3484
3472
3598
3474
3996
3492
3473
3480
3474
3473
3474
3501
3562
3921
3471
3815
3497
3570
3474
3474
3505
3552
3486
3487
3809
3475
3491
3482
3474
3475
3490
3473
3484
3482
3491
3484
3475
3480
3504
3492
3474
3476
3478
3473
3460
3475
3505
3470
3472
3486
3487
3471
3493
3474
3495
3474
3476
3487
3479
3478
3491
3478
3482
3490
3461
3462
3501
3471
3490
3511
3495
3482
3477
3469
3504
3470
3476
3483
3493
3500
3478
3483
3503
3460
3461
3474
3494
3477
3484
3471
3501
3477
3471
3485
3490
3479
3486
3473
3490
3485
3474
3466
3492
3478
3497
3466
3486
3491
3462
3461
3491
3467
3473
3485
3497
3485
3473
3467
3502
3472
3471
3480
3490
3472
3485
3471
3488
3485
3474
3468
3491
3467
3475
3458
3494
3582
3580
3468
3505
3498
3485
4239
4166
3501
3485
3503
3474
3533
3488
3481
3492
3494
3472
3479
3493
3486
3478
3496
3477
3482
3461
3469
3471
3482
3474
3511
3484
3485
3485
3490
3517
3488
3476
3503
3483
3472
3485
3495
3480
3481
3469
3495
3461
3474
3482
3493
3478
3481
3549
3497
3478
3471
3474
3492
3483
3485
3476
3491
3484
3461
3465
3490
3533
3482
3506
3529
3484
3488
3486
3583
3478
3522
3473
3480
3490
3514
3482
3469
3480
3521
3480
3468
3484
3513
3472
3462
3459
3515
3460
3467
3486
3517
3471
3481
3466
3516
3484
3472
3486
3511
3482
3482
3488
3511
3489
3469
3467
3518
3473
3461
3465
3502
3470
3473
3472
3519
3476
3470
3478
3510
3477
3479
3478
3516
3474
3470
3485
3496
3474
3481
3471
3486
3472
3463
3539
3491
3476
3478
3470
3497
3482
3468
3472
3501
3476
3470
3482
3497
3471
3477
3471
3511
3472
3477
3479
3496
3461
3471
3460
3494
3483
3473
3474
3493
3467
3482
3474
3494
3490
3468
3478
3501
3468
3771
3570
3506
3473
3460
3487
3503
3475
3608
3492
3500
3479
3475
3473
3503
3490
3470
3485
3494
3475
3483
3478
3495
3487
3471
3469
3480
3470
3493
3473
3495
3484
3469
3471
3496
3478
3475
3471
3496
3510
3472
3473
3500
3478
3471
3493
3491
3461
3473
3469
3489
3472
3477
3484
3496
3475
3492
3473
3496
3483
3478
3473
3511
3476
3478
3473
3491
3482
3578
3461
3489
3477
3478
3474
3493
3482
3483
3471
3485
3471
3478
3483
3477
3471
3489
3479
3490
3489
3476
3484
3491
3459
3472
3461
3481
3486
3469
3472
3502
3474
3490
3468
3473
3483
3472
3470
3478
3477
3470
3490
3471
3478
3478
3460
3477
3461
3475
3482
3479
3744
3490
3494
3482
3470
3546
3584
3471
3519
3495
3483
3468
3493
3504
3508
3471
3474
3503
3490
3484
3486
3492
3489
3486
3473
3487
3516
3472
3483
3478
3503
3473
3458
3470
3524
3469
3475
3488
3511
3487
3472
3480
3521
3476
3467
3485
3511
3475
3481
3477
3512
3478
3462
3472
3501
3471
3483
3474
3512
3483
3471
3475
3517
3474
3481
3476
3511
3483
3473
3475
3561
3506
3475
3483
3499
3460
3472
3474
3528
3473
3472
3484
3519
3473
3486
3471
3514
3487
3474
3484
3510
3478
3490
3477
3501
3472
3463
3473
3515
3472
3471
3473
3517
3475
3476
3471
3512
3479
3478
3476
3510
3480
3471
3472
3513
3478
3472
3479
3510
3460
3570
3491
3522
3471
3515
3489
4238
4055
3499
3482
3460
3466
3481
3489
3472
3714
3484
3476
3474
3487
3474
3474
3487
3482
3486
3482
3475
3485
3475
3475
3484
3460
3466
3476
3461
3468
3490
3475
3474
3467
3473
3492
3473
3477
3487
3480
3471
3487
3476
3496
3471
3479
3493
3480
3461
3473
3465
3463
3487
3468
3478
3474
3476
3514
3472
3475
3491
3470
3503
3496
3490
3481
3487
3492
3496
3474
3465
3474
3462
3473
3486
3477
3471
3488
3478
3483
3471
3476
3488
3477
3660
3487
3476
3476
3489
3489
3476
3481
3461
3461
3467
3479
3482
3474
3477
3490
3468
3475
3489
3477
3469
3478
3471
3520
3474
3473
3479
3513
3472
3887
3486
3518
3471
3486
3505
4247
3470
3829
3492
3458
3462
3460
3505
3473
3479
3479
3490
3470
3493
3471
3501
3472
3491
3486
3500
3479
3483
3476
3493
3486
3461
3459
3481
3461
3475
3472
3496
3493
3476
3472
3500
3472
3475
3480
3496
3485
3487
3469
3502
3474
3469
3482
3482
3459
3470
3477
3491
3474
3469
3484
3495
3478
3479
3476
3495
3488
3468
3476
3530
3507
3482
3475
3513
3486
3471
3469
3502
3460
3460
3473
3513
3478
3471
3478
3521
3480
3467
3477
3508
3470
3471
3477
3512
3470
3473
