3820
3820
3947
3826
4670
3833
3876
3858
3818
3858
3824
3817
3840
3817
3822
3815
3810
3817
3826
3827
3829
3838
3833
3822
3830
3817
3815
3821
3819
3834
3817
3810
3829
3821
3831
3818
3820
3816
3836
3832
3818
3816
3835
3832
3817
3834
3808
3834
3816
3837
3853
3820
3827
3822
3838
3831
3834
3829
3816
3815
3844
3835
3817
3820
3834
3857
3825
3839
3817
3817
3834
3833
3840
3819
3821
3831
3838
3821
3846
3821
3827
3819
3829
3839
3824
3841
3833
3833
3839
3829
3807
3816
3810
3845
3849
3817
3813
3823
3843
3832
3831
3829
3819
3831
3824
3839
3835
3818
3821
4150
3837
3979
3859
3836
3820
3845
3849
3806
3830
3816
3818
3827
3820
3840
3815
3826
3834
3835
3818
3832
3815
3851
3821
3814
3849
3821
3818
3818
3838
3843
3810
3817
3854
3818
3831
3842
3822
3830
3819
3850
3816
3824
3833
3842
3832
3840
3842
3831
3821
3817
3839
3821
3838
3811
3835
3833
3820
3834
3816
3818
3829
3854
3830
3852
3843
3869
3821
3831
3837
3930
3822
4001
3838
3820
3836
3835
3860
3832
3823
3814
3812
3820
3833
3826
3820
3828
3818
3834
3820
3840
3830
3822
3831
3828
3826
3831
3819
3829
3826
3820
3839
3817
3822
3817
3832
3836
3821
3819
3841
3820
3826
3830
3818
3839
3817
3839
3823
3816
3831
3830
3823
3819
3833
3828
3825
3816
3841
3821
4154
3820
3833
3831
3821
3844
3823
3823
3839
3831
3824
3821
3821
3839
3825
3822
3846
3821
3832
3821
4058
3828
3822
3837
3819
3821
3834
3819
3833
3823
3822
3830
3812
3830
3816
3823
3832
3822
3822
3824
3819
3829
3825
3819
3836
3812
4153
3832
3822
3832
3823
4004
4293
3848
3860
3815
3872
3818
3819
3826
3857
3853
3819
3817
3865
3817
3829
3847
3813
3832
3815
3862
3818
3822
3831
3848
3820
3825
3820
3826
3834
3817
3852
3816
3831
3819
3838
3855
3816
3834
3819
3835
3840
3839
3834
3823
3820
3844
3839
3820
3835
3817
3851
3830
3810
3824
3816
3821
3822
3823
3822
3848
3822
3822
3815
3859
3817
3842
3816
3839
3825
3817
3836
3818
3815
3833
3808
3815
3828
3817
3834
3817
3830
3834
3814
3827
3815
3836
3827
3841
3825
3820
3826
3832
3820
3820
3820
3817
3827
3821
3819
3837
3829
3891
3820
3885
3830
3849
3827
3846
3889
3884
3816
3831
3863
3818
3840
3820
3825
3828
3831
3955
4597
3848
3832
3834
3813
3879
3816
3808
3828
3869
3830
3814
3859
3832
3822
3814
3870
3819
3828
3819
3859
3832
3816
3835
3822
3816
3835
3859
3822
3823
3815
3866
3819
3819
3831
3813
3834
3954
3880
3832
3922
3838
3863
3828
3835
3861
3834
3819
3824
3870
3821
3830
3819
3860
3832
3819
3860
3820
3823
3842
3856
3821
3828
3821
3865
3819
3809
3867
3820
3830
3820
3857
3833
3818
3826
3861
3818
3831
3827
3819
3825
3818
3866
3817
3818
3828
3861
3829
3814
3806
3824
3812
3832
3856
3815
3835
3815
3864
3814
3822
3825
3825
3820
3824
3857
3827
4053
3817
3876
3819
3832
3815
3814
3829
3821
3865
3819
3821
3820
3861
3818
3820
3824
3828
3818
3821
3825
3820
3831
3825
3831
3817
3817
3822
3819
3815
3832
3855
3823
3815
3820
3868
3820
3824
3821
3814
3828
4087
3949
3822
3870
4609
3814
3872
3820
3816
3828
3817
3838
3826
3835
3820
3818
3820
3821
3815
3828
3824
3832
3817
3820
3835
3963
3826
3831
3846
3816
3844
3814
3850
3831
3825
3848
3822
3830
3816
3837
3843
3809
3830
3855
3833
3830
3837
3832
3841
3811
3853
3818
3822
3824
3851
3840
3807
3841
3832
3835
3815
3841
3828
3828
3824
4154
3824
3826
3846
3824
3959
4434
4696
4121
3828
3852
3821
3812
3817
3839
3842
3817
3840
3822
3830
3834
3836
3815
3817
3820
3841
3835
3825
3834
3807
3830
3821
3845
3815
3822
3817
3840
3831
3827
3840
3814
3834
3826
3841
3811
3825
3820
3837
3838
3815
3885
3816
3816
3815
3839
3814
3836
3815
3844
3838
3821
3851
3817
3833
3834
3876
3830
3816
3820
3853
3836
3818
3834
3824
3844
3817
3837
3817
3827
3829
3836
3836
3831
3821
3818
3838
3817
3856
3828
3822
3818
3837
3848
3817
3823
3826
3836
3829
3828
3817
3845
3817
3848
3835
3813
3836
3819
3844
3820
3837
4152
3826
3832
3835
3981
3875
3834
3815
3985
3822
3868
3819
3830
3819
3834
3844
3818
3872
3818
3821
3834
3857
3817
3823
3816
3831
3819
3818
3862
3819
3835
3822
3858
3830
3820
3828
3828
3821
3826
3863
3830
3822
3816
3874
3823
3824
3852
4031
3850
3829
3824
3817
3816
3867
3818
3818
3828
3856
3823
3817
3819
3835
3814
3827
3864
3815
4274
3821
3874
3816
3931
3892
4517
3921
3843
3864
3835
3821
3866
3819
3823
3825
3858
3826
3831
3817
3872
3810
3813
3849
3825
3826
3821
3858
3812
3824
3826
3866
3815
3835
3826
3822
3814
3826
3863
3814
3824
3817
3859
3823
3820
3814
3820
3815
3825
3865
3819
3827
3822
3878
3814
3819
3825
3820
3825
3817
3859
3833
3815
3898
3846
3818
3826
3821
3818
3820
3817
3844
3812
3825
3828
3844
3826
3814
3818
3835
3812
3834
3859
3818
3824
3825
3864
3807
3819
3824
3814
3819
3816
3858
3825
3814
3814
3878
3817
3834
3819
3859
3826
3815
3869
3818
3818
3828
3859
3818
3923
3843
3833
3818
3890
3859
3809
3830
3836
3861
3822
3819
3841
3817
3818
3831
3856
3830
3823
3821
3863
3815
3833
3827
3819
3827
3819
3854
3808
3813
3831
3857
3821
3827
3819
3833
3816
3816
3872
3817
3830
3816
3858
3828
3821
3829
3821
3819
3833
3858
3822
3811
3823
3875
3815
3822
3828
3816
3835
3815
3857
3818
3819
3831
3886
3818
3834
3828
3831
3819
3820
3869
3814
3830
3817
3861
3829
3818
3814
3820
3813
3825
3861
3816
3817
3814
3871
3820
3812
3835
3817
3832
3816
3867
3817
3815
3823
3856
3822
3831
3818
3824
3814
3821
3865
3821
3817
3821
3858
3833
3817
3875
3823
3819
3970
3856
3824
3823
3819
3837
3818
3844
3826
3823
3830
3833
3816
3834
3814
3818
3838
3822
3829
3832
3837
3818
3811
3841
3825
3813
3813
3840
3829
3819
3831
3825
3821
3826
3839
3820
3833
3817
3844
3818
3815
3832
3819
3825
3828
3843
3819
3821
3816
3847
3822
3834
3821
3820
3830
3822
3832
3817
3817
3898
3836
3819
3814
3817
3815
3819
3813
3841
3818
3813
3823
3835
3817
3815
3816
3830
3816
3815
3843
3817
3819
3821
3831
3827
3822
3829
3840
3828
3820
3838
3825
3823
3818
3835
3819
3826
3820
3850
3819
3808
3844
3821
3811
3813
3839
3824
4010
3918
3840
3821
3895
3847
3819
3826
3861
3854
3820
3820
3830
3824
3818
3824
3835
3833
3816
3820
3842
3816
3827
3821
3839
3820
3818
3848
3820
3819
3824
3842
3831
3822
3817
3850
3815
3818
3846
3818
3830
3814
3838
3828
3821
3820
3836
3819
3827
3829
3831
3822
3814
3848
3829
3812
3819
3838
3830
3819
3819
3819
3823
3817
3862
4054
3819
3814
3840
3825
3819
3840
3816
3817
3813
3842
3817
3821
3817
3843
3814
3827
3839
3816
3814
3819
3840
3823
3824
3818
3833
3823
3818
3819
3820
3828
3819
3836
3813
3819
3819
3835
3825
3818
3820
3837
3813
3818
3837
3821
3917
3922
3837
3821
3819
3830
4674
3818
3861
3877
3815
3816
3832
3845
3834
3828
3862
3831
3819
3846
3863
3820
3856
3821
3843
3827
3833
3872
3820
3810
3834
3863
3828
3820
3818
3858
3825
3843
3856
3816
3831
3837
3865
3819
3822
3823
3863
3820
3835
3855
3829
3816
3830
3869
3816
3827
3821
3862
3829
3836
3869
3818
3814
3909
3866
3858
3816
3811
3891
3814
3824
3857
3824
3826
3822
3857
3824
3820
3830
3865
3815
3845
3853
3832
3833
3830
3875
3827
3816
3822
3860
3835
3833
3866
3823
3820
3845
3857
3815
