4163
4180
4253
4225
4162
4180
4185
4172
4178
4167
4179
4171
4161
4192
4163
4180
4191
4183
4165
4161
4193
4159
4176
4304
4177
4169
4160
4174
4161
4179
4184
4160
4180
4178
4184
4172
4171
4458
4185
4249
4165
4173
4170
4173
4161
4171
4174
4194
4178
4159
4194
4163
4165
4172
4191
4177
4166
4190
4173
4159
4177
4199
4163
4167
4183
4175
4163
4175
4165
4159
4165
4207
4176
4163
4215
4166
4164
4175
4202
4182
4168
4210
4164
4162
4168
4171
4171
4172
4202
4168
4167
4211
4170
4179
4167
4205
4170
4165
4211
4166
4162
4169
4174
4172
4167
4211
4175
4165
4198
4166
4177
4168
4284
4163
4162
4242
4162
4180
4160
4206
4164
4162
4213
4161
4181
4191
4164
4171
4161
4213
4159
4178
4202
4166
4170
4168
4212
4166
4168
4334
4263
4291
4205
4191
4162
4172
4186
4162
4163
4187
4190
4168
4161
4164
4160
4165
4202
4165
4165
4218
4170
4168
4160
4204
4168
4159
4201
4171
4177
4164
4174
4159
4162
4204
4160
4165
4202
4173
4170
4174
4169
4383
4174
4204
4178
4177
4187
4176
4206
4181
4176
4176
4161
4178
4161
4169
4166
4181
4178
4174
4178
4178
4163
4164
4176
4161
4163
4219
4163
4180
4210
4173
4169
4175
4203
4164
4172
4197
4172
4165
4191
4176
4162
4170
4210
4162
4866
4193
4170
4164
4173
4167
4168
4159
4203
4184
4173
4214
4165
4158
4169
4205
4164
4166
4207
4159
4164
4172
4159
4165
4170
4203
4167
4167
4207
4166
4163
4169
4210
4166
4171
4202
4173
4169
4166
4204
4162
4159
4347
4290
4169
4167
4680
4191
4170
4184
4163
4161
4182
4175
4159
4171
4164
4166
4164
4183
4165
4168
4183
4166
4164
4159
4192
4162
4171
4187
4162
4165
4162
4194
4170
4171
4192
4165
4177
4174
4180
4163
4163
4211
4164
4194
4210
4172
4169
4171
4205
4165
4172
4200
4163
4171
4164
4187
4169
4173
4206
4166
4163
4233
4325
4167
4174
4208
4167
4163
4204
4377
4160
4161
4172
4161
4165
4197
4161
4170
4211
4158
4162
4167
4201
4165
4171
4208
4165
4166
4163
4202
4174
4162
4208
4166
4160
4209
4164
4156
4163
4203
4163
4163
4309
4168
4237
4178
4162
4388
4259
5140
4209
4179
4164
4191
4181
4166
4180
4184
4187
4165
4184
4181
4171
4179
4164
4163
4161
4170
4177
4170
4175
4166
4164
4169
4176
4172
4171
4178
4162
4167
4178
4293
4557
4172
4177
4174
4172
4164
4163
4162
4178
4162
4168
4167
4163
4167
4173
4163
4173
4184
4165
4174
4166
4165
4168
4165
4187
4168
4173
4167
4166
4177
4164
4175
4169
4161
4167
4209
4174
4163
4173
4159
4163
4212
4164
4185
4211
4174
4165
4168
4209
4164
4168
4204
4169
4167
4163
4178
4161
4177
4160
4162
4163
4175
4178
4160
4183
4161
4161
4176
4165
4172
4171
4163
4160
4162
4173
4173
4174
4469
4195
4161
4310
4919
4162
4193
4160
4189
4165
4162
4178
4165
4180
4162
4169
4163
4164
4173
4159
4173
4161
4163
4174
4167
4173
4166
4161
4171
4163
4166
4163
4176
4163
4157
4172
4161
4164
4162
4187
4159
4166
4175
4159
4157
4166
4168
4164
4167
4170
4158
4158
4174
4161
4165
4165
4171
4165
4160
4170
4162
4172
4163
4179
4164
4161
4178
4168
4163
4163
4162
4166
4160
4174
4160
4162
4170
4165
4181
4161
4173
4169
4168
4167
4160
4171
4166
4163
4159
4172
4169
4164
4163
4167
4202
4266
4218
4167
4213
4164
4160
4212
4166
4175
4171
4171
4161
4164
4212
4281
4191
4211
4175
4160
4162
4210
4166
4177
4204
4182
4160
4166
4166
4174
4172
4202
4183
4165
4201
4171
4161
4173
4208
4161
4170
4202
4178
4163
4166
4168
4157
4162
4195
4167
4162
4200
4175
4161
4163
4196
4162
4162
4205
4207
4186
4211
4164
4198
4502
5108
4194
4162
4182
4167
4163
4185
4168
4162
4165
4188
4166
4164
4188
4174
4162
4169
4176
4163
4164
4192
4163
4164
4185
4165
4166
4161
4193
4165
4169
4183
4169
4167
4162
4162
4164
4175
4207
4165
4166
4206
4166
4166
4164
4207
4163
4165
4206
4167
4170
4167
4170
4166
4167
4213
4167
4169
4204
4180
4187
4163
4208
4168
4162
4210
4170
4175
4164
4157
4168
4168
4213
4165
4166
4208
4168
4178
4169
4206
4168
4169
4199
4173
4166
4165
4169
4173
4160
4199
4162
4172
4185
4161
4176
4173
4478
4163
4184
4190
4169
4174
5105
4178
4178
4177
4181
4162
4163
4169
4164
4160
4207
4167
4162
4177
4172
4171
4161
4175
4162
4160
4172
4163
4175
4163
4164
4165
4159
4180
4163
4178
4177
4166
4282
4160
4186
4171
4160
4176
4165
4178
4573
4192
4179
4166
4251
4179
4372
4191
4181
4170
4169
4205
4174
4173
4178
4169
4168
4163
4171
4159
4185
4167
4165
4179
4164
4172
4167
4171
4161
4169
4170
4172
4567
4164
4163
4166
4168
4174
4173
4182
4218
4164
4174
4177
4175
4169
4163
4166
4168
4182
4162
4172
4170
4163
4176
4166
4178
4162
4169
4168
4701
4204
4168
4187
4170
4179
4166
4165
4187
4166
4181
4162
4166
4180
4162
4177
4163
4167
4160
4167
4174
4168
4171
4160
4167
4172
4165
4177
4159
4172
4162
4167
4170
4167
4212
4163
4169
4205
4162
4170
4167
4197
4518
4170
4165
4167
4202
4213
4173
4182
4325
4168
4164
4171
4166
4165
4163
4166
4161
4167
4170
4165
4177
4171
4166
4181
4165
4174
4182
4167
4167
4186
4162
4165
4169
4176
4176
4176
4184
4172
4161
4177
4163
4164
4182
4179
4181
4161
4188
4166
4163
4177
4180
4185
4160
4181
4181
4160
4174
4166
4163
4231
4188
4201
4169
4179
4175
4162
4161
4175
4171
4174
4185
4165
4170
4173
4171
4179
4168
4190
4171
4166
4192
4168
4179
4175
4194
4168
4171
4185
4157
4165
4165
4169
4179
4176
4201
4163
4180
4176
4171
4179
4183
4206
4332
4221
4207
4174
4216
4196
4173
4183
4184
4203
4175
4174
4259
4171
4182
4159
4164
4163
4174
4187
4169
4163
4196
4169
4160
4170
4178
4162
4179
4185
4164
4168
4183
4184
4170
4184
4179
4169
4165
4163
4172
4161
4178
4201
4176
4160
4206
4168
4156
4177
4203
4176
4165
4188
4168
4185
4161
4157
4179
4175
4718
4202
4173
4198
4181
4169
4173
4171
4180
4170
4198
4169
4170
4189
4163
4177
4174
4198
4177
4173
4189
4166
4182
4164
4176
4181
4170
4192
4172
4180
4187
4165
4156
4182
4201
4167
4166
4186
4167
4165
4170
4187
4297
4207
4190
4170
4231
4196
4177
4171
4237
4185
4162
4172
4181
4183
4162
4165
4162
4165
4175
4189
4181
4164
4186
4163
4166
4171
4188
4179
4166
4194
4168
4166
4164
4164
4160
4164
4187
4165
4159
4185
4161
4166
4167
4182
4173
4160
4198
4160
4162
4174
4161
4165
4163
4208
4161
4166
4206
4167
4163
4164
4192
4165
4163
4219
4168
4170
4163
4164
4163
4159
4196
4165
4163
4183
4160
4166
4166
4196
4161
4166
4182
4167
4162
4158
4190
4160
4162
4185
4159
4167
4162
4183
4171
4175
4195
4162
4199
4185
4158
4164
4177
4187
4442
4192
4186
4174
4161
4209
4192
4162
4210
4286
4164
4179
4192
4179
4169
4185
4156
4168
4174
4185
4180
4166
4185
4172
4164
4181
4186
4180
4162
4187
4164
4161
4177
4182
4181
4166
4185
4182
4163
4193
4169
4175
4175
4183
4171
4162
4203
4170
4173
4164
4192
4165
4167
4180
4168
4165
4167
4184
4164
4168
4233
4197
4163
4194
4168
4163
4169
4200
4161
4169
4202
4157
4172
4162
4207
4162
4157
4213
4162
4168
4166
4192
4163
4165
4207
4175
4164
4197
4161
4165
4158
4205
4166
4167
4206
4161
4170
4160
4200
4157
4165
4202
4173
4324
4177
4161
4189
4250
4206
4164
4187
4188
4163
4175
4167
4196
4171
4170
4204
4162
4179
4165
4166
4161
4163
4210
4172
4167
4211
4167
4164
4178
4216
4164
4157
4214
4159
4172
4193
4162
4166
4162
