4529
4591
4536
4532
4532
4507
4511
4528
4502
4517
4525
4509
4512
4533
4517
4506
4512
4521
4565
4581
4524
4506
4533
4530
4514
4508
4540
4505
4523
4527
4521
4613
4551
4524
4508
4533
4513
4508
4518
4542
4509
4522
4534
4514
4516
4718
4525
4518
4539
4508
4529
4540
4582
4519
4530
4520
4515
4521
4675
4635
4549
4898
4510
4539
4516
4515
4541
4514
4511
4513
4533
4512
4525
4528
4523
4515
4541
4523
4508
4523
4512
4520
4525
4537
4509
4534
4513
4518
4528
4541
4531
4525
4529
4511
4521
4520
4518
4508
4529
4526
4510
4548
4522
4518
4527
4533
4508
4526
4534
4521
4522
4519
4533
4508
4546
4518
4521
4530
4521
4522
4531
4532
4523
4540
4518
4532
4513
4534
4515
4510
4538
4521
4522
4524
4536
4526
4543
4522
4516
4541
4519
4521
4522
4535
4512
4535
4542
4510
4533
4528
4530
4510
4534
4664
4547
4609
4543
4511
5195
4523
4521
4543
4524
4529
4525
4536
4512
4526
4527
4525
4510
4526
4548
4509
4527
4549
4520
4522
4556
4507
4568
4524
4575
4515
4518
4526
4518
4518
4524
4510
4515
4514
4529
4525
4512
4537
4518
4520
4528
4515
4553
4531
4519
4508
4537
4513
4522
4527
4516
4525
4520
4525
4506
4519
4530
4522
4516
4542
4511
4526
4540
4516
4517
4511
4519
4526
4528
4522
4544
4510
4535
4530
4525
4543
4524
4526
4533
4524
4512
4525
4587
4657
4545
4549
4586
4510
4531
4522
4524
4519
4656
4512
4523
4522
4518
4520
4517
4527
4511
4530
4518
4521
4506
4513
4515
4512
4522
4506
4539
4516
4516
4521
4521
4508
4514
4513
4513
4525
4510
4530
4513
4542
4518
4526
4530
4518
4519
4520
4524
4510
4527
4506
4523
4519
4521
4515
4541
4533
4518
4508
4522
4512
4525
4525
4585
4507
4521
4526
4510
4521
4523
4514
4514
4509
4512
4511
4520
4533
4512
4535
4526
4522
4531
4544
4513
4533
4514
4571
4509
4508
4524
4509
4516
4534
4512
4808
4642
4526
4560
4853
4512
4514
4540
4515
4514
4537
4513
4513
4530
4531
4513
4513
4523
4510
4528
4536
4524
4510
4540
4514
4509
4528
4505
4517
4508
4523
4513
4512
4536
4511
4521
4525
4513
4548
4528
4507
4513
4527
4520
4531
4513
4537
4514
4514
4527
4507
4529
4523
4516
4520
4533
5058
4560
4527
4517
4521
4507
4522
4524
4521
4532
4509
4516
4525
4505
4528
4529
4513
4519
4561
4554
4513
4536
4513
4531
4669
5261
4534
4622
4526
4532
4537
4624
4550
4521
4518
4562
4642
4511
4530
4520
4520
4533
4508
4532
4526
4515
4510
4511
4503
4517
4520
4529
4525
4508
4537
4514
4518
4525
4504
4788
4521
4517
4510
4532
4514
4516
4512
4527
4509
4513
4527
4507
4519
4515
4512
4513
4527
4503
4511
4521
4558
4554
4513
4528
4515
4514
4522
4526
4508
4516
4502
4516
4531
4515
4529
4519
4526
4513
4528
4520
4516
4520
4512
4521
4510
4532
4509
4522
4515
4530
4506
4525
4519
4504
4537
4506
4519
4508
4518
4689
4510
4515
4590
4535
5330
4531
4525
4544
4510
4532
4528
4519
4509
4534
4527
4511
4566
4505
4513
4553
4516
4515
4511
4516
4514
4512
4548
4507
4510
4555
4511
4515
4557
4515
4509
4553
4519
4517
4512
4508
4524
4507
4558
4522
4507
4545
4521
4511
4547
4535
4513
4548
4517
4516
4551
4509
4530
4508
4514
4522
4509
4539
4519
4513
4546
4516
4516
4543
4518
4516
4522
4530
4514
4559
4526
4523
4565
4525
4514
4571
4507
4507
4549
4510
4516
4513
4562
4508
4522
4559
4645
4542
4532
4508
4517
4533
4510
4525
4525
4516
4517
4535
4506
4510
4508
4511
4527
4507
4538
4516
4524
4525
4528
4507
4520
4526
4510
4531
4507
4529
4507
4519
4513
4506
4541
4513
4520
4521
4525
4506
4532
4648
4612
4523
4508
4578
4542
4516
4527
4531
4507
4522
4520
4535
4508
4510
4512
4525
4520
4511
4524
4513
4518
4507
4511
4511
4510
4507
4508
4535
4506
4515
4517
4523
4509
4509
4505
4511
4528
4507
4520
4518
4526
4511
4524
4515
4509
4503
4530
4506
4510
4523
4517
4510
4530
4515
4511
4534
4509
4513
4519
4512
4511
4506
4531
4516
4505
4535
4512
4505
4529
4511
4504
4543
4506
4503
4529
4510
4520
4507
4534
4505
4504
4533
4504
4504
4527
4508
4518
4530
4507
4506
4531
4506
4514
4511
4669
4526
4620
4533
4629
4515
4538
4526
4515
4527
4519
4534
4528
4523
4510
4539
4513
4523
4506
4541
4509
4517
4538
4512
4532
4530
4521
4508
4534
4511
4527
4525
4514
4519
4509
4518
4511
4531
4530
4524
4546
4567
4734
4570
4779
4521
4538
4509
4521
4544
4512
4519
4533
4506
4510
4531
4506
4525
4517
4653
4517
4543
4527
4522
4526
4529
4533
4531
4523
4504
4553
4519
4516
4514
4525
4507
4513
4565
4539
4514
4511
4539
4510
4520
4529
4510
4509
4528
4521
4513
4541
4505
4526
4510
4532
4511
4512
4525
4669
4633
4544
4522
4628
4552
4519
4548
4587
4516
4530
4560
4514
4508
4521
4509
4515
4534
4551
4517
4518
4560
4511
4520
4541
4514
4509
4538
4522
4524
4522
4505
4506
4510
4521
4510
4513
4542
4515
4518
4538
4511
4506
4532
4509
4504
4528
4505
4511
4525
4502
4512
4509
4533
4528
4512
4569
4507
4525
4531
4521
4508
4526
4521
4505
4541
4509
4523
4504
4523
4510
4513
4530
4508
4522
4527
4520
4506
4535
4506
4524
4529
4522
4513
4534
4533
4512
4523
4521
4524
4509
4530
4510
4510
4541
4538
4516
4555
4506
4550
4532
4526
4527
4520
4521
4515
4512
4515
4505
4525
4549
4518
4511
4550
4507
4525
4566
4510
4542
4558
4528
4522
4558
4516
4515
4513
4510
4521
4517
4560
4513
4524
4554
4522
4513
4556
4517
4521
4561
4513
4519
4551
4518
4508
4531
4534
4508
4520
4547
4531
4513
4686
4559
4513
4519
4522
4524
4520
4511
4513
4510
4509
4512
4520
4526
4521
4517
4524
4513
4515
4521
4514
4510
4550
4518
4536
4549
4519
4516
4512
4558
4529
4519
4549
4517
4514
4552
4515
4513
4549
4517
4867
4659
4518
4524
4580
4512
4580
4528
4511
4513
4544
4523
4517
4527
4514
4518
4523
4518
4511
4527
4516
4516
4523
4512
4512
4522
4524
4513
4520
4530
4514
4518
4533
4515
4509
4524
4507
4513
4535
4513
4520
4532
4529
4511
4514
4523
4527
4512
4519
4527
4513
4534
4525
4512
4531
4706
4528
4526
4523
4510
4536
4543
4519
4516
4530
4522
4520
4524
4531
4510
4536
4540
4511
4546
4525
4520
4510
4520
4506
4520
4527
4530
4519
4535
4528
4513
4551
4519
4524
4525
4518
4521
4509
4536
4514
4655
4563
4523
4510
4713
5242
4519
4509
4543
4521
4538
4528
4510
4660
4513
4510
4534
4512
4513
4512
4510
4514
4518
4523
4514
4511
4535
4512
4510
4527
4516
4510
4620
4518
4511
4514
4509
4512
4513
4537
4515
4512
4534
4516
4510
4524
4511
4512
4528
4517
4511
4509
4513
4507
4508
4526
4637
4548
4511
4518
4509
4528
4518
4511
4518
4510
4510
4518
4512
4518
4510
4521
4511
4524
4512
4546
4512
4511
4537
4512
4537
4531
4525
4513
4543
4519
4517
4527
4520
4517
4516
4544
4511
4526
4532
4646
4563
4560
4514
4637
4553
4516
4538
4599
4590
4533
4543
4512
4512
4517
4511
4524
4514
4558
4521
4526
4537
4523
4525
4531
4504
4518
4541
4509
4520
4537
4517
4514
4524
4530
4509
4509
4530
4579
4525
4537
4505
4548
4521
4523
4524
4525
4534
4508
4531
4520
4522
4532
4534
4509
4531
5069
4544
4534
4528
4523
4557
4533
4509
4545
4519
4507
4518
4520
4522
4514
4542
4532
4524
4531
4528
4509
4526
4525
4509
4546
4522
4532
4508
4534
4512
4506
4505
4524
4520
4524
4535
4522
4548
4525
4549
4515
4538
4512
4591
4577
4517
5193
4550
4525
4507
4533
4505
4523
4510
4521
4509
4518
4540
4511
4526
4522
4519
4521
4531
4513
