4865
4927
4944
4910
4895
4906
4856
4895
4871
4853
4877
4875
4872
4855
4892
4853
4875
4879
4865
4864
4862
4856
4872
4879
4855
4858
4872
4866
4887
4871
4852
4860
4877
4857
4862
4867
4857
4872
4870
4857
4871
4882
4857
4859
4863
4873
4860
4868
4849
4872
4888
4862
4859
4959
4855
4865
4856
4856
4857
4857
4848
4863
4870
4857
4865
5055
4962
4896
5631
4870
4872
4854
4854
4870
4875
4855
4869
4856
4854
4869
4868
4853
4864
4857
4867
4867
4855
4855
4869
4862
4853
4865
4856
4855
4881
4856
4876
4872
4856
4866
4873
4862
4853
4868
4860
4854
4864
4855
4857
4868
4854
4872
4857
4876
4865
4871
4855
4870
4867
4877
4857
4881
4858
4867
4853
4868
4866
4867
4856
4895
4886
4862
4868
4863
4865
4858
4882
4854
4871
4852
4873
4868
4862
4855
4880
4858
4877
4856
4874
4854
4865
4859
4866
4853
4992
4906
4902
5685
4897
4889
4856
4885
4881
4863
4867
4898
4860
4867
5065
4853
4877
4884
4854
4869
4883
4863
4872
4876
4854
4858
4916
5177
4855
5718
4865
4854
4851
4861
4875
4855
4880
4851
4863
4876
4869
4851
4877
4867
4873
4874
4888
5096
4868
4868
4864
4987
4888
4871
4867
4875
4896
4854
4892
4872
4868
4880
4871
4855
4879
4869
4862
4874
4862
4857
4872
4882
4858
4890
4852
4868
4887
4872
4854
4883
4871
4868
4877
4870
4852
4880
4872
4864
4872
4852
4868
4878
4867
4856
4893
4856
4872
4876
4876
4861
4921
4858
4864
4874
4875
4855
4885
4932
4867
4889
4867
4862
4880
4866
4878
4877
4864
4862
4875
4867
4857
4885
4859
4867
4888
4895
4861
4881
4864
4874
4872
4872
4851
4881
4868
4874
4985
4884
4857
4892
5026
4912
4855
4881
4848
4873
4866
4868
4857
4856
4856
4863
4858
4871
4867
4859
4881
4855
4866
4868
4863
4864
4874
4855
4864
4871
4867
4855
4870
4851
4869
4875
4852
4858
4863
4854
4861
4879
4857
4876
4893
4877
4859
4908
4850
4868
4907
4864
5392
4880
4871
4878
4859
4888
4860
4874
4875
4880
4861
4879
4855
4878
4869
4875
4867
4871
4866
4861
4880
4847
4875
4890
4861
4873
4876
4866
4893
4870
4876
4869
4880
4869
4884
4875
4859
5085
4974
4872
4940
4900
4868
4896
4903
4859
4896
4869
4855
4896
4885
4862
4898
4881
4852
4926
4869
4870
4900
4878
4871
4905
4874
4869
4906
4867
4965
4894
4855
4928
4856
4865
4904
4869
4873
4912
4860
4864
4899
4890
4861
4900
4859
4854
4885
4859
4865
4870
4864
5016
4989
4904
4864
4923
4905
4862
4919
4889
4868
4891
4950
4868
4898
4877
4854
4894
4882
4862
4897
4868
4863
4906
4877
4857
4903
4874
4861
4866
4859
4873
4861
4874
4852
4864
4854
4871
4858
4869
4859
4871
4857
4891
4856
4873
4878
4870
4871
4880
4855
4869
4888
4910
4863
4886
4851
4862
4885
4854
4862
4874
4866
4865
4886
4854
4866
4877
4884
4856
4889
4857
4980
4879
4853
4859
4888
4852
4864
4874
4857
4853
4878
4861
4857
4879
4852
4862
4881
4853
5173
4983
4884
5204
4929
4902
4868
4910
4863
4870
4917
4871
4857
4917
4870
4870
4899
4880
4863
4905
4893
4864
4909
4885
4857
4907
4876
4853
4890
4889
4860
4889
4884
4853
4885
4882
4867
4857
4879
4867
4872
4854
4869
4854
4857
4858
4856
4860
4854
4856
4923
4878
4874
4858
4893
4858
4856
4892
4858
4858
4862
4954
5299
4866
4901
4898
4856
4877
4861
4858
4988
4856
4884
4857
4932
4908
4856
4850
4877
4861
4857
4874
4857
4860
4886
4853
4857
4871
4863
4859
4877
4850
4859
4884
4856
4858
4876
4869
4854
4878
4855
4857
4884
4856
4854
4878
4865
4863
4878
4855
4854
4880
5004
4860
4887
4898
5066
5383
4861
4852
4865
4862
4855
4869
4855
4853
4874
4857
4852
4869
4855
4856
4864
4855
4857
4866
4857
4871
4878
4882
4866
4899
4880
4856
4905
4870
4872
4909
4887
4866
4910
4876
4863
4947
4885
4855
4896
4879
4858
4908
4874
4867
4897
4886
4867
4942
4882
4865
4894
4896
4858
4904
4874
4867
4902
4883
4859
4912
4883
4859
4897
4878
4866
4904
4887
4852
4910
4884
4866
4900
4879
4862
4914
4878
4863
4877
4886
4859
4882
4877
4858
5015
5014
4877
4863
5031
4940
4858
4903
4922
4867
4887
4892
4869
4869
4903
4862
4858
4864
4869
4852
4866
4848
4858
4874
4855
4860
4871
4854
4870
4868
4854
4848
4871
4859
4852
4871
4861
4851
4871
4857
4858
4874
4855
4861
4869
4861
4866
4868
4859
4859
4870
4867
4956
4880
4857
4859
4954
5052
4858
4893
4865
4852
4876
4874
4855
4866
4878
4877
4858
4875
4855
4862
4875
4865
4853
4870
4858
4870
4866
4867
4857
4874
4860
4869
4988
4854
4854
4892
4855
4854
4859
4935
4875
4864
4872
4848
4874
4862
4864
4870
4861
4854
4885
4852
4920
4862
4870
4858
4874
4858
4899
4868
4868
4858
4861
4856
4856
4861
4855
4860
4848
5013
4966
4863
4863
5014
5871
4886
4871
4947
4858
4894
4858
4867
4882
4865
4864
4892
4854
4870
4874
4878
4859
4885
4862
4870
4886
4863
4858
4876
4855
4863
4882
4854
4851
4880
4877
4853
4891
4853
4865
4886
4871
4853
4905
4854
4871
4876
4869
4862
4886
4859
4870
5376
4866
4859
4886
4847
4861
4876
4855
4874
4884
4866
4851
4896
4864
4867
4881
4868
4855
4896
4859
4865
4875
4869
4864
4886
4860
4866
4882
4877
4859
4874
4852
4861
4883
4854
4871
4885
4993
4890
4873
4855
4934
5874
4856
4883
4899
4890
4896
4855
4897
4877
4863
4882
4882
4853
4896
4881
4869
4872
4884
4862
4884
4858
4862
4874
4869
4854
4881
4857
4854
4883
4857
4872
4875
4868
4858
4880
4874
4875
4870
4872
4854
4880
4867
4872
4869
4865
4854
4885
4857
5045
4856
4856
4860
4858
4876
4850
4862
4867
4855
4857
4866
4857
4860
4855
4852
4868
4858
4852
4861
4856
4862
4856
4910
4858
4857
4882
4853
4855
4872
4871
4859
4874
4854
4852
4874
5387
4879
4969
4854
4933
5494
4868
4865
4886
4865
4869
4874
4863
4860
4896
4856
4872
4872
4865
4871
4884
4855
4852
4861
4869
4858
4856
4861
4857
4875
4865
4870
4865
4870
4858
4868
4893
4877
4854
4867
4868
4870
4860
4866
4857
4860
4871
4875
4856
4873
4857
4871
4881
4887
5122
4879
4858
4852
4888
4857
4867
4859
4860
4861
4875
4853
4883
4855
4867
4866
4869
4860
4875
4864
4865
4859
4872
4862
4859
4861
4858
4877
4863
4869
4862
4867
4852
4877
4853
4868
5154
4885
4866
4916
4907
4865
4882
4883
4904
4888
4858
4866
4863
4867
4863
4876
4859
4885
4868
4856
4868
4864
4888
4861
4882
4862
4863
4872
4871
4851
4870
4860
4872
4857
4869
4851
4872
4868
4865
4864
5360
4861
4885
4866
4870
4857
4875
4867
4864
4874
4854
4881
5012
4864
4879
4868
4856
4883
4868
5123
5104
4879
4855
4883
4861
4870
4892
4887
4854
4879
4856
5007
4891
4867
4849
4885
4875
4864
4871
4848
4872
4910
4862
4853
4878
4860
4872
4872
4874
5029
5031
4867
4900
5170
4869
4879
4910
4922
4876
4896
4873
4862
4900
4869
4863
4897
4855
4869
4907
4860
4858
5247
4861
4864
4904
4871
4858
4902
4853
4860
4926
4858
4865
4883
4863
4914
4859
4867
4853
4872
4869
5019
4852
4851
4885
4860
4853
4896
4851
4857
4890
4884
4858
4885
4857
4877
4879
4858
4867
4883
4874
4857
4883
4851
4867
4881
4865
4863
4884
4856
4881
4872
4869
4853
4887
4862
4862
4876
4865
4857
4889
4859
4869
4871
4851
4877
4872
4867
5000
4932
4870
4948
4935
4862
4879
4890
4950
4872
4876
4866
4852
4890
4862
4871
4873
4868
4855
4888
4855
4874
4878
4865
4867
4880
4857
4854
4886
4870
4875
4872
4861
4852
4894
4857
4867
4883
4862
4859
4883
4859
4883
4872
4871
4855
4891
4862
4864
