5215
5340
5244
5226
5242
5206
5228
5211
5207
5232
5201
5219
5225
5212
5206
5234
5205
5216
5225
5213
5222
5211
5200
5236
5199
5731
5217
5221
5203
5234
5210
5213
5200
5217
5216
5217
5201
5227
5206
5226
5210
5212
5197
5224
5198
5218
5195
5220
5232
5202
5200
5229
5212
5198
5244
5204
5222
5224
5210
5221
5383
5230
5230
5240
5219
5231
5203
5199
5231
5202
5205
5216
5206
5229
5225
5204
5242
5205
5222
5227
5225
5206
5240
5204
5221
5211
5214
5228
5212
5203
5239
5203
5209
5232
5212
5203
5231
5204
5222
5208
5211
5223
5210
5199
5220
5197
5206
5221
5204
5200
5232
5200
5199
5195
5209
5223
5200
5195
5266
5208
5204
5286
5204
5199
5229
5214
5211
5208
5210
5255
5213
5211
5264
5215
5212
5253
5215
5209
5255
5214
5218
5202
5217
5328
5316
5372
5268
6393
5343
5223
5218
5210
5213
5229
5230
5221
5205
5216
5216
5223
5214
5218
5216
5214
5217
5213
5216
5221
5204
5215
5212
5232
5204
5218
5213
5214
5248
5214
5207
5231
5430
5260
5200
5221
5240
5221
5202
5238
5204
5220
5215
5223
5204
5226
5198
5219
5216
5222
5212
5211
5198
5222
5221
5207
5259
5199
5212
5221
5228
5201
5251
5223
5228
5200
5209
5220
5208
5201
5235
5199
5215
5215
5204
5201
5221
5209
5223
5203
5212
5215
5199
5210
5215
5195
5237
5217
5210
5561
5222
5239
5262
5256
5239
5247
5201
5224
5207
5209
5205
5222
5213
5211
5203
5221
5209
5215
5208
5226
5207
5229
5203
5231
5203
5222
5212
5224
5204
5233
5198
5224
5221
5226
5205
5233
5201
5212
5217
5213
5207
5203
5198
5242
5207
5199
5205
5214
5723
5229
5246
5207
5203
5210
5220
5211
5204
5220
5201
5205
5213
5202
5194
5212
5201
5202
5207
5207
5226
5201
5394
5220
5214
5213
5234
5205
5214
5223
5216
5199
5207
5216
5216
5226
5214
5254
5393
5617
5236
5236
5196
5211
5227
5220
5213
5216
5208
5202
5209
5221
5209
5199
5231
5213
5218
5198
5209
5225
5205
5198
5227
5200
5203
5244
5209
5198
5252
5203
5199
5240
5206
5263
5200
5206
5246
5217
5199
5254
5206
5211
5240
5212
5205
5308
5206
5243
5201
5213
5246
5214
5223
5222
5217
5202
5227
5200
5210
5234
5211
5216
5196
5203
5222
5204
5200
5224
5229
5221
5234
5215
5210
5234
5219
5220
5210
5212
5400
5239
5228
5221
5299
5867
5230
5217
5215
5241
5200
5202
5370
5205
5253
5199
5206
5250
5203
5201
5242
5199
5201
5239
5202
5200
5201
5200
5244
5200
5345
5438
5239
5771
5263
5235
5236
5204
5218
5220
5339
5199
5227
5200
5216
5213
5218
5202
5229
5197
5216
5199
5212
5214
5216
5207
5222
5205
5213
5225
5216
5203
5222
5213
5211
5219
5218
5211
5210
5200
5211
5200
5198
5213
5198
5197
5215
5210
5207
5260
5209
5228
5211
5211
5223
5215
5203
5217
5211
5214
5217
5218
5199
5216
5204
5209
5203
5211
5208
5220
5198
5221
5200
5219
5208
5231
5201
5234
5198
5216
5211
5218
5211
5222
5338
5254
5251
5268
5259
5226
5213
5259
5254
5208
5222
5225
5249
5211
5208
5252
5230
5221
5248
5217
5216
5260
5224
5207
5208
5216
5243
5214
5236
5243
5223
5204
5250
5218
5214
5241
5223
5206
5195
5215
5248
5213
5215
5253
5228
5220
5253
5227
5214
5252
5230
5220
5218
5202
5227
5205
5208
5223
5205
5209
5223
5198
5226
5260
5246
6330
5222
5248
5206
5220
5218
5236
5197
5228
5211
5223
5236
5208
5200
5201
5225
5222
5209
5202
5232
5214
5212
5221
5219
5207
5231
5204
5209
5519
5228
5228
5267
5510
5269
5272
5220
5232
5213
5219
5216
5208
5210
5204
5200
5231
5200
5214
5215
5216
5206
5221
5198
5222
5197
5216
5209
5210
5198
5223
5203
5210
5211
5216
5210
5219
5212
5225
5213
5214
5225
5211
5210
5227
5212
5211
5225
5214
5205
5222
5213
5208
5203
5201
5220
5200
5215
5220
5210
5203
5240
5195
5212
5213
5209
5222
5213
5196
5236
5200
5209
5221
5210
5206
5236
5204
5211
5229
5210
5203
5218
5212
5231
5369
5232
5228
5251
5694
6215
5227
5255
5214
5208
5255
5217
5201
5248
5210
5206
5257
5212
5200
5200
5199
5220
5203
5198
5215
5203
5197
5216
5198
5207
5225
5201
5205
5201
5209
5219
5210
5199
5229
5197
5207
5230
5208
5221
5224
5215
5210
5211
5280
5250
5205
5208
5221
5212
5205
5227
5206
5217
5228
5209
5211
5209
5211
5232
5212
5217
5220
5211
5209
5222
5203
5203
5233
5202
5225
5203
5212
5216
5213
5199
5230
5198
5229
5332
5234
5343
5207
5223
5208
5213
5219
5215
5206
5222
5200
5207
5222
5209
5200
5220
5200
5228
5208
5227
5217
5214
5216
5249
5208
5235
5212
5216
5231
5210
5202
5213
5215
5226
5217
5488
5242
5215
5216
5305
6223
5218
5208
5199
5236
5208
5200
5220
5208
5197
5224
5198
5220
5215
5211
5225
5212
5216
5222
5211
5195
5237
5215
5219
5217
5245
5203
5262
5205
5220
5209
5208
5206
5228
5199
5217
5202
5249
5201
5211
5201
5207
5204
5200
5250
5235
5203
5204
5205
5207
5211
5202
5203
5205
5194
5206
5258
5206
5218
5202
5213
5204
5211
5204
5220
5203
5213
5212
5210
5208
5210
5207
5259
5202
5217
5240
5212
5205
5254
5303
5235
5249
5212
5314
6389
5215
5224
5240
5240
5208
5205
5215
5209
5211
5217
5211
5214
5211
5204
5213
5218
5217
5218
5210
5210
5215
5203
5212
5211
5209
5205
5214
5205
5217
5202
5205
5206
5210
5203
5216
5203
5205
5210
5220
5200
5223
5201
5215
5202
5434
5218
5214
5214
5210
5213
5209
5215
5211
5209
5208
5216
5206
5212
5204
5215
5202
5206
5204
5230
5208
5222
5204
5218
5208
5221
5206
5222
5202
5228
5204
5220
5204
5219
5316
5238
5208
5221
5248
5228
5224
5272
5204
5209
5242
5217
5215
5248
5212
5210
5217
5217
5256
5201
5212
5248
5214
5199
5253
5204
5213
5247
5215
5230
5207
5201
5251
5208
5208
5245
5208
5200
5258
5206
5220
5238
5224
5226
5204
5203
5246
5213
5207
5263
5243
5217
5247
5216
5207
5210
5205
5255
5206
5209
5255
5214
5204
5254
5205
5209
5247
5212
5207
5245
5204
5250
5203
5209
5245
5213
5206
5245
5206
5209
5242
5223
5204
5254
5305
5357
5210
5214
5258
5203
5256
5240
5201
5208
5219
5208
5207
5218
5208
5232
5202
5202
5222
5209
5200
5223
5207
5200
5222
5212
5200
5222
5195
5223
5197
5206
5217
5204
5214
5218
5211
5207
5232
5201
5212
5218
5209
5205
5206
5205
5260
5204
5209
5244
5286
5200
5253
5209
5208
5249
5210
5199
5199
5198
5205
5200
5206
5207
5197
5198
5200
5196
5200
5235
5195
5204
5197
5205
5205
5205
5195
5218
5195
5204
5202
5201
5195
5203
5324
5303
5204
5201
5244
6372
5217
5207
5210
5205
5213
5215
5220
5210
5208
5212
5210
5205
5209
5207
5214
5199
5209
5203
5207
5205
5208
5205
5208
5199
5208
5208
5229
5212
5225
5221
5216
5224
5207
5202
5205
5201
5206
5199
5201
5199
5209
5200
5205
5263
5215
5212
5215
5214
5208
5220
5206
5210
5200
5204
5231
5208
5217
5213
5204
5202
5216
5200
5210
5222
5197
5225
5215
5215
5227
5219
5214
5222
5199
5225
5211
5205
5216
5225
5525
5246
5217
5209
5382
5218
5220
5233
5215
5267
5230
5212
5225
5242
5200
5236
5197
5200
5221
5207
5210
5226
5210
5230
5221
5200
5228
5226
5209
5214
5226
5202
5244
5201
5211
5223
5211
5214
5225
5209
5217
5223
5207
5225
5223
5200
5219
5210
5199
5236
5202
5286
5215
5217
5200
5241
5202
5230
5224
5219
5211
5249
5201
5231
5203
5226
5210
5219
5202
5233
5208
5216
5211
5218
5199
5215
5201
5227
5195
5204
5222
5204
5201
5216
5375
5307
5220
5202
5249
5221
5209
5220
5219
5268
5252
5200
5228
5244
5210
5218
5251
5212
5277
