5581
5758
5623
5589
5548
5607
5556
5578
5589
5560
5573
5559
5589
5570
5560
5568
5599
5542
5570
5557
5565
5571
5554
5559
5569
5566
5561
5561
5550
5570
5549
5556
5584
5550
5574
5595
5556
5578
5563
5564
5584
5570
5584
5544
5569
6014
5565
5725
5553
5592
5564
5554
5545
5561
5556
5559
5572
5550
5565
5686
5563
5592
5562
5569
5559
5544
5581
5563
5554
5560
5556
5570
5545
5574
5558
5575
5548
5556
5546
5558
5569
5545
5577
5552
5569
5548
5568
5595
5571
5558
5598
5553
5593
5556
5557
5601
5557
5562
5584
5566
5589
5558
5559
5621
5561
5548
5604
5547
5602
5547
5581
5591
5559
5565
5565
5578
5585
5567
5557
5604
5562
5562
5545
5550
5710
5649
5653
5991
5566
5589
5568
5557
5614
5545
5543
5551
5552
5572
5548
5559
5572
5548
5573
5550
5552
5562
5558
5548
5597
5556
5609
5563
5563
5589
5571
5553
5600
5553
5594
5546
5549
5588
5549
5563
5583
5555
5564
5560
5550
5565
5569
5610
5542
5563
5592
5556
5562
5600
5548
5552
5757
5565
5599
5578
5578
5548
5572
5565
5591
5549
5552
5546
5574
5569
5546
5563
5566
5570
5557
5542
5568
5568
5550
5557
5572
5568
5550
5549
5557
5577
5552
5560
5562
5570
5572
5544
5569
5565
5552
5561
5557
5556
5544
6076
5562
5573
5553
5559
5560
5567
5571
5552
5563
5574
5560
5555
5564
5557
5575
5542
5567
5565
5570
5554
5556
5562
5559
5562
5550
5597
5553
5566
5547
5557
5562
5557
5865
5693
5605
6413
5559
5582
5594
5567
5575
5562
5574
5572
5541
5601
5565
5588
5567
5571
5577
5574
5568
5558
5584
5574
5584
5548
5579
5569
5562
5559
5574
5578
5568
5557
5572
5574
5565
5563
5569
5564
5562
5569
5558
5597
5565
5560
5564
5615
5569
5550
5568
5549
5565
5552
5621
5567
5553
5555
5562
5548
5573
5549
5549
5566
5584
5550
5552
5549
5573
5586
5568
5556
5566
5557
5566
5546
5576
5545
5542
5913
5575
5576
5610
5554
5629
5568
5560
5567
5587
5569
5573
5555
5572
5572
5568
5558
5566
5556
5583
5548
5571
5571
5549
5567
5549
5576
5572
5568
5561
5574
5571
5568
5563
5557
5588
5562
5564
5579
5569
5573
5562
5572
5573
5545
5570
6071
5575
5568
5546
5565
5568
5556
5552
5580
5588
5544
5560
5590
5579
5586
5568
5547
5596
5568
5567
5593
5578
5584
5547
5553
5578
5552
5667
6457
5606
5732
5552
5566
5546
5576
5553
5565
5550
5569
5549
5558
5570
5550
5568
5551
5569
5548
5753
5565
5711
5626
5573
5552
5581
5568
5581
5570
5642
5580
5565
5566
5566
5565
5580
5544
5566
5575
5567
5552
5565
5555
5585
5557
5550
5613
5552
5555
5549
5572
5574
5559
5552
5715
5550
5578
5568
5556
5571
5557
5554
5556
5569
5566
5624
5580
5559
5570
5545
5659
5556
5573
5550
5545
5563
5554
5565
5546
5567
5559
5640
5554
5563
5560
5544
5562
5556
5563
5560
5558
5579
5552
5553
5562
5545
5584
5549
5878
5590
5704
6710
5575
5551
5567
5548
5570
5553
5544
5570
5551
5555
5570
5567
5568
5545
5567
5568
5569
5551
5577
5551
5561
5567
5543
5575
5550
5567
5557
5551
5561
5557
5552
5573
5550
5561
5550
5555
5564
5561
5560
5571
5558
5543
5563
5554
5589
5549
5556
5586
5551
5589
5547
5567
5568
5567
5545
5572
5561
5573
5569
5564
5567
5550
5549
5578
5550
5567
5552
5557
5561
5552
5922
6952
5601
5684
5621
5622
5563
5605
5561
5555
5603
5549
5568
5546
5552
5602
5543
5563
5587
5569
5571
5567
5550
5593
5560
5548
5604
5549
5601
5549
5558
5598
5558
5556
5600
5554
5596
5640
5562
5598
5554
5560
5599
5558
5584
5568
5547
5614
5546
5549
5593
5545
5609
5548
5734
5593
5570
5549
5557
5556
5592
5565
5549
5593
5552
5597
5571
5555
5599
5562
5545
5601
5556
5595
5562
5552
5595
5546
5566
5699
5589
5589
5591
5613
5582
5921
5582
5552
5558
5577
5555
5575
5565
5548
5562
5577
5554
5560
5563
5548
5572
5559
5579
5550
5574
5562
5550
5563
5552
5576
5584
5581
5552
5571
5551
5555
5589
5552
5566
5553
5567
5552
5596
5564
5560
5596
5598
5542
5552
5611
5550
5568
5555
5558
5566
5566
5547
5595
5589
5568
5561
5548
5595
5557
5579
5567
5555
5575
5561
5558
5562
5558
5550
5556
5558
5573
5559
5564
5689
5665
5565
5564
5654
5609
5582
5551
5583
5551
5587
5552
5556
5580
5558
5554
5571
5551
5565
5543
5554
5568
5554
5544
5558
5554
5560
5557
5546
5574
5551
5551
5549
5546
5571
5551
5556
5565
5548
5649
6504
5547
5890
5555
5567
5573
5556
5545
5580
5546
5606
5555
5554
5579
5542
5575
5565
5570
5570
5572
5542
5560
5548
5563
5604
5549
5644
5592
5557
5573
5559
5562
5563
5544
5580
5557
5559
5573
5584
5573
5544
5585
5559
5564
5549
5569
5565
5551
5572
5547
5579
5555
5568
5560
5557
5562
5680
5556
5586
5680
5674
5559
5552
5593
5544
5588
5572
5563
5560
5553
5546
5553
5552
5550
5568
5558
5564
5552
5560
5561
5555
5558
5561
5557
5562
5564
5546
5560
5548
5547
5568
5551
5566
5555
5558
5559
5546
5556
5558
5558
5561
5554
5552
5556
5550
5549
5563
5584
5571
5550
5548
5562
5550
5559
5561
5554
5561
5559
5548
5558
5571
5546
5621
5553
5546
5549
5546
5559
5549
5557
5560
5557
5552
5545
5560
5550
5554
5547
5553
5675
5577
5563
5631
5566
5570
5903
5572
5552
5579
5551
5570
5556
5557
5562
5547
5573
5560
5566
5548
5566
5566
5570
5555
5561
5564
5559
5557
5565
5555
5564
5560
5556
5568
5548
5566
5556
5574
5560
5554
5555
5551
5564
5549
5574
5544
5775
5569
5554
5568
5550
5558
5563
5556
5567
5561
5555
5567
5557
5568
5546
5555
5563
5555
5554
5568
5563
5556
5565
5546
5572
5548
5563
5566
5541
5575
5545
5564
5559
5717
5576
5556
5558
5765
5558
5586
5575
5559
5572
5557
5564
5555
5573
5546
5577
5553
5566
5557
5544
5570
5553
5575
5561
5569
5563
5555
5557
5573
5564
5550
5574
5547
5563
5556
5563
5568
5559
5556
5571
5546
5568
5557
5554
5574
5554
5557
5551
5586
5564
5569
5548
5577
5564
5546
5555
5547
5594
5546
5575
5587
5554
5595
5560
5574
5587
5565
5549
5597
5556
5593
5564
5556
5596
5558
5541
5574
5558
5596
5558
5652
5613
5549
5726
5596
5566
5566
5551
5625
5559
5573
5574
5556
5569
5575
5563
5575
5559
5553
5584
5562
5578
5567
5558
5559
5572
5542
5591
5552
5578
5576
5571
5572
5547
5571
5561
5567
5561
5571
5547
5575
5560
5547
5578
5552
5587
6091
5586
5590
5557
5563
5590
5546
5578
5568
5561
5587
5561
5555
5585
5567
5546
5602
5551
5591
5545
5559
5611
5557
5566
5586
5553
5598
5556
5551
5597
5553
5555
5553
5664
5630
5552
5632
5592
5573
5598
5564
5546
5593
5556
5552
5594
5541
5604
5542
5565
5585
5555
5552
5602
5562
5586
5567
5544
5593
5551
5560
5593
5557
5597
5555
5545
5593
5556
5556
5589
5565
5595
5543
5568
5590
5565
5547
5564
5548
5583
5568
5576
5611
5548
5576
5552
5567
5591
5562
5551
5589
5568
5570
5556
5552
5593
5565
5555
5593
5561
5589
5559
5552
5604
5559
5556
5596
5550
5593
5561
5567
5591
5712
5571
5585
5582
5671
5567
5572
5609
5547
5558
5555
5561
5597
5550
5554
5564
5553
5552
5551
5550
5573
5545
5571
5569
5563
5591
5556
5561
5561
5553
5559
5565
5600
5586
5551
5562
5553
5546
5566
5550
5565
5562
5561
5562
5587
5549
5575
6124
5579
5595
5562
5569
5597
5570
5572
5566
5547
5613
5548
5554
5602
5547
5621
5546
5581
5591
5552
5566
5595
5555
5610
5559
5584
5595
5559
5573
5595
5576
5609
5615
5567
5611
5562
5679
5601
5569
5602
5551
5586
5618
5543
5606
5557
5577
5587
5604
5553
5553
5556
5554
5573
5572
