5945
6102
5963
5951
5908
5945
5891
5921
5945
5898
5940
5907
5909
6156
5900
5936
5900
5914
5951
5901
5952
5891
5919
6266
5969
5939
5927
5921
5911
5896
5927
5897
5912
5915
5893
5935
5902
5905
5933
5895
5930
5904
5910
5920
5921
5918
5886
5916
5904
5911
5925
5906
5905
5924
5902
5909
5914
5897
5919
5902
5914
5901
5902
5926
5891
5933
5894
5894
5936
5893
5918
5909
5907
5910
5900
5919
5889
5909
5957
5891
5923
5889
5901
5931
5892
5922
5899
5902
5922
5909
5915
5901
5902
5914
5897
5913
5889
5893
6226
5916
5966
5902
5913
5893
5909
5900
5894
5900
5897
5901
5904
5894
5900
5909
5894
5907
5901
5890
5898
5907
5895
5901
5919
5896
5909
5899
5906
5897
5917
5902
5911
5911
5888
5926
5898
5911
5914
5894
5915
5897
5920
5908
6415
5928
5892
5916
5904
5905
5911
5901
5916
5890
5914
5911
5893
5922
5893
5908
5914
5903
5920
5913
5906
6043
5902
5893
5900
5902
5898
5901
5903
5891
5902
6037
5913
5905
5919
5913
5901
5926
6007
6886
5897
5936
5904
5948
6024
5891
6264
5965
5920
5952
5893
5919
5915
5916
5903
5900
5927
5883
5933
5905
5886
5930
5895
5927
5905
5898
5915
5899
5919
5894
5914
5913
5902
5926
5896
5899
5920
5905
5907
5911
5902
5916
5911
5911
5912
5900
5920
5908
5955
5901
5894
5928
5896
5920
5918
6012
5930
5896
5920
5911
5900
5923
5899
5928
5900
5909
5922
5893
5927
5901
5905
5916
5904
6216
5898
5910
5910
5909
6136
6095
5898
5913
5907
5932
5922
5894
5930
5913
5937
5896
5905
5937
5893
5943
5899
5903
5942
5896
5942
5916
5893
5946
5908
5976
5904
5901
5942
5903
5949
5896
5900
5941
5902
5945
5915
5903
5930
5929
5914
5930
5902
5916
6174
5923
5900
5900
5945
5899
5940
5912
6034
5933
5915
5933
5893
5895
5938
5894
5941
5896
5905
5947
5894
5985
5909
5978
5947
5912
5936
5909
5929
5936
5904
6199
6171
5918
5935
5950
5896
5953
5902
5918
5926
5964
5917
5903
5904
5913
5913
5925
5891
5904
5916
5898
5929
5900
5905
5924
5895
5905
5911
5898
5909
5913
5908
5892
5897
5914
5906
5914
5903
5895
5933
5892
5903
5924
5896
5908
5923
5909
5892
5906
5910
5905
5923
6030
5898
5902
5905
5903
5909
5917
5901
5920
5892
5897
5926
5912
5916
5904
5895
5916
5920
5912
5902
5891
6074
5917
5899
5925
5906
6108
5918
5986
5936
5933
5930
5893
5909
5942
5958
6397
5901
5906
5910
5905
5908
5891
5910
5915
5899
5918
5900
5903
5904
5906
5912
5900
5902
5900
5908
5904
5896
5896
5925
5897
5911
5904
5899
5915
5893
5923
5912
5897
5943
5910
5914
5903
5908
5914
5904
5920
5893
5916
5911
5892
5924
5903
5903
5920
5960
5926
5903
5914
5905
5914
5909
5905
5902
5923
5902
5904
5911
5891
5941
6136
6008
5916
6201
5952
5912
5928
5902
5887
5934
5890
5921
5919
5892
5921
5932
5911
5912
5902
5916
5908
5925
5900
5896
5923
5907
5913
5916
5893
5928
5924
5909
5906
5897
5917
5898
5919
5902
5891
5991
5894
5915
5916
5898
5934
5904
5927
5904
5900
5934
5902
5939
5894
5914
5932
5893
5940
5951
5903
5923
5949
5929
5908
5912
5916
5924
5918
5910
5911
5916
5905
5903
5904
5890
5938
5909
6233
5916
5928
5926
5924
5941
5904
5900
5929
6038
5909
5902
5897
5946
5902
5940
5891
5903
6018
6763
5900
5914
5907
5906
5904
5906
5908
5917
5907
5904
5915
5904
5901
5916
5902
5890
5929
5916
5907
5912
5891
5910
5899
5913
5898
5900
5911
5891
5927
5894
5908
5923
5897
5924
5900
5910
6043
6025
5912
5923
5919
6906
5952
5918
5909
5891
5906
5904
5907
5905
5902
5922
5903
5913
5891
5900
5917
5893
5915
5901
5896
5922
5898
5902
5906
5898
5905
5908
5910
5891
5901
5921
5893
5913
5897
5894
5914
5893
5907
5906
6187
5907
5901
5907
5890
5900
5910
5890
5915
5899
5945
5907
5900
5891
5903
5921
5899
5909
5902
5893
5901
5901
5890
5904
5897
5889
5904
5892
5895
5904
5894
6072
6015
5916
5932
6553
5904
5908
5936
5902
5913
5890
5912
5934
5898
5912
5896
5900
5941
5907
5902
5894
5903
5906
5906
5896
5903
5911
5910
5908
5896
5900
5893
5917
5902
5894
5922
5897
5904
5900
5906
5908
5900
5900
5890
5912
5895
5905
5910
5894
5906
5895
5902
5893
5903
5901
5889
5919
5897
5913
5895
5892
5914
5896
5902
5900
5910
5891
5899
5914
5895
5921
5906
5902
5896
5910
6050
6012
5917
5921
6522
5923
5935
6120
5925
6008
5928
5888
5912
5898
5905
5919
5892
5931
5925
5893
5922
5912
5904
5912
5923
5909
5916
5910
5915
5906
5918
5906
6030
5903
5895
5920
5909
5906
5904
5902
5909
5908
5918
5895
5904
5945
5901
5926
5902
5901
5933
5901
5906
5911
5896
5907
5911
5911
5936
5909
5905
5908
6322
5936
5901
5959
7189
5931
5908
5909
6037
5903
5895
5911
5894
5915
5909
5899
5915
5906
5913
5903
5927
5912
5903
5926
5896
5917
5910
5895
5915
5899
5912
5904
5908
5916
5908
5910
5900
5914
5902
5906
5911
5905
5899
5912
5927
5898
5928
5896
5920
5917
5909
5913
5903
5919
5889
5908
5911
5905
5925
5899
5916
5915
5901
5924
5907
5910
5913
5911
5905
5916
5908
5916
5916
5896
5908
6035
5984
5902
5951
5916
5908
5936
5894
5900
5917
5904
5914
5909
5909
5895
5920
5919
5894
5923
5895
5908
5916
5895
5907
5901
5909
5901
5918
5900
5888
5922
5901
5903
5905
5908
5897
5922
5905
5903
5903
5906
5894
5900
5912
5908
5988
5938
5896
5931
5907
5911
5939
5890
5916
5900
5924
5922
5907
5917
5920
5915
5909
5915
5929
5913
5909
5919
5908
5913
5925
5902
5920
5904
5911
5930
6041
6048
5919
5995
5942
6303
5933
5905
5930
5946
5896
5958
5899
5908
5900
5914
5941
5891
5919
5897
5895
5955
5893
5908
5901
5910
5930
5902
5909
5892
5933
5915
5903
5911
5894
5904
5940
5901
5898
5917
5898
5931
5917
5897
5948
5914
5946
5893
5934
5901
5893
5937
5894
5905
5896
5904
5929
5901
5909
5891
5906
5918
5891
5915
5893
5906
5937
5893
5916
5900
5893
5915
5894
5896
5894
6019
6023
5895
5947
7046
5926
5933
5914
5961
5903
5914
5933
5896
5956
5905
5906
5956
5894
5950
5913
5919
5949
5908
5956
5888
5927
5940
5891
5957
5890
5922
5928
5894
5947
5900
5931
5936
5909
5949
5891
5922
5972
5898
5951
5902
6039
5926
5902
5912
5906
5968
5930
5918
5914
5899
5901
5938
5893
5934
5899
5912
5935
5892
5935
5902
5945
5934
5899
5921
5898
5919
5910
5908
5930
5901
6053
5996
5910
5976
5919
5924
5914
5914
5917
5972
5905
5922
5902
5927
5901
5909
5930
5894
5927
5916
5897
5930
5902
5933
5905
5916
5926
5901
5933
5896
5918
5914
5897
5939
5899
5907
5925
5907
5894
5905
5916
5915
5906
5924
5975
5920
5920
5913
5952
5917
5909
5932
5896
5932
5913
5910
5924
5909
5933
6024
5927
5953
5892
5966
5904
5922
5960
5905
5959
5901
5922
5934
5907
5960
5930
6053
5916
5902
5977
5942
5938
5912
5917
5946
5948
5930
5918
5907
5940
5900
5934
5935
5905
5929
5915
5910
5919
5909
5940
5901
5921
5926
5893
5946
5902
5918
5936
5916
5933
5908
5921
5926
5898
5930
5888
5917
5910
5917
5921
5922
5923
5974
5890
5917
5904
5901
5914
5902
5920
5895
5898
5916
5891
5923
5903
5901
5921
5894
5928
5903
5898
5924
5904
5922
5903
5905
5916
5908
5929
5895
6070
5983
5898
5968
5907
5925
5897
5910
5925
5894
5923
5892
5902
5920
5904
5919
5907
5907
5929
5917
5909
5915
5908
5926
5925
5920
5913
5903
5935
5894
5955
5915
5896
5933
5906
5923
5904
5905
5922
5905
5924
5896
5919
5910
6457
5937
5938
5903
5977
5915
5922
5944
5915
5952
5915
5919
