6250
6352
6259
6259
6263
6266
6242
6256
6257
6257
6241
6238
6257
6303
6266
6236
6251
6245
6238
6243
6251
6251
6241
6243
6249
6253
6242
6242
6254
6246
6242
6243
6255
6245
6245
6225
6246
6256
6263
6235
6254
6250
6238
6236
6258
6250
6246
6243
6253
6253
6253
6233
6251
6253
6245
6248
6247
6258
6262
6234
6255
6247
6258
6252
6239
6385
6358
6286
7138
6266
6298
6255
6269
6251
6300
6269
6271
6285
6264
6305
6259
6267
6282
6274
6288
6256
6314
6252
6282
6282
6276
6320
6255
6283
6238
6281
6294
6245
6315
6246
6280
6290
6253
6307
6257
6309
6250
6618
6321
6258
6275
6261
6308
6253
6250
6295
6258
6289
6264
6278
6251
6283
6279
6258
6317
6257
6272
6498
6265
6290
6240
6292
6266
6259
6292
6237
6718
6253
6332
6259
6971
6299
6264
6308
6252
6286
6282
6265
6286
6284
6296
6249
6251
6242
6267
6298
6252
6274
6263
6264
6267
6260
6282
6262
6278
6331
6260
6281
6242
6270
6256
6244
6242
6248
6278
6267
6280
6251
6260
6262
6354
6268
6383
6305
6256
6254
6262
6249
6285
6239
6253
6254
6248
6253
6244
6283
6252
6259
6252
6253
6274
6266
6278
6244
6259
6241
6261
6247
6264
6230
6223
6257
6267
6245
6235
6267
6252
6248
6248
6261
6266
6244
6257
6250
6308
6262
6298
6276
6250
6254
6297
6250
6292
6241
6272
6265
6248
6293
6242
6291
6260
6240
6262
6248
6294
6256
6278
6266
6252
6294
6264
6292
6263
6236
6352
6286
6743
6443
6246
6285
6258
6255
6251
6264
6253
6269
6247
6251
6272
6253
6264
6242
6259
6266
6243
6261
6267
6260
6255
6250
6260
6251
6249
6261
6256
6264
6242
6286
6270
6258
6254
6256
6261
6258
6250
6261
6288
6251
6253
6241
6260
6267
6249
6285
6259
6260
6261
6245
6266
6256
6270
6252
6253
6274
6245
6256
6294
6250
6265
6244
6270
6257
6251
6249
6248
6577
6372
6253
6383
6306
6285
6265
6276
6260
6268
6247
6252
6252
6265
6261
6238
6268
6253
6256
6254
6251
6272
6244
6259
6271
6247
6261
6251
6276
6249
6237
6268
6251
6296
6263
6276
6278
6248
6271
6258
6276
6271
6777
6240
6246
6276
6245
6257
6254
6250
6245
6242
6275
6252
6264
6242
6251
6278
6243
6267
6263
6274
6248
6236
6279
6262
6270
6251
6250
6277
6246
6567
6283
6284
6331
6276
7628
6251
6250
6257
6241
6239
6261
6411
6544
6292
6244
6274
6247
6239
6299
6236
6321
6250
6248
6307
6235
6275
6266
6287
6254
6238
6293
6264
6289
6248
6255
6275
6252
6282
6251
6285
6245
6238
6293
6245
6294
6251
6285
6254
6243
6283
6252
6286
6237
6244
6256
6250
6286
6232
6278
6245
6240
6283
6232
6281
6242
6409
6327
6268
6290
6272
6280
6269
6266
6246
6251
6264
6275
6245
6256
6261
6253
6269
6245
6276
6273
6263
6254
6267
6266
6262
6257
6264
6267
6254
6255
6269
6264
6262
6239
6269
6269
6261
6265
6262
6254
6232
6279
6254
6256
6253
6239
6282
6269
6264
6254
6265
6266
6252
6258
6263
6270
6261
6252
6251
6265
6261
6263
6280
6246
6253
6267
6258
6272
6241
6265
6251
6392
6286
6389
7137
6752
6263
6245
6242
6261
6369
6253
6238
6259
6246
6246
6250
6246
6258
6245
6253
6260
6256
6256
6251
6265
6239
6248
6246
6252
6263
6227
6250
6266
6250
6263
6237
6272
6246
6249
6260
6246
6283
6270
6262
6262
6253
6279
6326
6366
6264
6235
6296
6246
6249
6258
6252
6260
6251
6256
6261
6257
6553
6240
6240
6251
6276
6242
6278
6258
6248
6367
6303
6260
6351
6273
6229
6228
6290
6273
6260
6238
6456
6255
6244
6259
6251
6269
6226
6224
6272
6249
6257
6242
6266
6253
6252
6259
6255
6275
6233
6245
6602
6273
6274
6241
6285
6253
6254
6243
6263
6399
6359
6265
6271
6262
7461
6250
6288
6248
6252
6272
6245
6259
6249
6272
6276
6264
6264
6256
6275
6272
6256
6277
6277
6260
6251
6271
6280
6269
6259
6269
6251
6253
6272
6321
6282
6257
6241
6289
6268
6271
6264
6273
6261
6235
6273
6242
6261
6253
6281
6248
6261
6265
6266
6257
6277
6262
6247
6270
6265
6264
6293
6258
6264
6291
6271
6286
6268
6296
6266
6247
6421
6362
6271
6272
6271
7399
6250
6254
6259
6242
6250
6251
6251
6233
6257
6272
6249
6246
6254
6540
6253
6248
6240
6253
6247
6236
6242
6253
6272
6248
6263
6258
6248
6266
6329
6278
6254
6237
6235
6248
6271
6247
6515
6255
6259
6250
6241
6260
6244
6254
6243
6246
6244
6244
6234
6255
6266
6247
6247
6257
6252
6243
6245
6269
6338
6406
6243
6247
6242
6260
6263
6238
6270
6255
6274
6258
6245
6266
6252
6289
6244
6405
6293
6248
6391
6240
6304
6260
6271
6259
6257
6250
6240
6245
6247
6242
6242
6242
6254
6252
6244
6248
6239
6266
6249
6256
6246
6255
6242
6238
6259
6250
6251
6238
6255
6274
6243
6264
6257
6258
6250
6237
6276
6279
6269
6288
6269
6300
6238
6253
6243
6250
6242
6238
6251
6253
6243
6238
6254
6256
6230
6263
6246
6253
6260
6240
6273
6248
6262
6239
6257
6256
6359
6365
6263
6311
6251
6264
6259
6264
6271
6246
6264
6257
6254
6261
6252
6276
6248
6245
6268
6252
6267
6240
6254
6267
6248
6265
6252
6281
6259
6248
6270
6248
6256
6255
6257
6260
6243
6253
6259
6258
6255
6247
6288
6296
6253
6251
6301
6243
6242
6297
6242
6286
6240
6267
6285
6262
6291
6239
6303
6238
6257
6295
6248
6291
6239
6269
6256
6254
6290
6251
6318
6246
6337
6546
6270
6275
6263
6310
6266
6280
6286
6257
6258
6270
6289
6247
6268
6271
6265
6269
6241
6283
6252
6274
6270
6249
6300
6240
6279
6279
6245
6272
6253
6294
6258
6254
6278
6245
6304
6254
6264
6281
6297
6274
6251
6423
6249
6246
6251
6256
6251
6251
6246
6264
6258
6243
6252
6252
6253
6262
6240
6272
6298
6259
6262
6255
6264
6229
6249
6258
6255
6261
6233
6364
6285
6244
6429
6604
6258
6256
6241
6265
6307
6263
6252
6252
6266
6267
6242
6266
6258
6264
6253
6265
6270
6267
6260
6265
6264
6253
6252
6264
6281
6245
6258
6266
6265
6268
6244
6276
6259
6254
6264
6254
6290
6305
6261
6273
6252
6274
6239
6290
6262
6250
6268
6261
6269
6260
6242
6251
6253
6262
6251
6272
6264
6264
6254
6251
6262
6267
6261
6255
6257
6261
6370
6275
6256
6417
6276
6666
6277
6249
6281
6240
6263
6266
6258
6247
6246
6274
6249
6262
6253
6258
6280
6260
6251
6250
6259
6252
6241
6264
6241
6245
6251
6278
6259
6243
6253
6254
6254
6259
6225
6265
6251
6243
6244
6251
6414
6244
6263
6270
6249
6263
6236
6261
6245
6255
6238
6251
6264
6244
6264
6250
6251
6251
6251
6253
6247
6262
6231
6242
6253
6241
6264
6378
6263
6245
6405
6279
6279
6276
6246
6270
6263
6242
6249
6251
6267
6249
6245
6269
6251
6256
6234
6264
6266
6245
6255
6246
6278
6238
6252
6262
6267
6252
6242
6278
6248
6258
6260
6255
6280
6242
6253
6255
6265
6286
6271
6276
6257
6277
6254
6255
6262
6244
6266
6249
6267
6261
6241
6282
6250
6258
6239
6266
6266
6248
6265
6251
6274
6262
6235
6292
6253
6274
6251
6425
6299
6249
6390
6731
6285
6268
6250
6266
6285
6270
6253
6248
6279
6279
6260
6249
6280
6243
6256
6271
6259
6281
6241
6255
6251
6267
6274
6241
6286
6246
6255
6271
6253
6283
6250
6252
6259
6263
6260
6243
6274
6270
6248
6386
6262
6257
6249
6264
6261
6270
6254
6244
6272
6260
6285
6242
6288
6272
6247
6282
6252
6276
6264
6264
6284
6250
6281
6240
6276
6282
6363
6282
6246
6365
7508
6265
6273
6234
6325
6295
6296
6239
6265
6289
6255
6282
6250
6306
6256
6252
6290
6249
6301
6239
6254
6275
6242
6271
6265
6278
6247
6238
6267
6246
6275
6268
6255
6263
6251
6271
6248
6281
6275
