6643
6767
6617
6657
6609
6603
6675
6619
6624
6641
6632
6626
6620
6631
6615
6648
6588
6611
6630
6625
6639
6600
6627
6608
6621
6593
6634
6762
6815
6672
6648
6614
6600
6651
6626
6612
6634
6635
6618
6613
6632
6598
6642
6595
6634
6629
6628
6622
6614
6629
6625
6639
6608
6633
6633
6619
6631
6589
6647
6619
6651
6607
6633
6620
6624
6629
6644
6645
6607
6647
6604
6614
6636
6630
6627
6620
6621
6608
6633
6612
6599
6641
6596
6613
6606
6627
6764
6605
6606
6601
6647
6616
6633
6608
6762
6599
6781
6613
6613
6652
6626
6650
6619
6623
6600
6630
6622
6613
6643
6608
6611
6613
6643
6608
6626
6606
6586
6593
6611
6598
6602
6608
6603
6597
6600
6615
6632
6621
6627
6602
6622
6578
6618
6632
6592
6619
6601
6622
6594
6622
6583
6588
6625
6590
6637
6644
6637
6608
6627
6596
6627
6632
6613
6635
6597
6615
6594
6637
6611
6626
6635
6610
6784
6628
6819
6610
6644
6593
6647
6600
6628
6603
6628
6617
6600
6624
6614
6636
6602
6594
6735
8013
6645
6601
6629
6599
6603
6605
6624
6607
6610
6620
6608
6607
6606
6629
6607
6628
6597
6597
6630
6619
6615
6620
6607
6595
6604
6616
6577
6633
6582
6613
6618
6625
6628
6726
6606
6610
6624
6613
6676
6610
6616
6609
6591
6634
6624
6626
6629
6633
6589
6628
6622
6598
6636
6608
6927
6748
6624
6658
6652
7355
6610
6618
6597
6617
6603
6630
6608
6619
6606
6613
6587
6619
6634
6596
6636
6603
6633
6629
6597
6633
6613
6614
6604
6636
6604
6629
6585
6600
6628
6570
6632
6621
6626
6619
6649
6597
6619
6625
6596
6634
6599
6623
6612
6613
6612
6589
6613
6610
6619
6618
6620
6600
6610
6620
6609
6638
6611
6635
6613
6611
6612
6602
6917
6697
6854
6616
6627
6631
6661
6625
6630
6613
6607
6627
6606
6688
6619
6630
6609
6592
6613
6616
6618
6623
6648
6623
6613
6606
6616
6630
6615
6618
6617
6605
6634
6633
6627
6613
6625
6619
6881
6625
6668
6634
6634
6619
6596
6628
6673
6628
6614
6611
6621
6617
6594
6619
6650
6612
6623
6618
6633
6665
6610
6610
6602
6635
6617
6650
6625
6657
6645
6589
6614
6703
6636
6705
6634
6608
6617
6614
6621
6609
6600
6646
6594
6618
6624
6630
6629
6609
6601
6617
6618
6598
6625
6590
6624
6601
6586
6640
6606
6619
6630
6624
6579
6615
6782
6621
6626
6597
6614
6600
6607
6616
6609
6638
6621
6626
6606
6601
6628
6619
6630
6620
6627
6601
6637
6626
6741
6641
6757
6631
6634
6630
6614
6647
6599
6621
6646
6584
6648
6607
6648
6615
6640
6622
6601
6648
6615
6656
6600
6631
6612
6605
6621
6598
6615
6587
6616
6613
6616
6609
6612
6602
6594
6616
6593
6605
6598
6589
6598
6580
6610
6618
6620
6575
6612
6606
6628
6608
6606
6627
6593
6619
6610
6632
6599
6624
6586
6635
6634
6609
6631
6612
6620
6603
6786
6605
7088
8012
6609
6629
6612
6607
6570
6672
6607
6616
6607
6586
6653
6590
6617
6593
6616
6603
6579
6615
6592
6654
6629
6640
6610
6638
6623
6610
6626
6614
6653
6603
6633
6596
6651
6614
6599
6682
6639
6642
6607
6644
6598
6656
6594
6604
6643
6620
6640
6614
6628
6610
6691
6613
6606
6648
6597
6630
6608
6621
6612
6609
6588
6592
6621
6919
6636
6735
6687
7109
6646
6594
6602
6651
6600
6680
6612
6633
6603
6613
6602
6715
6606
6645
6601
6625
6635
6632
6797
6656
6645
7112
7549
6647
6616
6601
6626
6615
6640
6609
6606
6653
6605
6652
6613
6641
6598
6642
6589
6598
6609
6592
6610
6594
6610
6601
6620
6628
6597
6630
6604
6611
6626
6609
6617
6617
6603
6611
6653
6614
6623
6611
6608
6600
6598
6619
6620
6627
6614
6626
6589
6623
6602
6626
6640
6594
6631
6616
6633
6622
6635
6590
6606
6608
6619
6791
6634
6630
6679
6622
7683
6613
6618
6623
6635
6588
6640
6605
6640
6616
6609
6605
6601
6598
6622
6644
6619
6628
6606
6611
6600
6601
6629
6617
6615
6633
6597
6614
6611
6625
6610
6625
6591
6628
6638
6780
6625
6602
6620
6607
6608
6603
6662
6600
6640
6592
6571
6640
6617
6638
6624
6616
6621
6621
6592
6606
6637
6593
6625
6610
6623
6621
6590
6728
6650
6591
6751
6674
6642
6653
6657
6628
6617
6607
6656
6630
6654
6634
6650
6617
6617
6617
6611
6666
6612
6643
6624
6648
6645
6617
6658
6615
6653
6630
6655
6671
6639
6643
6592
6615
6617
6648
6636
6652
6598
6649
6617
6596
6665
6623
6651
6614
6653
6640
6646
6631
6612
6598
6710
6636
6663
6618
6616
6615
6608
6599
6674
6624
6609
6619
6601
6585
6606
6604
6595
6611
6611
6591
6606
6592
6618
6620
6608
6621
6982
6604
6756
7226
6597
6620
6618
6600
6595
6694
6618
6603
6631
6617
6619
6605
6632
6616
6618
6615
6603
6635
6624
6629
6624
6629
6604
6598
6612
6620
6645
6602
6626
6604
6636
6615
6602
6628
6615
6611
6604
6647
6674
6614
6627
6607
6652
6604
6656
6624
6635
6607
6608
6617
6621
6601
6603
6616
6584
6585
6614
6598
6610
6614
6589
6619
6600
6732
6792
6612
6723
6605
6595
6611
6616
6611
6620
6608
6597
6610
6613
6620
6604
6602
6616
6623
6616
6670
6613
6606
6607
6603
6615
6621
6598
6608
6592
6595
6601
6597
6635
6609
6588
6595
6605
6606
6609
6640
6633
6610
6595
6634
6629
6579
6615
6589
6607
6605
6615
6592
6604
6567
6605
6622
6602
6599
6593
6588
6609
6616
6594
6603
6626
6608
6617
6702
6726
6611
6727
7722
6644
6609
6593
6607
6615
6654
6593
6641
6579
6600
6645
6603
6648
6597
6649
6584
6638
6601
6589
6638
6589
6630
6749
6646
6603
6630
6579
6576
6634
6613
6636
6614
6644
6599
6570
6611
6610
6712
6595
6626
6601
6641
6609
6602
6627
6600
6638
6597
6624
6611
6643
6610
6579
6643
6619
6649
6608
6636
6591
6613
6604
6604
6640
6710
6761
6593
6813
6590
6652
6620
6618
6644
6668
6635
6610
6637
6624
6648
6595
6600
6640
6622
6654
6619
6664
6611
6630
6618
6603
6637
6599
6639
6608
6647
6594
6642
6619
6599
6655
6601
6634
6597
6643
6623
6596
6606
6610
6642
6607
6636
6614
6629
6594
6612
6627
6619
6636
6603
6643
6619
6656
6604
6604
6650
6607
6667
6613
6644
6609
6639
6570
6736
6642
6648
6651
6770
6656
6598
6644
6622
6652
6623
6640
6624
6619
6653
6602
6656
6617
6625
6621
6618
6621
6615
6649
6621
6650
6603
6643
6637
6605
6643
6617
6629
6624
6631
6621
6643
6634
6609
6656
6613
6660
6739
6612
6630
6587
6635
6618
6625
6612
6635
6602
6625
6629
6627
6632
6605
6622
6655
6636
6628
6617
6616
6615
6634
6619
6644
6898
6665
6616
6731
6654
6621
6631
6621
6627
6610
6712
6611
6618
6626
6615
6621
6590
6623
6614
6626
6607
6615
6641
6611
6658
6603
6655
6610
6607
6611
6618
6633
6612
6629
6612
6612
6599
6615
6626
6612
7166
6646
6616
6609
6613
6624
6602
6614
6642
6623
6613
6620
6615
6626
6596
6603
6627
6619
6618
6622
6616
6590
6647
6590
6613
6627
6608
6621
6905
6646
6634
6777
6619
6637
6601
6603
6629
6611
6634
6625
6608
6612
6626
6622
6603
6622
6588
6616
6614
6609
6611
6589
6615
6597
6624
6614
6611
6597
6603
6614
6622
6614
6623
6623
6604
6603
6613
6616
6607
6656
6613
6714
6632
6607
6615
6598
6603
6601
6594
6643
6615
6630
6632
6601
6602
6616
6619
6607
6632
6593
6629
6614
6619
6861
6615
6614
6781
6807
6586
6801
6624
6618
6605
6632
6640
6598
6650
6621
6620
6615
6629
6603
6623
6636
6599
6650
6600
6629
6613
6601
6616
6624
6618
6642
6628
6617
6642
6615
6608
6631
6592
6627
6619
6632
6622
6633
7161
6619
6613
6615
6633
6599
6636
6591
6630
6621
6615
6641
6621
6616
6602
6644
6612
6638
6609
