2576
2568
2582
2586
2590
2585
2584
2580
2568
2610
2600
2581
2589
2577
2584
2569
2584
2586
2576
2585
2574
2575
2582
2586
2593
2569
2569
2584
2581
2579
2610
2568
2569
2581
2583
2586
2589
2570
2569
2578
2587
2597
2576
2569
2582
2596
2880
2580
2623
2568
2588
2597
2621
2580
2588
2569
2581
2582
2575
2580
2568
2582
2579
2594
2576
2589
2582
2569
2578
2579
2599
2597
2569
2569
2577
2600
2594
2569
2569
2591
2594
2595
2576
2578
2589
2592
2586
2577
2568
2569
2603
2589
2578
2569
2582
2590
2597
2585
2583
2568
2585
2589
2580
2578
2586
2569
2580
2575
2589
2581
2568
2576
2570
2579
2579
2585
2568
2569
2586
2580
2581
2586
2577
2569
2581
2591
2577
2586
2568
2568
2580
2578
2590
2579
2568
2568
2595
2577
2577
2586
2568
2569
2579
2579
2577
2580
2576
2568
2579
2581
2578
2581
2569
2569
2587
2576
2577
2585
2569
2568
2586
2579
2583
2577
2569
2580
2582
2585
2587
2569
2569
2578
2590
2577
2569
2568
2576
2590
2578
2580
2591
2578
2679
2569
2578
2578
2591
2585
2578
2568
2581
2590
2577
2593
2569
2568
2583
2579
2593
2578
2569
2596
2584
2583
2579
2577
2596
2578
2581
2591
2569
2596
2586
2577
2587
2579
2602
2569
2580
2594
2583
2596
2568
2587
2589
2579
2616
2569
2569
2584
2584
2609
2569
2569
2582
2576
2584
2586
2598
2590
2576
2589
2590
2569
2574
2586
2576
2579
2580
2569
2569
2575
2580
2582
2568
2569
2587
2584
2589
2577
2568
2569
2584
2582
2584
2570
2569
2585
2589
2578
2586
2569
2576
2591
2579
2642
2580
2569
2581
2578
2580
2577
2576
2575
2636
2597
2584
2580
2578
2569
2575
2588
2597
2587
2575
2568
2569
2600
2586
2577
2568
2569
2597
2588
2586
2585
2569
2583
2589
2577
2583
2591
2583
2575
2578
2592
2583
2584
2577
2579
2577
2584
2576
2569
2579
2585
2588
2577
2568
2577
2578
2580
2588
2581
2568
2586
2588
2587
2591
2569
2569
2581
2582
2599
2568
2569
2580
2591
2591
2584
2577
2581
2583
2591
2586
2569
2569
2593
2591
2584
2569
2578
2589
2589
2592
2580
2568
2569
2592
2585
2580
2585
2925
2584
2581
2596
2580
2585
2577
2568
2599
2579
2595
2569
2570
2587
2582
2595
2578
2578
2569
2580
2587
2587
2594
2569
2576
2584
2580
2614
2577
2568
2585
2587
2593
2579
2569
2588
2608
2568
2619
2624
2584
2591
2578
2621
2568
2626
2642
2581
2620
2568
2575
2597
2582
2635
2575
2568
2596
2584
2600
2578
2568
2582
2581
2579
2590
2569
2582
2589
2586
2587
2578
2587
2568
2582
2599
2585
2582
2568
2589
2601
2577
2583
2576
2569
2601
2584
2584
2568
2569
2601
2584
2577
2588
2569
2584
2577
2589
2596
2578
2584
2568
2598
2601
2590
2592
2569
2569
2594
2587
2594
2575
2569
2594
2593
2595
2586
2569
2587
2585
2594
2585
2581
2583
2569
2600
2586
2580
2582
2569
2595
2582
2589
2598
2569
2584
2579
2585
2590
2578
2568
2568
2587
2591
2585
2568
2569
2582
2600
2579
2594
2573
2569
2589
2577
2587
2585
2570
2587
2583
2578
2613
2572
2568
2585
2578
2608
2576
2569
2578
2583
2602
2577
2569
2575
2579
2602
2577
2578
2582
2570
2602
2578
2584
2582
2577
2599
2661
2583
2610
2569
2649
2577
2616
2598
2581
2604
2569
2580
2602
2581
2620
2569
2574
2595
2582
2610
2577
2569
2578
2571
2597
2609
2591
2577
2584
2597
2568
2569
2587
2596
2607
2568
2568
2569
2592
2605
2593
2569
2569
2582
2604
2833
2584
2637
2568
2597
2586
2580
2593
2587
2602
2569
2587
2585
2584
2607
2569
2577
2584
2592
2603
2591
2569
2569
2593
2603
2590
2578
2568
2587
2606
2596
2578
2569
2577
2607
2588
2578
2595
2569
2594
2595
2580
2588
2568
2606
2588
2579
2585
2579
2580
2569
2588
2583
2578
2586
2568
2569
2582
2592
2587
2568
2569
2584
2578
2585
2592
2569
2569
2585
2593
2608
2569
2576
2579
2585
2606
2590
2594
2569
2587
2610
2576
2569
2576
2581
2610
2584
2584
2569
2949
2633
2671
2580
2584
2569
2601
2581
2584
2584
2584
2596
2569
2584
2578
2594
2609
2569
2568
2578
2584
2609
2576
2568
2580
2578
2618
2569
2569
2585
2578
2616
2579
2569
2569
2579
2601
2582
2587
2569
2587
2588
2582
2593
2569
2569
2587
2611
2585
2568
2568
2588
2608
2584
2586
2568
2568
2607
2585
2586
2569
2576
2613
2675
2589
2595
2569
2596
2586
2607
2585
2585
2601
2568
2610
2588
2580
2616
2568
2569
2584
2576
2627
2577
2569
2595
2580
2587
2664
2867
2644
2568
2589
2585
2595
2617
2568
2595
2580
2806
2624
2579
2595
2568
2569
2605
2578
2582
2569
2569
2595
2578
2581
2576
2569
2596
2580
2584
2594
2584
2621
2568
2589
2584
2581
2598
2568
2568
2583
2589
2585
2568
2577
2585
2581
2584
2586
2568
2568
2580
2584
2581
2569
2577
2583
2582
2591
2586
2569
2568
2591
2592
2587
2569
2577
2583
2593
2586
2589
2569
2581
2602
2581
2591
2577
2568
2598
2580
2601
2568
2568
2597
2579
2580
2584
2578
2581
2962
2587
2590
2579
2576
2573
2579
2578
2577
2583
2569
2568
2579
2605
2581
2585
2568
2568
2588
2581
2582
2569
2568
2577
2580
2586
2593
2568
2568
2605
2575
2577
2576
2578
2570
2579
2578
2587
2568
2570
2596
2580
2578
2579
2628
2583
2584
2583
2578
2571
2589
2578
2586
2577
2585
2584
2570
2580
2581
2581
2583
2569
2579
2824
2586
2612
2585
2568
2582
2583
2647
2586
2579
2569
2757
2597
2579
2587
2568
2577
2606
2578
2586
2576
2569
2598
2586
2586
2579
2570
2590
2590
2578
2595
2587
2584
2588
2586
2580
2577
2592
2569
2576
2583
2579
2600
2569
2577
2580
2577
2585
2580
2569
2569
2586
2581
2586
2569
2576
2578
2580
2594
2579
2568
2570
2602
2592
2586
2569
2570
2592
2592
2593
2577
2568
2571
2590
2586
2576
2576
2568
2591
2585
2575
2591
2568
2591
2588
2579
2579
2568
2585
2585
2585
2579
2586
2585
2568
2585
2578
2578
2587
2568
2579
2584
2589
2617
2568
2569
2580
2587
2592
2580
2569
2576
2587
2589
2580
2576
2568
2580
2587
2581
2585
2569
2576
2591
2593
2588
2575
2568
2569
2612
2579
2589
2568
2568
2593
2584
2597
2584
2569
2590
2587
2587
2582
2576
2580
2583
2583
2588
2587
2582
2588
2584
2672
2588
2596
2568
2585
2587
2585
2638
2569
2576
2583
2577
2599
2568
2569
2584
2594
2580
2590
2569
2575
2585
2578
2594
2568
2568
2585
2585
2592
2587
2576
2569
2580
2656
2589
2568
2568
2584
2596
2582
2589
2577
2569
2589
2580
2575
2568
2568
2602
2583
2577
2584
2568
2583
2581
2584
2587
2569
2582
2588
2579
2589
2585
2583
2569
2580
2592
2580
2604
2575
2569
2586
2579
2596
2568
2568
2589
2580
2587
2575
2577
2569
2581
2585
2581
2568
2569
2589
2588
2613
2595
2573
2568
2578
2584
2580
2578
2568
2570
2595
2584
2578
2583
2569
2592
2592
2578
2585
2568
2582
2589
2580
2584
2580
2582
2594
2580
2582
2579
2581
2569
2581
2591
2580
2601
2568
2576
2583
2580
2608
2568
2569
2582
2587
2600
2568
2575
2585
2579
2587
2586
2569
2569
2579
2585
2581
2569
2576
2589
2583
2590
2591
2569
2644
2601
2591
2587
2579
2575
2588
2620
2584
2579
2596
2580
2579
2583
2592
2587
2588
2569
2581
2588
2578
2597
2577
2569
2578
2584
2587
2581
2568
2577
2590
2578
2587
2577
2569
2586
2584
2578
2569
2569
2588
2589
2581
2582
2572
2577
2585
2634
2587
2569
2569
2603
2579
2589
2588
2568
2569
2592
2589
2583
2576
2575
2584
2577
2582
2582
2568
2584
2586
2583
2579
2584
2591
2577
2590
2589
2584
2592
2577
2592
2581
2583
2578
2581
2569
2578
2589
2578
2593
2568
2569
2584
2578
2594
2569
2569
2585
2588
2593
2578
