253
254
253
253
253
253
254
253
253
254
254
269
253
253
254
253
276
254
254
254
254
253
253
253
254
253
253
253
253
254
274
263
253
253
254
254
253
254
253
263
253
253
253
253
253
253
253
253
255
253
254
253
282
254
253
254
254
254
254
254
253
253
253
253
253
253
264
253
253
253
285
254
253
253
254
253
253
253
254
254
253
254
253
268
254
253
254
314
263
253
253
253
254
253
253
253
280
254
253
254
253
253
256
253
254
254
253
254
253
268
254
253
254
253
253
280
253
254
275
253
256
253
253
253
253
261
253
285
253
253
254
254
254
253
254
254
265
254
254
253
253
254
254
253
268
268
253
253
254
253
253
253
253
253
254
254
254
254
253
253
253
253
253
253
254
253
254
253
254
253
254
253
254
254
254
254
257
254
254
253
254
253
253
253
253
253
254
265
253
253
312
254
254
298
266
255
253
253
253
253
253
253
253
253
254
254
253
254
253
253
253
284
254
253
254
253
253
253
253
253
269
253
253
255
253
254
254
254
254
254
253
253
253
315
254
253
253
253
253
253
253
253
254
253
253
253
262
254
254
253
254
253
253
262
254
253
253
253
254
292
254
254
253
254
253
253
253
253
262
253
253
253
253
253
254
253
254
266
254
254
253
253
254
254
254
253
263
254
254
254
253
254
253
254
253
253
253
253
254
254
253
254
253
253
253
253
253
253
253
254
253
254
253
253
253
253
254
253
254
262
253
253
262
253
253
253
253
254
253
254
254
254
254
253
283
254
253
254
254
264
267
254
253
254
259
254
254
253
254
253
253
253
253
277
254
253
253
253
254
253
254
261
254
254
254
254
280
253
253
253
269
253
253
253
253
261
253
253
253
254
253
253
253
253
253
254
253
254
254
261
253
253
254
286
253
255
253
254
253
254
253
253
254
261
253
253
253
253
265
254
261
253
253
253
253
254
254
253
278
253
253
264
263
253
254
265
253
253
268
253
254
254
253
254
265
253
254
253
254
254
254
254
254
253
254
253
253
263
254
253
260
253
253
253
253
253
253
253
253
253
253
254
253
253
253
253
254
253
253
253
266
254
253
254
255
263
253
254
253
253
253
253
253
253
254
254
253
253
286
253
253
253
253
254
253
253
253
263
253
253
254
253
253
278
254
253
261
254
253
253
253
254
253
253
253
266
253
253
254
254
253
253
271
254
254
272
253
253
254
253
255
254
254
253
253
253
253
253
253
253
256
253
253
254
254
253
254
253
253
253
254
290
253
254
253
253
253
253
253
287
254
253
254
254
254
253
253
263
254
267
253
254
254
254
253
254
254
254
293
253
253
254
254
253
254
263
253
254
253
254
254
276
253
254
254
253
254
259
253
253
253
253
264
253
253
253
253
254
253
254
254
253
253
253
254
264
254
253
253
253
253
253
253
254
271
253
253
253
278
253
253
253
262
254
253
263
254
254
253
254
253
253
254
254
253
253
253
253
253
253
254
253
253
253
254
266
253
253
253
253
254
254
254
254
253
254
254
253
284
254
253
253
253
261
254
254
253
254
253
253
253
308
254
254
254
253
254
253
254
253
254
254
254
253
254
254
253
253
254
254
253
254
253
254
253
254
253
254
254
254
254
253
253
253
253
253
253
265
253
254
253
254
254
253
253
260
267
253
254
254
254
253
254
253
254
254
254
253
253
261
253
253
253
253
254
253
253
253
254
254
253
253
253
267
254
253
253
254
254
253
253
254
253
253
254
253
298
254
253
254
254
254
254
254
254
267
253
253
253
272
254
254
253
253
254
253
253
254
306
254
253
253
280
253
254
254
253
253
253
254
254
254
253
253
253
277
253
253
253
253
253
253
254
254
279
253
253
253
254
253
253
253
254
253
253
253
254
263
253
254
253
254
253
253
253
253
254
263
254
253
263
254
253
254
253
253
253
253
254
263
253
253
253
254
269
253
254
253
253
253
253
254
262
254
253
254
254
253
254
253
253
263
253
254
253
264
253
254
253
254
254
253
253
253
262
254
254
253
254
253
253
254
254
269
253
253
253
253
253
254
254
268
288
253
254
254
254
254
254
254
254
254
253
253
254
254
253
254
254
253
253
253
253
254
253
254
254
254
263
267
254
254
253
253
254
253
253
253
253
253
253
253
253
254
254
253
254
254
275
253
254
254
254
253
253
253
254
269
253
254
254
253
253
254
253
253
254
268
253
254
254
253
253
253
254
267
254
254
254
253
254
253
254
254
281
254
253
253
253
253
253
254
253
263
253
253
254
254
254
254
254
253
254
253
253
253
264
253
254
253
253
254
254
253
253
253
253
254
253
253
254
254
254
253
253
254
253
254
253
254
253
253
253
306
253
253
253
254
253
253
254
267
253
253
253
258
266
254
253
253
254
254
253
253
253
265
253
264
253
253
253
253
253
253
254
253
253
253
253
253
253
254
253
278
259
254
254
253
259
253
253
253
254
268
253
253
263
253
253
253
254
254
253
254
254
254
254
271
253
261
253
253
253
253
261
253
253
254
253
262
253
253
253
253
253
260
254
299
254
259
253
254
253
253
253
254
272
253
253
253
254
253
253
253
253
254
253
253
253
253
253
253
253
254
253
253
253
257
254
253
254
253
282
254
254
254
253
269
253
254
253
257
253
254
253
254
253
253
253
254
253
290
254
253
254
254
254
254
254
254
253
254
254
253
254
254
254
253
253
253
286
253
253
253
254
253
253
253
253
254
254
253
253
266
253
253
253
253
253
280
254
254
269
253
253
254
253
253
253
253
253
261
253
253
253
253
253
253
254
253
253
253
253
254
282
253
253
253
254
253
254
254
254
253
254
253
254
289
253
253
254
253
254
254
254
253
253
253
254
254
253
254
254
253
260
254
253
254
254
263
253
253
253
253
298
254
254
257
253
254
254
253
253
253
254
253
266
253
254
261
253
254
254
253
253
254
254
287
253
253
254
253
300
277
253
253
253
253
253
253
253
253
253
253
253
254
281
253
253
253
253
253
253
253
253
253
253
253
254
253
253
254
253
253
254
254
267
