382
414
382
383
382
382
382
382
412
408
382
382
382
382
382
382
383
382
382
393
382
381
381
382
382
382
382
382
385
382
382
382
411
382
414
382
382
382
382
382
382
382
382
382
383
382
382
382
397
382
382
382
382
393
382
383
382
382
381
382
382
382
382
382
382
383
382
382
382
390
382
382
382
382
382
400
382
382
392
382
382
382
393
381
382
382
408
382
382
391
418
382
382
382
406
382
382
382
382
382
382
383
382
383
382
382
383
381
382
382
382
382
382
392
382
382
382
411
382
382
382
396
382
388
382
382
382
382
382
382
382
382
382
383
385
382
382
383
382
382
440
382
381
382
392
382
382
382
382
382
382
382
382
382
382
382
384
383
397
396
381
382
382
382
382
382
382
382
382
382
383
382
382
382
382
382
382
381
381
391
399
382
382
382
382
382
382
382
388
396
382
382
396
382
382
381
382
382
382
382
393
382
382
382
404
382
383
382
395
382
382
382
398
382
382
382
395
382
385
382
416
382
382
382
407
382
382
384
410
382
382
383
394
382
382
383
423
382
382
387
396
382
382
382
417
382
381
391
395
382
382
382
412
382
383
382
396
382
382
382
400
383
382
382
395
383
382
382
423
382
382
382
396
382
382
383
411
382
382
388
394
382
382
382
417
382
382
382
396
382
382
382
409
382
414
383
418
382
382
382
410
382
383
382
397
382
382
382
422
382
382
383
395
382
382
382
410
382
384
383
398
382
382
382
405
382
382
395
382
383
382
382
383
382
383
382
382
382
382
382
382
382
382
381
382
382
382
382
382
382
382
399
382
382
382
410
382
382
382
396
382
382
382
413
382
382
382
397
382
382
382
383
382
382
382
382
382
382
382
416
382
382
382
400
382
382
382
382
382
382
382
383
382
382
382
382
381
382
400
381
382
382
416
382
382
382
508
382
382
410
382
382
382
395
383
382
382
418
398
382
381
393
382
381
393
382
381
381
440
382
382
382
396
382
390
382
418
390
382
382
382
382
382
382
382
382
382
382
382
382
383
382
386
382
383
382
382
382
382
382
381
382
382
391
382
383
403
383
382
392
382
382
382
382
392
382
382
382
382
382
382
382
382
382
382
392
382
382
382
382
381
382
383
384
383
382
382
390
411
382
382
382
412
382
382
382
383
382
382
385
382
383
382
382
382
382
382
382
406
382
382
381
382
381
382
382
382
382
382
382
382
382
382
416
390
381
381
400
382
382
382
412
383
383
382
397
382
383
383
414
382
382
382
382
382
382
382
383
384
382
382
462
382
382
392
383
391
382
400
383
382
382
382
382
395
382
383
382
383
421
386
382
394
382
382
382
383
382
382
422
389
382
382
382
382
383
382
382
411
383
382
382
382
382
382
398
382
381
382
382
382
381
396
389
382
382
382
382
382
382
382
383
382
382
382
382
382
397
382
382
382
393
382
382
382
382
382
382
382
382
381
382
382
382
382
382
382
381
382
382
409
382
382
382
382
382
382
382
382
381
382
397
382
382
382
393
383
382
390
382
382
383
383
382
382
382
382
398
382
382
382
382
383
382
396
382
382
382
417
382
382
382
382
398
382
382
610
382
382
399
382
384
382
383
382
382
395
382
398
382
404
382
382
382
382
392
382
382
382
382
382
392
391
382
384
443
382
382
382
382
382
382
381
382
382
382
393
382
382
382
403
382
382
382
390
381
382
381
382
382
382
382
383
382
382
386
383
381
382
432
382
382
382
398
382
381
382
408
382
382
382
394
382
381
381
382
382
382
382
382
381
382
382
382
382
381
382
392
382
385
382
391
396
392
382
382
382
414
382
382
382
393
387
383
382
417
382
382
406
382
382
383
382
382
382
382
382
382
382
382
382
381
381
382
382
382
382
382
382
382
382
382
382
382
382
382
389
382
382
382
382
389
381
381
382
382
382
382
382
382
382
382
391
382
382
382
406
382
382
382
382
382
382
382
382
382
382
382
382
382
382
397
382
382
382
382
382
382
383
382
382
382
382
382
383
383
382
382
382
381
382
382
382
382
382
382
382
382
382
388
381
382
382
409
397
382
412
382
382
382
383
382
382
382
382
382
386
388
382
382
382
382
421
382
383
382
403
382
382
382
392
382
381
382
382
382
382
383
392
381
382
382
382
382
382
382
382
382
382
382
382
382
397
382
383
388
382
382
382
382
382
382
382
381
382
382
382
381
382
392
382
396
389
428
382
382
382
382
382
382
382
382
382
382
382
382
382
395
382
382
382
382
381
382
382
382
411
382
382
382
392
382
382
390
382
477
390
393
382
381
382
415
382
382
382
382
382
382
382
382
382
381
382
382
382
382
382
387
382
382
382
382
384
382
392
383
382
381
393
390
381
382
382
382
382
381
382
382
382
382
399
399
382
382
382
382
382
382
382
382
382
382
430
382
382
382
391
383
385
413
382
382
382
391
382
381
382
382
382
382
382
382
382
382
382
382
381
382
381
382
383
382
382
382
382
382
381
381
382
382
384
382
382
382
391
382
389
382
396
382
382
381
393
382
382
383
407
382
391
382
415
383
382
382
393
382
382
382
383
392
382
382
395
382
382
382
382
382
382
382
381
382
382
393
382
382
382
416
387
382
382
393
382
383
382
382
382
382
382
382
382
382
382
382
381
382
381
382
382
382
413
382
382
381
399
382
382
382
395
381
382
382
397
382
382
396
401
381
381
381
395
383
382
382
403
383
382
394
382
382
382
382
435
382
382
381
428
381
389
382
381
384
382
407
383
383
382
409
382
382
382
382
382
382
381
382
382
388
397
396
382
381
400
382
382
383
416
381
381
382
391
382
392
383
391
403
382
382
432
382
382
382
382
390
383
382
382
382
383
382
391
382
382
382
382
392
382
382
382
382
382
382
382
382
382
382
390
382
382
382
382
382
382
382
382
382
382
382
387
382
381
394
382
381
388
434
382
382
382
393
382
382
383
413
382
382
382
395
382
382
385
412
382
382
382
382
382
382
383
382
382
382
382
382
382
382
382
389
382
382
382
383
382
382
382
382
382
