511
510
510
510
510
510
542
510
558
510
527
525
511
510
511
510
522
511
511
524
516
511
511
510
512
510
525
511
515
532
510
510
511
510
510
511
533
511
512
521
510
510
511
510
510
511
523
511
517
511
510
511
510
511
510
511
539
510
510
521
511
510
511
511
510
518
521
510
510
510
510
510
510
510
510
510
538
511
510
516
511
510
511
526
511
510
511
511
510
511
512
510
510
537
510
510
511
511
511
511
510
510
510
523
512
511
511
511
510
511
547
511
511
521
510
510
511
511
513
510
523
510
511
510
511
510
511
511
510
510
523
511
519
511
511
511
511
511
511
510
534
511
511
510
528
511
511
511
511
529
510
510
510
536
511
511
510
510
511
510
511
510
511
559
511
511
511
510
510
511
534
511
510
511
511
510
511
533
510
510
521
536
511
510
511
510
512
520
510
518
511
569
511
512
510
567
511
510
511
520
515
531
510
510
511
510
510
510
511
510
510
524
511
511
514
511
511
510
523
522
511
510
520
510
511
524
511
510
510
511
511
511
539
511
510
510
574
511
510
518
511
510
528
510
511
510
511
511
511
520
510
516
510
511
511
511
511
510
510
510
530
511
511
510
510
510
511
526
511
511
510
511
527
510
526
510
510
510
510
511
524
511
510
510
522
511
511
511
530
510
511
511
511
510
510
522
511
510
529
523
511
510
511
511
510
532
511
510
510
531
511
510
544
510
511
511
510
511
511
525
511
511
511
511
510
511
521
510
510
510
515
510
510
510
511
511
522
510
511
510
511
510
510
526
511
511
510
511
511
511
527
510
537
511
510
511
511
521
510
510
510
511
510
511
511
511
511
531
557
510
511
510
511
510
511
510
511
535
510
511
512
511
510
511
510
511
511
591
511
511
510
510
511
510
537
511
510
534
511
511
510
511
510
510
521
511
511
511
511
537
511
511
520
535
510
550
510
510
510
515
560
511
510
538
510
510
511
511
510
511
523
511
515
510
510
510
510
524
510
510
524
511
520
510
510
511
510
521
511
511
511
510
512
510
523
510
511
510
512
511
511
510
521
510
524
510
523
510
510
510
511
533
521
511
510
511
510
511
556
510
510
511
511
510
511
521
510
513
510
511
511
510
525
510
511
524
510
510
511
535
510
511
510
520
510
511
511
510
511
511
561
511
510
516
510
511
511
510
511
511
511
511
511
510
521
510
511
543
511
511
511
514
510
517
511
511
510
511
525
524
510
544
511
519
511
511
510
510
511
511
511
511
521
510
511
510
510
510
510
511
513
511
539
517
510
511
511
510
526
536
510
510
510
511
518
511
541
511
511
511
517
511
510
510
511
511
510
510
587
532
517
520
516
510
511
520
510
510
533
511
510
511
510
540
511
539
510
511
511
510
516
510
548
510
510
510
510
511
510
510
511
510
538
511
511
510
510
511
510
517
510
510
510
513
511
510
511
511
511
557
511
511
510
510
511
511
551
511
511
510
511
510
511
519
510
510
510
511
511
510
541
511
510
511
511
511
510
562
510
511
518
511
511
511
519
539
511
510
511
511
510
523
511
511
510
510
511
511
520
510
520
511
510
510
510
521
511
510
511
510
510
511
522
511
541
511
511
511
510
543
511
510
511
510
510
510
562
511
510
523
510
511
511
510
510
510
517
510
511
510
511
510
511
568
511
511
520
510
510
510
514
511
510
555
510
511
511
536
511
510
521
510
510
510
511
510
510
521
511
522
522
528
516
511
510
510
511
543
510
510
519
510
510
510
510
511
511
510
538
511
511
511
510
513
510
542
531
511
511
510
511
557
510
511
516
510
529
511
527
510
511
511
511
519
511
524
511
511
510
511
511
518
523
510
511
510
511
510
510
522
511
511
511
510
511
531
511
510
511
511
510
516
511
532
511
511
511
511
511
511
521
511
511
549
510
510
510
510
511
511
535
511
510
519
525
510
511
522
510
510
511
511
510
519
525
511
511
511
511
511
511
523
510
510
511
511
511
511
525
511
510
510
510
511
510
523
510
510
511
511
511
511
525
511
514
511
511
511
511
523
510
511
511
510
510
511
510
511
511
539
511
511
525
510
514
511
521
511
530
511
511
511
510
521
511
510
512
511
511
511
511
510
510
526
517
510
510
511
576
510
522
511
510
511
510
510
510
526
510
511
510
511
510
520
522
526
511
511
510
511
510
522
511
511
510
510
511
511
544
511
511
510
511
516
511
510
510
510
521
511
511
511
510
511
526
522
510
510
511
511
511
511
537
510
510
510
510
510
518
539
511
511
511
511
514
510
511
511
511
529
511
511
510
510
510
511
521
510
511
510
510
511
511
511
526
510
522
510
510
510
510
510
510
526
511
510
511
510
510
510
510
516
511
522
510
511
510
510
510
510
531
510
510
518
510
524
510
510
510
510
532
510
510
511
511
510
510
567
510
516
511
510
510
518
535
511
510
510
511
511
510
539
511
510
533
511
510
511
511
510
510
594
523
511
523
526
513
512
510
510
510
511
520
510
535
510
510
511
511
528
511
528
522
510
529
510
510
510
510
510
511
537
510
526
510
510
510
511
511
510
511
522
514
510
510
510
510
543
527
510
511
510
510
510
510
510
510
510
522
511
511
524
510
511
537
521
510
511
510
510
510
516
519
511
510
511
511
510
511
520
511
511
510
511
510
510
521
510
511
510
510
510
520
550
510
510
511
511
510
510
523
511
512
510
510
510
510
519
511
511
511
510
511
510
524
510
511
510
511
511
510
510
515
510
510
510
511
510
539
510
510
510
520
520
511
511
511
540
511
544
510
511
518
511
510
510
537
510
511
510
511
511
511
521
511
511
550
511
511
510
510
510
510
519
510
510
537
510
511
511
518
510
510
511
511
511
510
511
511
510
510
511
511
511
543
510
510
511
511
511
510
510
511
517
511
524
510
510
511
510
511
510
510
511
520
510
511
510
510
522
536
510
511
510
511
511
510
510
510
511
510
511
511
523
510
510
510
511
510
511
511
511
511
537
518
511
511
511
510
531
538
511
511
510
511
511
510
