639
651
638
639
677
639
639
669
641
639
652
644
638
666
639
639
653
639
639
699
676
640
651
638
639
690
639
639
651
639
639
651
639
650
682
639
654
652
639
639
648
639
639
639
639
639
638
639
639
653
639
639
638
639
639
639
640
639
648
665
640
640
664
640
639
669
639
639
651
639
639
640
639
639
639
654
639
639
639
639
639
701
639
638
640
640
639
651
641
639
650
640
639
652
640
639
660
641
639
648
639
640
659
639
640
639
639
639
639
639
640
640
639
640
639
639
639
638
639
639
638
639
639
641
661
639
652
750
638
649
639
705
639
639
640
639
639
639
650
639
640
640
640
640
639
639
639
639
674
639
640
658
640
639
679
640
649
650
639
639
639
643
640
640
639
640
639
640
639
639
639
640
639
661
646
640
655
639
639
666
648
639
653
639
639
675
710
639
649
646
659
670
638
638
657
639
638
670
648
639
650
639
639
662
639
647
639
639
640
640
639
640
639
639
640
639
649
640
639
665
639
639
651
638
639
676
638
639
649
639
639
645
639
639
639
639
639
639
640
638
638
639
648
640
646
639
640
640
639
639
668
639
639
653
645
639
668
647
639
650
652
639
670
639
639
639
639
639
639
640
645
639
640
639
639
663
639
639
649
639
639
651
639
647
639
639
639
639
648
639
638
639
640
639
640
639
646
654
639
640
649
640
639
665
640
640
640
639
639
639
639
639
639
639
639
649
639
639
639
640
639
639
655
639
639
649
639
639
667
639
639
649
639
647
657
647
640
653
639
639
639
639
639
639
639
639
639
639
647
639
639
647
639
639
639
639
639
638
639
649
639
639
657
639
639
651
639
639
651
655
648
651
638
639
660
639
639
645
639
639
667
639
639
653
639
640
673
639
639
697
639
638
656
640
639
647
639
639
639
647
639
639
639
639
639
639
639
640
639
653
647
639
639
639
645
644
639
639
694
646
639
639
639
639
640
639
639
638
649
639
639
652
639
639
659
639
639
658
640
639
683
639
639
652
639
639
640
653
639
639
639
639
639
655
639
648
639
639
639
663
654
639
652
639
643
662
655
640
652
640
639
639
639
656
640
638
639
639
640
656
639
639
640
640
649
640
642
658
639
639
645
639
655
672
640
639
639
639
639
639
639
639
638
639
639
639
639
639
640
657
639
639
649
640
638
674
640
639
640
639
639
639
639
640
639
639
639
644
693
638
643
648
639
640
670
639
639
647
640
639
663
639
639
652
639
645
640
639
639
642
639
646
652
639
639
640
638
639
639
638
639
638
639
651
647
639
645
639
639
638
639
640
640
645
639
639
639
640
639
639
683
639
648
652
639
638
682
672
647
652
638
653
639
639
639
652
639
639
653
638
639
653
639
646
653
638
639
655
639
640
650
639
639
659
639
640
654
639
639
661
639
639
639
639
639
639
639
639
639
655
639
640
639
640
639
640
639
639
639
639
647
652
654
639
657
639
639
671
639
639
658
639
639
669
639
639
653
639
639
639
639
639
646
639
639
639
640
639
639
640
639
639
639
639
639
657
639
639
663
639
648
645
639
638
665
639
639
638
640
639
639
638
639
644
638
638
639
639
647
639
639
638
639
638
639
639
655
639
639
639
640
640
640
639
639
639
639
639
639
640
639
727
639
640
639
650
664
639
639
652
639
646
665
652
639
655
642
639
652
640
639
706
639
675
717
640
639
739
639
639
648
639
639
656
639
650
648
638
639
667
639
642
650
639
640
648
639
639
656
639
639
639
638
639
641
639
638
649
639
639
661
639
639
657
654
648
639
688
639
639
639
639
641
639
638
646
639
638
639
639
643
639
639
639
639
639
639
655
638
638
649
639
639
663
639
639
649
639
653
657
646
639
652
640
639
639
639
649
639
639
639
639
659
639
640
650
639
640
665
639
640
648
639
638
649
649
646
673
640
639
649
639
639
639
639
639
639
640
639
646
639
639
639
656
640
640
649
639
639
677
639
639
640
641
639
640
639
639
639
639
639
639
639
639
639
657
639
639
691
639
639
656
640
639
653
639
639
639
639
639
639
639
639
640
639
639
639
639
639
648
639
646
639
640
640
639
640
639
640
664
639
639
648
640
646
648
648
639
661
639
639
650
639
639
640
640
639
645
639
639
639
639
639
639
960
639
652
640
687
672
640
639
649
648
640
679
639
640
650
639
649
663
639
639
651
639
740
651
639
639
647
640
645
657
647
639
650
638
639
662
639
640
640
639
639
638
639
647
639
639
639
639
639
639
639
641
639
647
666
639
647
649
639
639
648
640
640
679
639
640
639
639
639
646
640
648
639
639
639
640
639
639
639
651
648
639
683
639
639
649
640
640
640
639
639
639
639
639
640
647
639
639
648
639
640
640
640
639
652
640
640
667
645
639
655
639
639
639
642
639
639
639
639
639
639
647
639
639
639
640
639
640
639
639
639
639
669
640
644
649
639
639
653
640
639
652
639
639
683
639
639
649
639
639
660
639
648
649
639
640
639
640
639
639
639
639
639
639
639
639
639
639
639
639
648
639
659
639
639
661
639
639
648
648
639
666
639
639
649
647
639
639
645
639
639
638
639
639
639
639
640
646
647
640
639
639
639
640
639
640
648
639
640
680
640
639
648
639
639
667
639
640
651
639
639
664
640
639
657
639
639
664
639
640
639
640
639
639
638
639
644
639
639
640
639
640
648
639
639
640
640
655
641
670
640
640
640
638
639
639
639
639
680
639
640
657
652
640
670
639
639
651
643
639
664
639
639
656
639
639
667
646
639
652
646
639
639
640
639
639
646
639
639
639
639
639
639
639
639
646
639
639
655
640
639
662
639
639
680
639
639
651
639
639
655
641
639
690
639
639
653
639
639
639
639
639
640
640
641
639
655
639
639
639
639
639
640
640
651
639
640
640
639
639
639
639
639
640
639
639
639
671
640
641
653
650
639
674
639
639
652
646
639
674
639
639
653
640
669
669
646
640
654
639
639
639
639
640
640
647
639
661
639
640
639
639
639
645
724
639
639
641
650
659
639
639
639
