781
767
768
768
768
768
767
842
782
767
883
768
768
782
767
768
779
768
781
790
767
769
768
767
781
768
768
790
768
768
779
767
768
792
768
773
768
768
768
767
767
794
767
777
792
768
767
767
767
767
768
768
768
783
768
783
769
768
782
768
767
802
767
767
768
768
768
768
776
783
768
768
801
768
768
782
777
779
795
768
767
768
767
767
768
768
781
767
784
793
768
775
789
767
767
767
768
768
768
768
817
767
768
790
768
768
780
768
768
785
768
768
768
768
767
772
767
791
767
767
780
767
767
801
767
777
768
768
768
768
767
779
767
777
790
784
768
782
775
768
798
768
768
768
768
768
767
783
783
768
775
793
768
768
768
768
767
768
777
768
768
772
793
767
768
780
777
768
778
768
783
768
768
772
768
768
781
767
767
768
768
768
778
783
781
779
834
768
800
885
779
767
782
768
861
780
767
768
807
772
768
768
768
768
768
772
767
767
781
796
768
767
776
767
767
767
775
796
768
767
778
767
770
786
767
768
779
768
768
812
768
767
772
768
770
768
767
768
768
768
767
769
768
781
768
768
792
768
767
772
768
768
768
768
781
768
768
793
767
768
779
768
768
768
769
776
768
768
768
770
767
793
768
776
781
768
768
767
768
768
768
770
768
767
767
782
768
768
1008
776
768
767
782
803
768
768
768
768
769
768
768
779
768
768
777
776
768
768
768
768
775
768
768
768
768
795
768
768
784
768
771
776
768
768
768
768
796
768
768
790
768
768
792
786
768
779
768
768
768
767
768
768
767
767
767
798
782
768
768
792
769
767
768
768
777
768
767
779
773
768
796
767
776
782
768
768
790
768
768
768
768
767
768
767
769
768
767
778
770
768
815
767
767
768
768
768
767
776
768
768
767
777
797
768
782
768
768
770
768
768
768
768
768
768
773
779
767
768
768
767
767
768
768
767
812
781
768
768
780
768
767
768
768
767
776
768
790
774
768
780
767
768
768
768
768
768
767
768
768
775
790
768
768
792
768
799
782
768
786
768
774
781
767
768
767
801
788
767
768
779
767
792
768
768
767
767
767
779
767
768
788
768
774
768
768
768
768
768
768
768
768
781
767
767
802
767
768
802
776
768
768
768
768
768
774
777
788
768
784
767
767
768
768
767
768
768
767
768
770
781
768
767
790
768
768
774
768
768
768
797
784
767
767
798
767
767
768
768
773
768
768
784
768
767
778
768
777
780
768
768
767
767
771
768
767
785
768
767
778
768
767
768
777
768
796
768
778
767
768
799
767
768
778
768
768
767
768
767
768
768
809
768
767
780
767
767
776
796
767
768
785
768
767
778
767
768
768
781
779
767
768
786
767
767
768
772
767
773
768
781
777
767
778
768
768
798
798
768
768
768
768
775
768
783
767
767
779
768
781
768
768
768
767
769
768
768
768
787
767
783
778
768
768
768
768
775
768
768
768
768
767
821
768
768
782
768
767
778
768
768
792
768
775
795
768
768
768
768
767
767
767
797
768
768
778
796
768
781
768
768
795
767
768
768
768
768
767
807
768
768
768
807
769
768
779
776
768
792
768
774
768
768
768
777
770
767
768
768
778
784
767
780
768
768
768
767
768
768
768
773
767
768
793
767
767
780
767
767
768
768
768
768
767
768
781
767
795
768
767
783
768
767
810
768
778
768
768
768
768
768
782
768
777
794
767
767
780
782
768
767
768
768
768
767
767
768
767
779
767
783
781
767
768
768
767
767
768
777
792
768
768
774
767
767
799
768
768
767
767
794
768
767
779
785
772
786
768
891
768
768
782
768
780
768
767
767
780
768
806
768
767
768
767
767
889
768
778
768
775
801
767
768
768
767
767
767
768
780
768
782
790
767
767
781
775
768
791
768
768
769
768
782
775
767
780
768
768
789
774
768
779
775
768
768
767
768
768
768
768
769
767
791
767
768
780
768
768
795
768
768
778
768
768
768
768
767
775
767
785
767
767
779
767
777
768
768
768
768
782
768
767
768
779
768
767
780
767
767
787
768
769
768
768
768
768
767
776
767
775
790
768
768
781
768
768
768
775
768
768
768
767
782
767
786
767
767
779
767
767
768
768
768
769
784
767
775
767
773
767
767
804
775
768
778
768
768
781
768
768
775
767
768
768
768
768
767
767
787
767
768
782
768
768
783
773
768
812
768
767
767
768
767
768
767
773
768
768
779
767
768
778
767
797
782
768
767
767
768
798
768
768
781
768
768
768
768
768
768
775
767
768
768
789
768
768
778
775
767
802
768
767
768
768
768
768
784
781
774
768
779
768
767
777
768
768
768
767
784
768
775
768
768
767
774
768
767
780
767
767
832
768
774
779
768
768
768
768
775
767
768
768
783
768
790
767
768
782
767
768
808
768
768
769
768
768
768
767
768
767
767
773
767
767
793
768
768
778
767
768
768
775
767
768
767
768
767
784
781
769
768
778
768
768
768
768
768
768
768
789
768
767
777
768
768
808
768
768
768
768
768
768
768
767
775
768
778
768
768
777
768
767
783
767
769
767
767
776
767
768
815
768
767
783
780
782
767
771
806
768
768
768
768
767
768
825
801
767
768
859
767
768
780
768
768
768
768
767
793
768
788
767
777
780
767
768
768
768
768
768
789
768
768
767
780
767
768
777
767
767
767
767
768
768
768
768
772
768
778
767
768
782
768
796
768
768
768
768
768
777
767
768
790
768
767
806
768
768
787
768
768
768
768
768
767
768
767
793
768
780
768
768
790
768
768
778
767
768
778
789
768
795
767
767
768
771
768
768
768
768
767
788
781
767
768
805
768
768
777
768
768
767
768
767
767
768
778
767
767
777
768
768
768
768
797
767
768
809
768
767
779
768
768
798
768
768
780
767
768
767
768
775
767
768
785
784
767
787
767
767
768
768
781
767
767
782
768
767
777
780
776
767
767
768
768
768
768
768
768
777
767
768
793
767
768
778
768
776
792
768
768
778
767
768
767
768
768
767
768
767
768
767
796
767
768
781
768
767
792
768
768
768
777
768
768
768
783
767
