908
896
896
906
897
907
941
897
896
896
940
896
896
935
896
910
896
902
896
895
930
896
896
897
897
919
903
897
896
896
922
896
905
914
912
903
896
904
910
902
896
896
896
911
896
911
896
906
909
896
897
914
897
896
896
897
941
897
896
897
896
929
906
896
896
896
906
896
897
948
896
896
896
896
912
896
896
921
897
926
925
896
909
896
897
896
896
920
912
896
897
897
922
896
897
896
897
923
897
897
909
905
896
897
896
921
896
897
896
912
911
896
925
1014
904
925
896
896
896
896
952
920
938
897
934
931
896
897
896
896
952
897
897
896
897
914
896
896
897
896
908
896
896
907
896
914
896
896
897
896
906
912
896
918
926
896
896
896
917
896
896
897
911
935
897
896
897
896
918
896
896
896
896
921
896
926
896
896
920
896
932
897
905
896
895
945
904
921
900
906
896
907
922
896
896
907
896
932
896
897
912
896
896
897
905
907
896
897
897
896
922
896
905
907
897
897
896
896
930
904
897
896
897
923
896
896
896
905
922
926
897
896
896
897
907
896
928
896
897
897
900
909
906
896
897
896
905
897
896
932
896
896
896
896
907
896
896
897
897
907
896
938
924
925
916
897
896
896
896
907
896
896
910
895
897
896
896
909
896
896
897
897
908
896
896
897
905
908
896
896
897
896
906
937
909
897
897
897
912
896
907
910
896
897
902
908
896
896
896
910
909
896
897
907
896
897
904
896
909
896
896
921
896
896
905
897
916
896
896
897
912
916
896
896
897
896
927
896
896
930
896
912
896
897
922
896
896
921
896
897
897
896
927
897
900
897
896
910
911
897
921
897
897
912
896
923
897
897
897
916
920
897
897
909
897
896
896
905
910
896
896
896
896
909
905
897
922
896
896
896
897
988
906
897
896
910
943
896
896
904
910
916
896
906
896
896
926
896
923
896
896
901
896
958
902
914
896
896
924
906
896
896
896
914
896
898
896
897
911
897
896
922
897
905
897
897
920
896
896
897
896
917
896
896
908
897
897
897
905
912
897
896
918
896
896
896
906
908
897
896
897
896
909
897
896
923
896
896
896
896
928
899
897
897
897
909
897
897
902
903
912
896
897
897
896
908
905
896
921
896
904
897
897
933
897
896
896
896
921
897
897
905
897
919
897
896
896
896
917
896
896
932
896
897
896
905
907
897
896
896
902
922
909
905
897
896
919
896
897
908
906
896
896
896
908
897
896
896
905
920
897
896
897
910
931
905
896
896
896
905
897
896
909
905
909
896
897
906
896
896
906
896
915
897
896
896
897
905
906
897
897
896
908
896
896
943
896
896
896
896
897
896
908
896
896
896
963
908
897
945
896
896
953
896
907
896
896
896
896
923
896
896
896
896
907
926
896
926
896
907
896
896
928
897
900
896
896
926
896
896
896
896
905
895
896
896
925
911
896
896
896
896
925
896
896
907
896
923
896
897
909
897
897
897
896
928
896
896
897
897
918
905
897
907
896
897
897
897
909
897
896
897
896
918
896
896
901
896
909
927
897
1022
896
925
899
897
897
896
924
919
905
897
897
928
923
896
897
896
918
896
901
897
896
907
896
903
896
896
913
896
909
897
896
907
896
898
896
901
903
902
896
897
896
904
896
898
896
904
907
896
896
926
895
922
904
896
898
896
905
896
896
927
896
896
896
896
906
900
896
903
897
905
925
903
896
896
912
898
896
896
896
923
896
922
901
897
911
896
896
940
896
904
897
897
920
901
896
896
896
903
896
896
896
896
919
896
896
896
909
896
896
896
896
950
898
946
906
896
910
895
896
896
896
914
896
897
897
896
919
897
897
904
896
909
897
896
908
925
905
897
897
905
896
897
896
896
897
897
924
908
896
896
896
896
907
896
896
896
896
919
896
897
918
896
896
896
896
905
896
896
896
897
919
896
896
896
896
908
896
896
946
897
896
900
896
924
896
896
897
897
906
912
896
896
896
917
896
896
909
896
907
896
897
925
896
917
896
896
925
896
896
896
924
914
896
897
896
896
905
897
905
896
896
912
896
896
897
897
944
896
896
912
905
918
896
897
896
896
910
896
896
897
984
916
896
896
896
897
928
910
896
896
901
911
911
896
902
896
931
896
896
897
896
915
905
896
897
896
912
896
901
920
896
913
896
916
916
896
896
901
896
919
896
896
912
897
913
896
896
897
896
906
897
896
936
896
907
896
896
913
896
905
897
896
905
896
896
905
906
906
896
896
916
897
896
896
906
920
897
896
896
896
922
906
896
897
895
921
904
896
896
900
921
896
903
907
896
896
905
903
920
896
896
896
896
919
896
896
897
896
922
896
896
919
897
897
896
896
909
896
904
897
896
924
896
896
896
896
919
896
896
904
896
925
896
896
907
897
897
896
896
909
896
896
897
896
907
896
896
918
905
896
897
896
923
896
896
897
905
919
896
896
907
896
897
905
897
908
897
896
896
896
907
905
925
905
908
908
896
896
909
896
916
896
896
897
896
907
897
896
896
896
906
896
896
940
896
896
896
896
918
896
901
896
897
920
925
896
909
896
905
897
896
907
896
896
897
923
912
895
896
915
896
903
896
905
909
896
898
896
896
907
906
896
920
897
896
896
896
907
904
896
896
896
907
895
896
923
896
925
896
897
922
897
896
902
897
909
896
897
948
896
896
896
896
940
896
896
896
897
907
924
896
896
897
906
896
896
914
896
896
896
903
907
896
896
897
897
940
897
896
909
897
903
897
896
921
897
896
896
896
909
896
925
897
895
921
896
896
954
896
921
960
896
896
895
919
895
896
896
896
916
905
901
924
896
918
896
896
905
897
915
896
901
908
896
896
905
896
909
896
896
897
896
914
925
896
897
896
918
896
896
915
896
896
896
925
907
896
905
896
896
907
902
897
896
896
910
896
896
897
896
908
900
905
896
897
936
896
896
896
896
908
897
897
919
896
896
910
896
921
896
897
896
897
905
897
897
912
896
923
896
896
896
897
916
896
896
908
925
897
896
896
929
896
903
896
896
919
897
917
897
897
897
896
897
910
