1025
1034
1024
1024
1034
1029
1057
1070
1034
1062
1024
1025
1025
1085
1024
1038
1025
1024
1025
1025
1036
1025
1049
1025
1024
1053
1025
1035
1025
1047
1024
1025
1025
1025
1049
1052
1036
1025
1025
1048
1024
1034
1032
1025
1025
1053
1046
1025
1040
1025
1025
1025
1042
1037
1025
1051
1024
1025
1029
1025
1047
1025
1048
1024
1025
1040
1024
1046
1025
1032
1025
1025
1062
1025
1025
1025
1032
1025
1024
1034
1025
1025
1041
1030
1036
1025
1046
1024
1025
1025
1032
1038
1040
1056
1055
1025
1025
1025
1046
1025
1024
1025
1025
1057
1053
1035
1025
1025
1024
1024
1047
1037
1049
1028
1048
1025
1025
1034
1025
1039
1025
1057
1024
1025
1028
1025
1034
1025
1025
1025
1025
1051
1024
1045
1025
1024
1025
1024
1039
1024
1035
1024
1024
1053
1035
1036
1025
1033
1024
1025
1025
1035
1035
1053
1045
1025
1025
1025
1034
1048
1024
1024
1025
1051
1025
1034
1048
1025
1024
1025
1040
1035
1025
1050
1025
1025
1024
1025
1048
1025
1038
1025
1025
1038
1025
1098
1025
1087
1025
1025
1025
1046
1056
1025
1037
1025
1025
1065
1025
1037
1025
1044
1037
1025
1025
1024
1050
1025
1038
1024
1024
1025
1043
1037
1025
1025
1025
1025
1037
1025
1048
1025
1038
1025
1024
1046
1025
1025
1025
1025
1052
1024
1049
1025
1025
1024
1025
1055
1025
1025
1025
1025
1050
1025
1051
1025
1025
1055
1025
1046
1025
1025
1038
1025
1052
1025
1039
1041
1025
1025
1025
1037
1038
1025
1025
1025
1037
1041
1048
1025
1025
1038
1039
1050
1025
1026
1025
1040
1046
1025
1035
1025
1047
1052
1025
1034
1025
1041
1025
1032
1035
1025
1041
1024
1024
1036
1025
1066
1025
1024
1025
1025
1070
1032
1025
1025
1025
1053
1025
1044
1025
1025
1040
1025
1037
1025
1025
1049
1025
1037
1025
1049
1039
1025
1025
1024
1055
1041
1025
1024
1025
1058
1039
1038
1025
1025
1025
1041
1037
1034
1056
1024
1040
1025
1031
1048
1025
1037
1024
1024
1024
1032
1052
1025
1044
1025
1040
1025
1032
1050
1025
1025
1025
1025
1050
1031
1054
1025
1033
1025
1025
1036
1030
1047
1024
1025
1040
1025
1046
1032
1025
1025
1025
1035
1025
1046
1047
1025
1025
1025
1045
1025
1030
1025
1025
1034
1042
1052
1025
1024
1025
1037
1035
1025
1036
1025
1042
1038
1024
1038
1025
1025
1038
1047
1038
1025
1050
1025
1025
1024
1024
1025
1044
1049
1025
1025
1024
1024
1367
1033
1037
1050
1049
1025
1025
1024
1066
1038
1025
1036
1025
1037
1025
1025
1037
1025
1037
1024
1024
1034
1025
1049
1024
1052
1025
1025
1030
1025
1035
1024
1049
1025
1024
1033
1025
1056
1025
1035
1025
1025
1049
1025
1047
1025
1038
1025
1025
1025
1025
1036
1039
1052
1025
1025
1025
1025
1048
1025
1035
1025
1045
1025
1025
1036
1025
1025
1025
1033
1035
1025
1046
1025
1025
1025
1034
1046
1024
1036
1025
1048
1033
1025
1025
1025
1035
1025
1045
1033
1025
1031
1024
1052
1025
1037
1025
1025
1025
1025
1044
1025
1038
1033
1025
1025
1025
1046
1025
1045
1038
1025
1025
1025
1034
1025
1050
1025
1024
1025
1037
1038
1025
1056
1025
1025
1025
1025
1046
1025
1044
1025
1025
1057
1025
1034
1025
1033
1025
1025
1052
1025
1034
1025
1033
1025
1025
1042
1025
1037
1025
1025
1025
1024
1040
1025
1043
1030
1101
1038
1092
1025
1025
1040
1030
1025
1025
1025
1034
1025
1038
1025
1024
1027
1025
1025
1025
1040
1059
1031
1025
1025
1040
1027
1036
1025
1025
1025
1054
1038
1025
1046
1025
1024
1025
1025
1051
1043
1059
1025
1025
1041
1025
1046
1025
1025
1025
1025
1071
1025
1025
1024
1032
1052
1025
1037
1026
1025
1040
1032
1051
1025
1037
1025
1025
1060
1046
1071
1030
1040
1025
1025
1041
1025
1035
1025
1038
1032
1030
1025
1025
1039
1025
1047
1025
1024
1039
1032
1036
1024
1049
1025
1025
1035
1025
1047
1025
1032
1024
1025
1042
1025
1052
1025
1025
1025
1025
1060
1025
1025
1024
1024
1035
1025
1061
1024
1025
1032
1025
1048
1025
1024
1025
1024
1040
1024
1051
1032
1033
1025
1025
1035
1024
1024
1025
1025
1046
1033
1036
1025
1025
1025
1034
1039
1025
1051
1025
1032
1025
1024
1036
1042
1025
1025
1025
1035
1033
1066
1025
1025
1025
1041
1057
1025
1025
1025
1025
1057
1025
1038
1029
1042
1024
1025
1037
1025
1025
1026
1024
1052
1025
1056
1025
1025
1025
1024
1036
1025
1025
1025
1046
1024
1052
1025
1025
1118
1025
1052
1025
1024
1028
1028
1077
1024
1037
1025
1025
1025
1024
1036
1025
1025
1046
1025
1036
1033
1047
1024
1024
1025
1024
1037
1029
1024
1025
1025
1048
1025
1035
1034
1025
1024
1025
1035
1025
1034
1034
1032
1024
1024
1039
1034
1053
1029
1025
1025
1025
1043
1024
1025
1025
1053
1036
1025
1058
1025
1024
1025
1025
1049
1025
1065
1025
1038
1025
1025
1046
1024
1037
1025
1034
1124
1024
1037
1025
1052
1024
1025
1024
1024
1046
1025
1036
1025
1034
1025
1025
1037
1025
1044
1029
1025
1025
1025
1045
1025
1031
1025
1025
1035
1053
1045
1024
1024
1037
1025
1039
1025
1046
1025
1055
1025
1024
1049
1025
1025
1025
1025
1055
1025
1063
1025
1025
1025
1025
1045
1025
1045
1025
1025
1063
1025
1044
1025
1025
1025
1025
1034
1025
1033
1052
1025
1025
1025
1054
1025
1034
1025
1025
1034
1053
1025
1025
1034
1049
1024
1041
1024
1025
1025
1061
1036
1025
1036
1025
1025
1053
1033
1035
1025
1054
1025
1025
1038
1032
1080
1058
1024
1025
1069
1060
1024
1053
1024
1035
1025
1025
1025
1103
1076
1025
1040
1025
1025
1032
1025
1034
1025
1053
1053
1030
1025
1025
1048
1025
1025
1025
1025
1051
1052
1037
1025
1025
1025
1033
1041
1025
1024
1025
1054
1025
1025
1033
1024
1025
1024
1025
1046
1034
1038
1024
1024
1025
1025
1042
1038
1035
1025
1025
1025
1025
1035
1034
1025
1025
1024
1049
1024
1040
1045
1025
1025
1025
1038
1025
1053
1035
1025
1049
1024
1048
1025
1025
1025
1024
1048
1024
1038
1053
1025
1025
1024
1035
1025
1038
1024
1034
1037
1052
1052
1025
1025
1025
1025
1034
1025
1036
1025
1054
1025
1034
1036
1025
1048
1025
1040
1025
1034
1062
1024
1051
1025
1025
1025
1033
1049
1025
1025
1052
1025
1035
1034
1053
1025
1025
1025
1025
1045
1033
1024
1025
1025
1049
1025
1039
1033
1025
1025
1025
1037
1024
1025
1025
1025
1046
1024
1047
1024
1032
1025
1025
1044
1025
1025
1025
1024
1048
1025
1036
1361
1032
1024
1025
1025
1025
1025
1025
1051
1024
1056
1025
1025
1038
1025
1043
1025
1025
1032
1024
1047
1024
1040
1025
1025
1025
1025
1037
1025
1044
1034
1025
1025
1025
1047
1025
1025
1025
1025
1036
1025
1047
1025
1025
1048
1025
1035
1025
1025
1025
1025
1039
1025
1049
1025
1025
1025
1025
1060
1025
1025
1025
1024
1045
1024
1035
1025
1025
1025
1025
1044
1025
1053
1024
1024
1025
1025
1081
1025
1034
1025
1025
1025
1025
1040
1025
1026
1053
1025
1046
1025
1035
1030
1024
1025
1025
1052
1052
1025
1024
1025
1036
1025
1046
1025
1025
1033
1052
1053
1025
1036
1025
1025
1046
1025
1036
1025
1053
1025
1025
1044
1024
1099
1030
1024
1025
1066
1025
1024
1035
1025
1035
1024
1025
1025
1099
1046
1024
1174
1174
1051
1025
1025
1025
1058
1035
1025
1042
1024
1025
1024
1025
1037
1025
1036
1045
1025
1025
1025
1037
1025
1043
1024
1025
1025
1054
1041
1034
1035
1024
1025
1025
1025
1046
1034
1054
1025
1025
1025
1025
1034
1024
1025
1027
1025
1042
1025
1033
1033
1025
1025
1030
1041
1026
1025
1026
1025
1043
1025
1036
