1154
1179
1154
1181
1153
1215
1153
1153
1153
1153
1189
1153
1196
1153
1179
1153
1162
1240
1163
1153
1153
1176
1154
1154
1153
1155
1153
1163
1155
1163
1168
1176
1153
1154
1153
1153
1154
1155
1173
1168
1167
1153
1179
1154
1154
1153
1155
1154
1168
1227
1153
1167
1159
1164
1154
1192
1156
1199
1154
1272
1153
1166
1153
1153
1153
1153
1163
1153
1157
1153
1169
1154
1164
1153
1180
1160
1167
1153
1154
1154
1156
1164
1153
1176
1168
1164
1153
1153
1154
1153
1154
1155
1178
1168
1165
1154
1179
1154
1153
1153
1155
1153
1169
1163
1154
1168
1153
1163
1154
1156
1154
1154
1154
1154
1169
1153
1243
1153
1177
1162
1193
1153
1178
1153
1154
1162
1153
1155
1153
1182
1153
1173
1154
1162
1154
1154
1156
1154
1161
1153
1183
1154
1166
1154
1188
1153
1153
1156
1176
1153
1153
1162
1153
1173
1153
1190
1153
1183
1154
1154
1154
1154
1161
1154
1165
1153
1198
1154
1154
1153
1162
1233
1153
1164
1154
1194
1159
1191
1154
1153
1153
1165
1154
1193
1189
1162
1154
1171
1153
1153
1153
1153
1179
1153
1167
1153
1173
1153
1166
1154
1154
1181
1153
1154
1153
1173
1153
1162
1153
1181
1189
1153
1153
1153
1153
1153
1182
1154
1161
1154
1177
1154
1153
1161
1154
1169
1154
1162
1153
1201
1160
1170
1154
1160
1153
1153
1161
1153
1153
1153
1174
1153
1220
1153
1165
1192
1164
1153
1166
1154
1154
1153
1153
1165
1154
1179
1154
1159
1153
1168
1160
1163
1153
1153
1153
1153
1153
1160
1162
1153
1167
1154
1162
1160
1171
1153
1153
1154
1154
1157
1153
1162
1153
1178
1153
1158
1154
1172
1153
1153
1154
1154
1169
1154
1162
1153
1170
1154
1154
1154
1154
1169
1153
1167
1154
1180
1154
1162
1153
1154
1168
1160
1157
1153
1177
1154
1162
1153
1174
1169
1162
1154
1154
1156
1161
1164
1153
1172
1168
1163
1161
1173
1154
1153
1154
1154
1161
1163
1173
1153
1171
1153
1155
1161
1154
1153
1154
1166
1154
1184
1153
1165
1154
1153
1154
1153
1167
1153
1165
1153
1173
1154
1169
1154
1154
1161
1154
1153
1154
1191
1153
1162
1153
1173
1163
1161
1154
1154
1167
1153
1164
1154
1183
1153
1155
1153
1154
1154
1160
1153
1153
1174
1154
1169
1153
1159
1153
1161
1153
1153
1154
1153
1165
1153
1171
1154
1164
1206
1153
1154
1153
1163
1209
1185
1185
1168
1154
1177
1166
1176
1153
1153
1153
1154
1166
1154
1169
1154
1176
1153
1163
1154
1169
1153
1153
1153
1153
1153
1153
1163
1154
1162
1154
1180
1153
1153
1154
1153
1163
1157
1167
1153
1168
1153
1163
1153
1167
1154
1153
1183
1153
1171
1162
1177
1154
1153
1153
1153
1155
1162
1184
1156
1164
1154
1176
1163
1153
1153
1153
1184
1154
1164
1168
1164
1154
1154
1158
1154
1163
1153
1164
1154
1163
1153
1173
1153
1155
1154
1153
1153
1153
1180
1153
1164
1153
1183
1154
1162
1153
1153
1164
1153
1172
1153
1174
1153
1153
1153
1153
1153
1163
1163
1153
1179
1154
1166
1153
1162
1154
1154
1153
1153
1167
1168
1177
1154
1153
1153
1159
1200
1179
1154
1161
1154
1153
1164
1254
1179
1154
1203
1153
1191
1153
1153
1153
1199
1153
1153
1171
1153
1182
1153
1171
1153
1211
1153
1153
1153
1154
1201
1154
1173
1154
1194
1154
1154
1153
1192
1159
1153
1173
1179
1153
1154
1153
1200
1154
1165
1154
1153
1153
1154
1164
1173
1169
1171
1168
1153
1166
1173
1167
1153
1153
1153
1161
1154
1154
1154
1153
1165
1153
1171
1153
1171
1153
1153
1153
1154
1160
1154
1178
1154
1165
1154
1177
1153
1154
1153
1153
1153
1153
1184
1153
1161
1154
1172
1153
1162
1154
1154
1171
1178
1169
1154
1181
1156
1161
1154
1154
1154
1188
1162
1153
1172
1156
1162
1153
1154
1154
1181
1154
1153
1178
1162
1161
1153
1153
1153
1154
1154
1153
1171
1153
1162
1153
1164
1162
1173
1154
1153
1153
1153
1162
1153
1165
1153
1163
1153
1168
1154
1179
1154
1154
1153
1153
1157
1160
1169
1153
1182
1156
1178
1153
1154
1153
1182
1153
1153
1161
1155
1166
1153
1172
1171
1187
1153
1154
1153
1156
1164
1154
1166
1153
1181
1154
1154
1153
1154
1174
1154
1163
1154
1178
1162
1164
1153
1153
1153
1154
1170
1153
1173
1172
1168
1153
1174
1163
1153
1154
1153
1154
1153
1182
1153
1166
1154
1164
1153
1172
1153
1153
1153
1153
1154
1153
1165
1154
1173
1153
1166
1153
1186
1153
1161
1153
1153
1153
1154
1154
1154
1155
1154
1170
1237
1154
1180
1154
1164
1154
1212
1160
1164
1153
1153
1154
1154
1171
1153
1163
1155
1166
1153
1153
1153
1154
1153
1153
1167
1154
1163
1153
1202
1154
1164
1153
1153
1156
1154
1154
1153
1173
1153
1164
1153
1180
1155
1165
1154
1154
1154
1153
1153
1153
1164
1155
1166
1154
1176
1153
1165
1153
1154
1153
1155
1154
1153
1165
1153
1180
1154
1165
1160
1155
1154
1169
1154
1154
1180
1154
1164
1153
1178
1153
1193
1154
1154
1153
1163
1154
1154
1168
1153
1203
1162
1165
1153
1180
1153
1153
1154
1153
1287
1154
1165
1153
1166
1158
1164
1153
1169
1175
1154
1164
1154
1202
1154
1175
1158
1186
1187
1153
1153
1153
1154
1153
1165
1154
1209
1165
1163
1153
1153
1153
1153
1154
1154
1177
1153
1170
1154
1162
1153
1154
1154
1154
1164
1153
1209
1153
1163
1153
1154
1153
1153
1153
1153
1195
1154
1164
1154
1176
1154
1153
1153
1169
1181
1154
1168
1154
1163
1154
1166
1153
1169
1154
1153
1167
1153
1176
1153
1166
1158
1201
1154
1155
1153
1153
1154
1166
1162
1153
1166
1154
1166
1154
1178
1154
1154
1241
1154
1155
1163
1157
1153
1154
1153
1163
1154
1177
1193
1170
1153
1176
1154
1162
1154
1154
1154
1170
1165
1159
1174
1153
1166
1153
1153
1154
1187
1153
1154
1169
1153
1185
1153
1165
1153
1188
1154
1155
1153
1153
1153
1155
1169
1153
1215
1153
1184
1154
1175
1153
1173
1159
1153
1170
1153
1154
1154
1167
1154
1177
1153
1166
1170
1153
1153
1153
1154
1153
1155
1153
1176
1168
1170
1154
1174
1153
1153
1154
1153
1153
1153
1170
1161
1177
1154
1166
1154
1154
1154
1153
1154
1166
1176
1153
1166
1162
1177
1153
1169
1153
1166
1161
1153
1154
1153
1168
1153
1179
1177
1218
1154
1166
1153
1154
1161
1154
1185
1170
1182
1153
1185
1153
1169
1154
1153
1153
1170
1166
1154
1180
1153
1166
1154
1178
1153
1181
1166
1154
1154
1162
1154
1153
1180
1154
1182
1161
1177
1153
1153
1153
1154
1153
1161
1181
1153
1179
1165
1168
1163
1177
1153
1167
1168
1160
1153
1153
1153
1154
1162
1153
1164
1153
1175
1153
1153
1153
1153
1153
1154
1164
1155
1173
1153
1176
1153
1171
1153
1153
1154
1153
1153
1154
1162
1153
1164
1153
1178
1158
1153
1153
1170
1154
1161
1163
1154
1163
1153
1178
1154
1188
1154
1153
1153
1153
1153
1161
1178
1153
1178
1153
1176
1154
1154
1154
1153
1177
1153
1175
1160
1172
1154
1153
1153
1153
1166
1169
1192
1154
1166
1153
1179
1153
1153
1153
1169
1154
1154
1163
1153
1166
1154
1169
1153
1154
1153
1160
1153
1153
1153
1153
1166
1154
1161
1154
1187
1153
1160
1153
1154
1258
1154
1163
1213
1190
1154
1161
1153
1153
1153
1162
1153
1234
1166
1153
1165
1167
1266
1153
1165
1153
1165
1176
1153
1153
1153
1154
1153
1171
1153
1165
1169
1169
1153
1164
1153
1153
1153
1154
1154
1173
1177
1153
1165
1153
1173
1153
1179
1154
1188
1153
1153
1154
1153
1154
1153
1179
1153
1183
1153
1175
1153
1154
1154
1153
1178
1155
1184
1153
1174
1154
1154
1153
1154
1154
1155
1169
1153
1165
1160
1164
1153
1153
1161
1154
1159
1154
