125
124
125
125
125
125
124
125
125
133
125
125
135
124
125
125
125
125
125
125
125
125
125
165
140
125
125
125
125
125
125
124
125
124
125
125
124
124
125
125
125
124
125
124
125
125
124
124
124
125
125
134
125
125
125
125
125
125
125
148
125
125
124
125
125
125
125
125
128
125
125
125
125
124
125
125
125
125
125
124
125
125
125
125
125
125
125
125
125
125
125
124
125
125
125
124
125
125
125
125
125
125
125
125
124
125
125
125
125
125
125
125
125
125
125
125
124
125
125
125
125
125
124
125
125
125
125
134
124
124
125
125
125
125
125
125
124
124
125
125
125
133
125
125
125
125
124
125
125
125
125
125
125
125
125
125
135
125
125
125
125
124
125
125
125
125
124
125
125
125
125
124
125
125
125
125
125
134
125
138
124
125
124
125
124
125
124
125
124
125
125
125
128
125
128
125
125
124
125
125
125
124
124
124
125
125
125
125
125
125
135
125
125
125
125
125
125
124
125
125
125
125
125
124
125
125
125
125
125
125
125
125
125
125
125
125
125
158
125
125
125
125
124
125
124
124
125
125
125
124
125
125
125
124
125
125
125
125
125
125
125
124
125
125
125
125
125
125
124
125
125
125
125
125
125
125
125
125
125
125
125
125
125
125
125
125
124
125
125
125
125
124
125
125
136
128
125
125
125
125
125
124
125
125
125
124
125
125
125
125
125
125
125
125
125
125
125
124
125
125
125
125
125
125
125
125
125
125
125
124
125
125
124
125
125
124
125
125
125
125
125
125
125
125
130
125
125
125
125
127
125
125
125
125
125
125
125
125
125
125
125
125
125
125
124
125
125
125
125
125
125
125
125
125
125
125
124
124
125
124
124
124
124
124
125
124
125
124
124
125
125
124
124
125
135
125
125
125
125
125
125
124
124
125
125
125
125
137
125
125
125
125
125
125
125
125
125
125
125
125
134
125
125
125
125
148
125
124
125
125
125
125
182
124
125
125
124
125
125
125
125
125
125
125
125
125
125
125
152
125
124
127
125
125
125
125
125
125
124
125
125
125
125
125
125
125
127
124
125
125
125
125
125
135
125
136
125
125
125
125
125
125
125
125
125
125
124
124
125
125
125
125
125
125
125
125
125
125
125
125
125
125
125
125
125
125
133
128
125
125
125
125
125
125
125
125
124
125
125
125
125
125
125
125
125
125
125
149
124
124
125
124
124
125
125
125
124
125
180
125
125
125
125
125
125
125
125
125
125
125
125
125
125
134
125
125
125
125
125
125
125
125
124
125
125
125
125
125
125
125
125
125
124
125
125
125
124
125
124
125
124
125
125
125
125
125
124
124
125
136
124
124
125
139
187
129
125
124
125
135
125
125
125
125
125
124
125
125
125
135
125
125
125
125
125
135
125
125
124
125
124
124
125
124
124
125
124
125
125
125
124
125
125
125
124
124
124
124
125
125
125
125
166
125
125
125
135
125
125
125
125
124
125
125
125
124
125
125
125
125
125
125
133
125
125
125
125
125
125
125
125
124
125
125
124
125
125
125
125
125
124
125
125
125
125
125
125
130
125
124
125
125
125
125
125
125
125
124
125
125
125
125
125
125
134
125
125
124
125
125
124
124
125
125
125
125
125
125
124
125
134
132
124
125
125
125
125
125
124
124
125
125
125
125
125
125
134
125
125
124
124
125
125
125
125
125
125
125
125
125
125
125
134
124
124
125
124
125
124
125
125
125
171
125
125
125
125
125
125
125
125
125
124
125
125
125
124
134
125
125
125
125
125
125
124
125
125
125
125
124
144
125
125
125
124
125
125
124
124
125
124
125
125
141
124
125
124
143
125
124
125
125
125
124
125
125
124
125
136
125
125
125
125
138
125
125
125
125
124
125
125
124
125
129
125
125
125
125
125
125
125
125
125
132
125
124
124
124
125
125
125
125
125
125
125
125
125
125
125
125
125
125
125
124
124
125
125
125
125
124
124
124
125
125
125
125
125
125
125
125
124
124
124
125
124
125
125
125
125
125
125
125
125
125
124
125
125
125
125
125
125
125
125
125
125
139
125
125
136
133
125
125
125
136
125
125
125
124
125
125
125
125
125
125
125
124
125
124
125
125
125
125
124
124
124
125
125
125
125
125
125
125
125
125
125
124
124
124
125
125
124
125
125
127
125
203
124
125
125
125
136
124
125
125
125
125
125
124
125
124
124
130
125
125
125
124
125
124
125
125
124
124
124
125
124
124
136
125
125
125
125
124
125
125
125
125
129
125
125
125
125
125
125
125
125
125
125
125
124
125
126
125
125
125
125
125
125
125
125
125
125
125
125
124
125
125
125
125
125
125
129
125
136
125
125
125
125
125
147
125
125
124
125
125
125
125
125
125
124
125
125
125
125
125
125
125
124
125
125
125
125
125
125
125
124
125
125
125
125
125
125
125
125
171
124
125
124
125
125
125
125
125
125
125
125
125
124
125
125
125
125
125
125
125
125
125
125
125
125
125
125
125
141
125
125
127
125
125
125
134
125
125
125
125
125
124
125
125
125
125
135
125
124
125
125
125
125
125
125
125
124
125
125
125
125
131
125
125
125
125
125
125
125
125
125
125
141
125
125
125
125
125
125
125
125
125
125
125
125
125
125
125
125
125
125
124
125
125
144
125
125
125
124
124
124
125
124
124
125
125
124
125
125
135
125
125
125
125
124
125
137
125
124
125
125
125
124
125
125
173
125
125
125
125
125
124
125
125
125
124
137
125
125
125
125
125
125
125
125
125
125
125
125
125
125
125
134
125
124
125
125
125
124
125
125
147
124
125
125
125
125
125
135
125
133
125
125
125
125
125
125
125
125
125
125
125
125
125
125
135
125
125
124
125
125
125
125
125
125
125
136
125
125
125
124
125
125
125
125
125
124
125
125
125
125
125
125
125
124
125
125
124
125
125
175
125
125
143
124
125
124
125
125
125
125
125
125
125
125
125
125
125
125
125
125
125
125
125
125
125
125
141
124
125
125
125
125
124
125
125
124
125
124
125
125
125
124
