1292
1282
1282
1292
1282
1323
1295
1283
1292
1291
1289
1292
1282
1310
1282
1290
1282
1282
1282
1282
1282
1288
1309
1282
1282
1283
1282
1298
1284
1304
1311
1293
1282
1302
1282
1309
1282
1308
1282
1297
1282
1300
1282
1291
1292
1306
1282
1298
1282
1302
1283
1291
1282
1300
1282
1294
1289
1303
1282
1290
1282
1299
1293
1291
1289
1302
1282
1291
1290
1334
1282
1290
1282
1297
1290
1291
1282
1303
1282
1290
1282
1327
1282
1291
1282
1301
1281
1300
1282
1329
1282
1308
1282
1288
1282
1282
1282
1291
1283
1281
1282
1281
1282
1292
1284
1282
1283
1282
1282
1291
1283
1282
1302
1282
1290
1291
1292
1282
1296
1282
1289
1292
1309
1282
1291
1282
1305
1291
1291
1282
1294
1282
1412
1282
1305
1296
1299
1282
1351
1283
1304
1326
1423
1282
1422
1282
1300
1282
1304
1281
1298
1282
1291
1282
1291
1282
1308
1283
1291
1282
1302
1283
1292
1283
1308
1296
1292
1282
1301
1282
1292
1284
1303
1289
1293
1282
1298
1281
1294
1288
1293
1282
1305
1282
1422
1289
1360
1281
1290
1282
1292
1489
1296
1283
1293
1282
1298
1282
1292
1290
1292
1281
1309
1284
1293
1282
1299
1282
1296
1282
1306
1284
1294
1282
1314
1281
1300
1282
1282
1282
1284
1282
1282
1282
1281
1282
1289
1283
1283
1282
1282
1294
1282
1290
1282
1283
1281
1316
1282
1293
1282
1309
1282
1304
1282
1296
1282
1305
1282
1294
1289
1303
1281
1294
1284
1312
1282
1290
1287
1308
1282
1293
1283
1299
1281
1294
1282
1338
1306
1295
1289
1345
1282
1287
1281
1306
1281
1294
1281
1324
1281
1289
1282
1322
1290
1292
1282
1298
1282
1291
1290
1303
1289
1308
1282
1305
1291
1294
1282
1300
1289
1293
1291
1303
1282
1282
1281
1282
1291
1282
1282
1282
1282
1282
1291
1282
1283
1289
1283
1282
1282
1282
1282
1282
1293
1282
1300
1282
1302
1281
1298
1282
1302
1282
1299
1282
1291
1282
1307
1282
1292
1282
1301
1287
1294
1282
1306
1282
1292
1291
1302
1289
1293
1282
1304
1290
1291
1282
1282
1282
1282
1291
1282
1281
1282
1282
1283
1291
1289
1283
1282
1282
1282
1310
1282
1291
1282
1299
1282
1313
1282
1294
1282
1303
1282
1306
1282
1308
1281
1309
1282
1311
1282
1292
1289
1295
1282
1309
1282
1291
1282
1301
1289
1291
1282
1282
1282
1295
1282
1309
1282
1294
1416
1297
1451
1282
1291
1452
1281
1282
1281
1282
1295
1282
1282
1282
1297
1282
1282
1297
1290
1309
1282
1293
1299
1305
1282
1296
1282
1317
1282
1296
1283
1317
1282
1296
1282
1282
1282
1282
1282
1283
1282
1282
1282
1282
1313
1282
1296
1282
1312
1282
1298
1283
1309
1295
1296
1282
1299
1298
1298
1282
1304
1282
1282
1283
1283
1283
1282
1282
1282
1282
1295
1283
1283
1303
1299
1298
1282
1303
1282
1321
1281
1303
1282
1314
1282
1303
1282
1312
1283
1303
1282
1282
1282
1282
1282
1282
1295
1282
1282
1282
1311
1282
1305
1282
1292
1295
1319
1308
1298
1282
1294
1282
1303
1295
1295
1282
1305
1298
1293
1282
1304
1282
1299
1282
1305
1282
1293
1283
1304
1282
1296
1282
1282
1282
1297
1282
1282
1282
1282
1315
1281
1300
1285
1318
1282
1301
1290
1312
1282
1301
1282
1304
1282
1293
1290
1308
1295
1298
1283
1302
1297
1294
1282
1282
1343
1297
1283
1282
1291
1282
1282
1282
1284
1294
1291
1288
1282
1291
1282
1282
1282
1282
1281
1281
1282
1298
1285
1282
1281
1284
1282
1282
1281
1282
1282
1282
1282
1311
1282
1282
1281
1282
1302
1289
1282
1306
1298
1292
1282
1308
1281
1292
1283
1301
1298
1302
1282
1301
1282
1306
1282
1308
1282
1308
1282
1294
1282
1290
1282
1282
1282
1282
1282
1290
1282
1282
1295
1282
1368
1291
1299
1283
1282
1281
1282
1282
1282
1282
1341
1295
1282
1455
1282
1296
1486
1363
1328
1291
1283
1297
1282
1297
1282
1288
1284
1291
1282
1299
1282
1317
1282
1292
1282
1305
1281
1292
1282
1304
1282
1327
1282
1292
1282
1298
1281
1292
1289
1315
1283
1294
1282
1300
1282
1292
1297
1308
1282
1292
1283
1293
1282
1282
1282
1282
1282
1282
1282
1282
1291
1282
1283
1297
1282
1287
1282
1284
1282
1282
1282
1282
1293
1281
1282
1283
1283
1282
1295
1282
1297
1283
1312
1282
1303
1282
1306
1282
1294
1282
1316
1282
1295
1282
1304
1282
1300
1283
1305
1282
1293
1283
1311
1282
1282
1281
1281
1282
1291
1282
1282
1282
1282
1282
1339
1282
1282
1290
1281
1291
1282
1291
1383
1303
1296
1292
1282
1309
1281
1293
1282
1331
1291
1328
1282
1297
1282
1306
1282
1301
1315
1336
1282
1292
1282
1299
1282
1304
1282
1282
1284
1290
1282
1282
1283
1281
1282
1306
1314
1282
1282
1282
1293
1291
1300
1282
1295
1311
1310
1290
1293
1283
1302
1282
1310
1291
1294
1293
1291
1281
1303
1291
1292
1281
1320
1282
1301
1291
1282
1282
1281
1297
1307
1282
1281
1281
1282
1282
1282
1295
1282
1348
1282
1282
1282
1303
1282
1290
1299
1293
1282
1303
1282
1299
1282
1300
1282
1310
1310
1312
1283
1291
1288
1310
1282
1306
1282
1305
1282
1295
1282
1289
1282
1292
1296
1312
1283
1294
1283
1282
1290
1282
1284
1282
1282
1282
1289
1282
1282
1281
1282
1282
1319
1282
1300
1282
1291
1282
1300
1283
1315
1284
1294
1282
1309
1282
1292
1282
1292
1300
1318
1282
1282
1282
1282
1282
1294
1282
1295
1282
1282
1291
1289
1293
1282
1307
1282
1293
1296
1295
1281
1486
1282
1293
1304
1282
1283
1293
1282
1292
1282
1295
1369
1311
1320
1282
1282
1283
1282
1283
1287
1321
1282
1282
1282
1299
1282
1299
1282
1306
1294
1294
1282
1308
1281
1291
1281
1307
1295
1293
1282
1304
1283
1292
1282
1315
1349
1307
1282
1282
1282
1285
1282
1282
1282
1282
1282
1289
1282
1282
1282
1282
1293
1298
1323
1282
1294
1282
1297
1288
1293
1299
1305
1282
1295
1282
1300
1282
1293
1282
1300
1313
1296
1282
1302
1282
1292
1282
1322
1282
1295
1281
1302
1281
1291
1281
1294
1282
1316
1282
1282
1281
1282
1282
1290
1283
1289
1282
1282
1283
1289
1292
1282
1307
1283
1319
1288
1294
1282
1304
1282
1292
1282
1308
1303
1294
1282
1311
1289
1282
1282
1284
1290
1281
1282
1282
1282
1282
1306
1282
1301
1309
1303
1282
1291
1282
1299
1282
1306
1282
1294
1295
1310
1288
1295
1282
1304
1282
1302
1282
1299
1282
1293
1282
1310
1283
1320
1282
1303
1282
1293
1283
1304
1282
1295
1289
1306
1283
1294
1282
1301
1289
1295
1309
1307
1282
1293
1282
1282
1282
1289
1282
1282
1290
1283
1281
1283
1282
1282
1292
1309
1282
1282
1282
1282
1290
1282
1283
1282
1282
1282
1318
1282
1292
1282
1302
1284
1328
1282
1310
1282
1292
1283
1302
1284
1310
1282
1303
1283
1295
1282
1304
1282
1300
1313
1294
1283
1303
1282
1293
1282
1303
1284
1303
1283
1292
1291
1307
1282
1282
1282
1289
1282
1281
1282
1282
1387
1282
1292
1312
1281
1303
1282
1294
1282
1310
1303
1311
1282
1337
1281
1294
1282
1295
1282
1299
1283
1299
1282
1282
1282
1291
1281
1314
1282
1282
1282
1290
1283
1282
1282
1282
1282
1291
1282
1282
1310
1283
1310
1291
1307
1314
1312
1282
1290
1291
1304
1282
1292
1283
1313
1283
1294
1282
1310
1282
1291
1307
1307
1282
1307
1282
1300
1282
1291
1282
1282
1297
1283
1290
1282
1281
1282
1282
1299
1282
1282
1282
1281
1282
1290
1282
1282
1282
1302
1296
1282
1292
1282
1303
1282
1291
1287
1292
1282
1293
1282
1315
1282
1303
1282
1311
1282
1296
1291
1293
1282
1302
1282
1282
1282
1282
1282
1282
1283
1282
1291
1283
1295
1282
1302
1282
1291
1282
1298
1282
1291
