1411
1428
1411
1440
1420
1430
1415
1419
1604
1410
1445
1420
1428
1411
1419
1410
1431
1411
1446
1411
1418
1411
1419
1411
1413
1411
1439
1428
1410
1419
1410
1422
1412
1441
1440
1419
1410
1428
1419
1411
1413
1417
1418
1410
1426
1411
1421
1411
1430
1419
1421
1410
1426
1410
1421
1411
1411
1410
1411
1410
1420
1420
1411
1421
1411
1435
1410
1439
1411
1421
1411
1428
1411
1430
1410
1436
1410
1421
1411
1412
1411
1425
1410
1410
1418
1411
1422
1412
1436
1430
1421
1411
1427
1410
1436
1423
1411
1431
1411
1440
1411
1419
1410
1431
1419
1437
1410
1428
1411
1419
1419
1437
1411
1425
1411
1419
1411
1411
1427
1412
1419
1432
1429
1411
1422
1411
1437
1410
1419
1411
1428
1411
1419
1411
1411
1411
1423
1426
1410
1422
1410
1420
1410
1423
1418
1422
1411
1420
1411
1410
1427
1411
1422
1410
1410
1410
1421
1410
1434
1410
1436
1411
1439
1410
1434
1507
1422
1411
1425
1410
1411
1411
1410
1425
1412
1420
1422
1427
1411
1411
1411
1430
1410
1436
1434
1439
1456
1498
1421
1411
1441
1410
1423
1410
1433
1410
1433
1411
1430
1410
1431
1411
1417
1410
1411
1410
1433
1410
1410
1422
1411
1423
1411
1442
1411
1421
1411
1435
1410
1416
1410
1410
1410
1411
1424
1410
1421
1410
1430
1418
1422
1411
1437
1410
1421
1420
1434
1424
1411
1411
1411
1410
1410
1433
1411
1435
1419
1432
1410
1421
1411
1431
1411
1433
1410
1432
1411
1431
1411
1411
1410
1423
1411
1419
1411
1410
1423
1411
1442
1423
1421
1410
1429
1411
1431
1411
1429
1423
1421
1419
1410
1411
1411
1411
1411
1430
1468
1422
1416
1467
1417
1422
1410
1411
1444
1410
1431
1410
1420
1411
1440
1415
1430
1416
1421
1410
1431
1411
1435
1411
1414
1411
1411
1411
1411
1410
1424
1429
1410
1421
1411
1430
1411
1420
1419
1434
1410
1420
1410
1424
1410
1430
1418
1423
1411
1422
1411
1410
1410
1410
1429
1410
1420
1410
1422
1410
1429
1410
1433
1411
1429
1410
1422
1410
1434
1411
1427
1410
1430
1411
1423
1411
1410
1411
1411
1411
1411
1411
1411
1411
1410
1420
1410
1420
1410
1433
1411
1427
1410
1438
1418
1423
1411
1434
1410
1410
1411
1411
1411
1411
1410
1411
1421
1410
1430
1410
1440
1410
1477
1411
1423
1419
1410
1410
1419
1411
1410
1410
1421
1410
1437
1431
1429
1411
1423
1447
1424
1410
1411
1410
1410
1418
1410
1453
1411
1430
1417
1437
1410
1429
1410
1437
1418
1420
1411
1430
1411
1432
1410
1439
1410
1411
1411
1411
1411
1410
1410
1425
1471
1427
1425
1461
1430
1410
1417
1454
1411
1447
1410
1449
1410
1434
1411
1422
1410
1430
1416
1442
1410
1420
1410
1411
1411
1410
1411
1424
1419
1411
1410
1410
1443
1410
1431
1423
1420
1410
1428
1419
1419
1411
1433
1424
1423
1419
1431
1411
1422
1410
1432
1423
1425
1411
1411
1411
1420
1411
1410
1424
1411
1410
1419
1411
1410
1420
1410
1447
1411
1422
1410
1430
1411
1429
1411
1446
1410
1422
1411
1439
1410
1427
1411
1440
1418
1411
1411
1412
1411
1411
1418
1423
1411
1411
1410
1412
1419
1410
1422
1420
1433
1417
1422
1412
1419
1411
1423
1418
1424
1411
1433
1413
1433
1410
1411
1410
1411
1410
1418
1433
1410
1424
1410
1437
1411
1431
1411
1437
1410
1438
1411
1420
1411
1412
1410
1432
1451
1449
1410
1422
1411
1432
1411
1423
1410
1421
1411
1411
1411
1411
1411
1429
1451
1435
1426
1411
1444
1411
1424
1411
1426
1420
1435
1411
1412
1411
1410
1410
1410
1425
1411
1411
1411
1437
1410
1429
1410
1446
1410
1423
1411
1431
1411
1423
1411
1445
1411
1422
1411
1429
1411
1424
1410
1425
1411
1411
1410
1411
1411
1410
1430
1429
1423
1411
1429
1410
1425
1410
1428
1425
1421
1411
1429
1410
1436
1411
1421
1426
1411
1411
1411
1410
1411
1411
1410
1438
1410
1432
1411
1426
1411
1423
1411
1453
1411
1424
1411
1437
1411
1423
1411
1448
1411
1411
1411
1410
1410
1411
1411
1425
1411
1482
1425
1470
1421
1411
1432
1425
1429
1411
1423
1415
1411
1458
1410
1427
1411
1423
1452
1422
1411
1424
1429
1411
1410
1411
1413
1410
1428
1411
1438
1411
1424
1411
1431
1411
1421
1410
1453
1411
1424
1411
1411
1410
1411
1415
1438
1433
1418
1423
1411
1425
1411
1421
1439
1444
1411
1420
1410
1428
1411
1421
1472
1435
1411
1410
1411
1411
1411
1411
1439
1411
1429
1411
1421
1410
1433
1410
1463
1424
1441
1411
1421
1433
1455
1410
1418
1590
1411
1420
1411
1430
1411
1548
1438
1410
1411
1410
1411
1410
1416
1410
1455
1411
1424
1410
1424
1418
1433
1411
1490
1411
1421
1418
1428
1411
1423
1411
1426
1411
1411
1411
1412
1411
1418
1411
1425
1432
1411
1425
1419
1441
1411
1423
1425
1431
1411
1424
1410
1434
1411
1437
1410
1422
1411
1432
1411
1433
1411
1431
1410
1411
1417
1410
1411
1410
1411
1411
1432
1410
1434
1418
1422
1410
1423
1410
1442
1410
1426
1419
1434
1414
1411
1411
1419
1417
1413
1411
1410
1411
1420
1431
1417
1422
1411
1438
1420
1423
1411
1432
1411
1428
1410
1434
1410
1759
1417
1475
1452
1411
1431
1411
1432
1411
1422
1487
1450
1424
1411
1411
1411
1411
1410
1431
1438
1435
1410
1435
1417
1421
1410
1427
1437
1429
1418
1427
1411
1421
1411
1441
1438
1410
1411
1411
1410
1410
1432
1427
1427
1410
1426
1411
1420
1410
1432
1411
1427
1410
1411
1410
1411
1410
1418
1411
1411
1421
1410
1541
1411
1422
1410
1449
1410
1438
1410
1411
1411
1411
1417
1429
1419
1410
1419
1410
1426
1411
1423
1426
1426
1418
1420
1410
1429
1411
1411
1438
1411
1411
1410
1416
1417
1421
1411
1462
1410
1432
1411
1430
1411
1419
1411
1463
1410
1421
1411
1437
1410
1419
1410
1438
1411
1411
1411
1420
1410
1410
1420
1438
1441
1410
1421
1410
1433
1411
1428
1438
1419
1410
1431
1416
1420
1411
1421
1439
1441
1431
1411
1417
1410
1417
1410
1474
1410
1420
1411
1431
1419
1420
1411
1457
1410
1423
1411
1411
1410
1411
1411
1443
1410
1411
1433
1410
1421
1414
1429
1438
1421
1410
1428
1411
1432
1411
1427
1438
1437
1411
1411
1410
1411
1418
1410
1444
1411
1420
1410
1435
1410
1422
1411
1458
1419
1420
1411
1434
1410
1421
1420
1437
1410
1411
1411
1415
1417
1411
1429
1432
1424
1414
1428
1410
1420
1410
1435
1417
1421
1411
1411
1411
1419
1410
1417
1410
1410
1425
1411
1424
1411
1428
1416
1427
1411
1427
1411
1650
1411
1411
1440
1411
1425
1410
1419
1410
1427
1435
1449
1418
1410
1411
1411
1410
1410
1426
1433
1417
1411
1433
1410
1421
1576
1416
1410
1410
1410
1410
1422
1410
1422
1431
1428
1410
1422
1410
1427
1411
1419
1461
1411
1411
1411
1411
1410
1424
1410
1449
1411
1430
1411
1419
1410
1444
1410
1446
1411
1430
1411
1418
1411
1431
1411
1448
1411
1411
1411
1418
1411
1410
1419
1438
1424
1410
1419
1414
1435
1410
1418
1445
1450
1411
1419
1411
1425
1411
1419
1438
1436
1410
1411
1411
1410
1411
1411
1433
1410
1410
1410
1416
1411
1439
1410
1427
1410
1434
1410
1421
1411
1431
1410
1419
1411
1419
1410
1437
1411
1420
1410
1434
1423
1410
1410
1411
1411
1411
1438
1425
1419
1410
1441
1411
1420
1410
1436
1419
1419
1411
1429
1429
1411
1411
1416
1435
1411
1411
1410
1432
1416
1427
1411
1444
1452
1421
1411
1419
1411
1431
1411
1441
1410
1419
1411
1418
1410
1436
1410
1423
1410
1410
1419
1410
1410
1411
1410
1416
1426
1410
1424
1410
1422
1416
1422
1431
1424
1411
1419
1410
1428
1410
1411
1411
1410
1411
1410
1411
1411
1427
1411
1432
1410
1432
1410
