1550
1539
1563
1541
1581
1580
1539
1567
1539
1550
1549
1539
1679
1539
1551
1555
1539
1595
1541
1562
1543
1578
1539
1539
1563
1539
1563
1544
1559
1538
1538
1539
1539
1558
1539
1550
1539
1570
1540
1540
1539
1546
1550
1540
1560
1539
1547
1539
1550
1548
1540
1548
1539
1556
1539
1549
1547
1562
1540
1549
1554
1539
1548
1539
1585
1539
1547
1539
1541
1539
1541
1553
1538
1554
1539
1551
1539
1555
1539
1548
1556
1539
1550
1539
1552
1546
1547
1549
1539
1549
1546
1558
1539
1539
1540
1546
1557
1539
1550
1538
1571
1548
1539
1559
1539
1547
1547
1550
1539
1563
1539
1546
1555
1540
1548
1539
1561
1540
1539
1539
1539
1555
1539
1554
1539
1549
1539
1539
1562
1539
1548
1554
1549
1539
1557
1539
1539
1565
1546
1551
1540
1560
1546
1540
1540
1540
1554
1546
1550
1539
1559
1539
1539
1589
1539
1551
1539
1549
1539
1549
1538
1539
1550
1551
1556
1539
1548
1539
1566
1539
1539
1539
1539
1549
1540
1560
1555
1554
1539
1545
1539
1559
1539
1598
1539
1581
1549
1548
1551
1552
1541
1575
1539
1548
1541
1555
1539
1554
1569
1546
1560
1539
1548
1539
1554
1540
1567
1540
1539
1557
1539
1555
1539
1601
1540
1557
1540
1539
1563
1539
1555
1546
1550
1540
1561
1546
1539
1540
1567
1558
1546
1551
1539
1559
1539
1539
1556
1540
1549
1541
1558
1546
1550
1566
1565
1548
1546
1560
1540
1550
1539
1586
1539
1539
1556
1539
1555
1539
1576
1539
1557
1539
1543
1551
1539
1560
1545
1555
1539
1552
1539
1539
1555
1566
1559
1539
1554
1546
1553
1539
1539
1556
1539
1565
1540
1548
1539
1563
1573
1611
1546
1557
1577
1540
1550
1555
1539
1660
1552
1565
1539
1572
1539
1562
1553
1539
1556
1539
1565
1539
1590
1540
1540
1549
1539
1554
1540
1549
1540
1539
1540
1554
1551
1539
1549
1554
1561
1539
1539
1539
1540
1550
1539
1568
1540
1561
1556
1539
1539
1539
1570
1539
1554
1538
1563
1538
1539
1539
1539
1554
1539
1577
1538
1549
1539
1549
1539
1539
1559
1539
1549
1539
1559
1540
1540
1555
1541
1549
1540
1550
1554
1564
1539
1539
1560
1539
1557
1539
1552
1539
1540
1580
1539
1549
1539
1571
1545
1550
1556
1539
1539
1539
1579
1539
1561
1539
1566
1546
1539
1539
1553
1559
1546
1568
1539
1558
1539
1545
1539
1548
1555
1608
1567
1551
1585
1539
1538
1577
1554
1539
1553
1546
1551
1539
1540
1547
1539
1569
1539
1549
1548
1539
1555
1539
1551
1554
1562
1539
1546
1554
1548
1539
1539
1562
1539
1556
1539
1571
1539
1548
1540
1564
1549
1539
1562
1539
1564
1539
1550
1539
1540
1544
1555
1550
1539
1554
1616
1551
1539
1543
1551
1539
1570
1539
1552
1539
1571
1564
1539
1562
1539
1559
1548
1562
1539
1552
1539
1539
1539
1539
1562
1539
1568
1539
1568
1539
1546
1564
1548
1552
1539
1556
1539
1548
1539
1539
1551
1555
1653
1539
1539
1549
1539
1566
1621
1569
1584
1582
1603
1539
1569
1544
1549
1544
1540
1579
1539
1550
1539
1554
1539
1548
1540
1554
1539
1539
1544
1539
1547
1539
1662
1539
1539
1538
1540
1549
1539
1548
1554
1568
1539
1539
1554
1544
1548
1554
1555
1539
1548
1540
1552
1539
1549
1577
1539
1550
1539
1550
1539
1564
1546
1540
1539
1539
1557
1539
1551
1539
1581
1539
1539
1557
1541
1539
1571
1572
1582
1540
1557
1540
1548
1539
1538
1558
1568
1551
1539
1563
1539
1539
1546
1566
1551
1547
1560
1548
1553
1540
1560
1567
1539
1547
1540
1561
1539
1624
1568
1539
1547
1539
1553
1539
1555
1539
1539
1539
1551
1548
1539
1550
1538
1560
1539
1539
1547
1540
1554
1539
1552
1545
1550
1546
1538
1559
1539
1548
1546
1551
1539
1539
1540
1540
1553
1539
1558
1539
1550
1563
1551
1539
1543
1580
1548
1553
1554
1553
1539
1539
1575
1539
1561
1539
1548
1540
1570
1539
1558
1549
1539
1579
1540
1551
1539
1570
1539
1539
1544
1539
1565
1538
1551
1539
1540
1555
1539
1559
1539
1550
1547
1554
1540
1539
1549
1540
1569
1539
1551
1539
1559
1546
1539
1564
1539
1553
1546
1559
1539
1539
1539
1546
1549
1539
1549
1539
1573
1538
1539
1539
1567
1564
1542
1564
1600
1539
1552
1567
1548
1544
1555
1616
1545
1623
1736
1551
1545
1776
1549
1539
1548
1539
1574
1540
1540
1580
1539
1555
1539
1556
1539
1539
1563
1540
1556
1540
1562
1547
1554
1539
1540
1548
1539
1578
1539
1554
1539
1578
1540
1549
1539
1562
1539
1607
1560
1602
1559
1539
1547
1548
1578
1552
1538
1551
1539
1568
1539
1547
1569
1539
1565
1539
1553
1539
1559
1547
1547
1539
1539
1540
1621
1552
1593
1575
1539
1550
1539
1540
1548
1549
1582
1539
1551
1538
1539
1539
1547
1550
1539
1557
1539
1557
1539
1539
1539
1566
1546
1540
1563
1539
1548
1539
1548
1554
1539
1554
1539
1563
1539
1540
1568
1539
1555
1539
1556
1538
1552
1550
1539
1539
1539
1551
1539
1548
1539
1593
1539
1548
1547
1543
1546
1540
1566
1547
1551
1539
1561
1540
1539
1539
1568
1545
1539
1565
1539
1547
1539
1547
1571
1548
1546
1539
1555
1540
1555
1547
1564
1538
1546
1539
1548
1552
1539
1586
1539
1556
1539
1553
1539
1540
1548
1539
1546
1539
1555
1545
1548
1539
1567
1547
1548
1555
1540
1546
1539
1552
1546
1539
1538
1538
1546
1547
1555
1567
1547
1539
1539
1539
1539
1552
1539
1562
1552
1555
1539
1539
1550
1541
1576
1540
1553
1539
1556
1539
1539
1549
1539
1557
1539
1553
1539
1539
1546
1566
1551
1539
1552
1546
1555
1539
1568
1556
1539
1554
1539
1552
1539
1557
1560
1539
1555
1539
1552
1547
1563
1567
1551
1539
1546
1553
1539
1558
1539
1577
1546
1556
1539
1539
1540
1546
1566
1538
1558
1539
1558
1538
1539
1539
1568
1565
1539
1550
1539
1556
1539
1549
1539
1539
1547
1539
1558
1539
1551
1559
1549
1548
1539
1551
1539
1548
1539
1556
1539
1544
1539
1617
1552
1555
1567
1538
1564
1548
1540
1555
1563
1579
1554
1557
1539
1662
1549
1544
1577
1539
1549
1538
1546
1564
1539
1549
1554
1564
1539
1548
1539
1539
1539
1539
1547
1539
1549
1539
1558
1539
1539
1569
1539
1559
1539
1556
1539
1539
1574
1539
1557
1539
1549
1547
1557
1539
1574
1540
1540
1540
1540
1546
1540
1547
1539
1557
1539
1539
1539
1544
1553
1566
1562
1544
1548
1544
1554
1540
1540
1544
1539
1548
1539
1556
1540
1548
1567
1539
1539
1539
1559
1539
1549
1539
1572
1540
1540
1540
1540
1546
1539
1583
1539
1539
1543
1539
1550
1539
1564
1539
1550
1540
1539
1539
1540
1559
1567
1550
1539
1562
1539
1551
1539
1539
1566
1539
1559
1539
1550
1539
1539
1583
1539
1549
1544
1556
1539
1556
1544
1539
1539
1540
1557
1539
1549
1539
1589
1563
1540
1538
1539
1556
1539
1558
1539
1563
1539
1539
1558
1539
1547
1567
1547
1540
1557
1539
1539
1539
1539
1560
1539
1545
1540
1560
1540
1539
1568
1539
1548
1539
1568
1539
1550
1539
1560
1538
1539
1545
1539
1549
1539
1587
1539
1539
1539
1539
1548
1539
1564
1545
1557
1539
1555
1539
1540
1549
1568
1559
1539
1553
1539
1557
1539
1539
1567
1539
1557
1539
1553
1539
1557
1566
1539
1557
1539
1550
1546
1561
1615
1539
1558
1540
1548
1538
1550
1563
1565
1552
1539
1557
1540
1556
1548
1571
1539
1540
1556
1539
1556
1539
1550
1540
1540
1539
1539
1548
1539
1589
1541
1552
1539
1548
1540
1540
1539
1555
1550
1539
1581
1539
1550
1539
1555
1548
1539
1561
1540
1552
1540
1566
1539
1539
1547
1539
1549
1539
1558
1556
1551
1539
1539
1547
1539
1566
1539
1567
1540
1560
1539
1539
1539
1539
1549
1559
1574
