1668
1694
1669
1680
1720
1668
1796
1668
1668
1684
1667
1702
1667
1668
1694
1667
1685
1668
1678
1676
1668
1677
1668
1694
1668
1674
1695
1668
1680
1668
1668
1686
1681
1690
1668
1685
1668
1667
1693
1680
1678
1667
1668
1684
1668
1689
1682
1668
1695
1668
1678
1667
1696
2064
1668
1678
1687
1667
1756
1668
1692
1820
1668
1685
1668
1694
1690
1667
1678
1667
1668
1675
1675
1689
1668
1685
1667
1673
1680
1670
1680
1668
1679
1684
1667
1681
1669
1673
1678
1667
1684
1668
1668
1686
1667
1685
1668
1668
1683
1668
1687
1668
1685
1668
1667
1684
1668
1690
1668
1687
1685
1668
1685
1668
1670
1679
1696
1693
1667
1684
1668
1669
1682
1695
1690
1668
1668
1688
1669
1681
1706
1668
1684
1668
1696
1669
1668
1715
1668
1685
1668
1668
1682
1668
1720
1668
1685
1687
1668
1681
1667
1718
1668
1668
1686
1668
1687
1668
1695
1682
1668
1689
1668
1668
1676
1681
1685
1667
1668
1684
1676
1678
1684
1668
1680
1676
1686
1678
1668
1709
1678
1667
1690
1684
1674
1727
1674
1792
1668
1668
1687
1677
1684
1680
1667
1686
1702
1681
1675
1668
1687
1668
1690
1668
1668
1678
1667
1709
1680
1705
1675
1667
1687
1676
1708
1668
1668
1672
1677
1677
1668
1695
1686
1676
1677
1667
1667
1687
1704
1682
1668
1677
1668
1667
1677
1682
1682
1667
1681
1690
1667
1680
1687
1667
1677
1667
1686
1667
1668
1695
1668
1679
1667
1668
1668
1668
1687
1668
1680
1667
1668
1676
1675
1682
1689
1668
1677
1668
1687
1668
1680
1695
1675
1678
1667
1677
1668
1688
1699
1741
1681
1713
1675
1675
1682
1704
1716
1667
1692
1667
1687
1667
1705
1688
1667
1678
1674
1667
1679
1710
1693
1673
1674
1667
1667
1678
1687
1686
1667
1669
1691
1668
1679
1681
1668
1680
1677
1687
1668
1668
1702
1675
1680
1670
1688
1668
1674
1714
1667
1678
1668
1675
1678
1668
1699
1668
1686
1668
1667
1677
1668
1698
1673
1680
1671
1669
1685
1668
1691
1668
1667
1684
1669
1684
1667
1688
1688
1668
1677
1670
1691
1675
1681
1681
1668
1676
1677
1677
1668
1668
1691
1675
1678
1668
1681
1668
1676
1697
1668
1678
1668
1684
1668
1668
1677
1668
1697
1667
1669
1678
1668
1677
1681
1690
1667
1670
1688
1667
1699
1681
1668
1684
1669
1695
1668
1679
1690
1681
1668
1667
1677
1813
1705
1676
1668
1687
1668
1679
1668
1682
1685
1668
1682
1677
1668
1678
1682
1677
1668
1689
1668
1667
1686
1673
1682
1668
1667
1693
1667
1678
1667
1668
1684
1667
1688
1667
1668
1683
1668
1677
1667
1668
1677
1667
1677
1667
1683
1668
1668
1683
1667
1680
1669
1956
1683
1689
1668
1686
1693
1682
1668
1667
1676
1668
1685
1675
1679
1668
1668
1676
1668
1680
1675
1667
1675
1667
1685
1667
1680
1668
1668
1683
1668
1688
1678
1671
1685
1668
1677
1668
1668
1678
1668
1686
1668
1667
1679
1667
1677
1667
1667
1770
1668
1676
1668
1668
1681
1668
1679
1667
1687
1667
1668
1676
1668
1719
1668
1668
1681
1668
1677
1668
1721
1668
1668
1680
1667
1678
1668
1696
1676
1668
1680
1668
1691
1689
1696
1679
1667
1685
1685
1667
1681
1691
1668
1699
1773
1682
1672
1677
1731
1668
1680
1682
1668
1674
1667
1705
1667
1668
1682
1667
1679
1668
1686
1681
1667
1684
1668
1685
1667
1686
1671
1691
1794
1699
1679
1668
1687
1696
1668
1678
1707
1686
1667
1668
1718
1668
1687
1701
1667
1678
1668
1728
1668
1679
1685
1668
1686
1667
1718
1667
1667
1708
1668
1680
1668
1717
1677
1668
1685
1667
1680
1668
1696
1681
1667
1685
1667
1668
1687
1685
1680
1668
1688
1668
1668
1689
1668
1713
1668
1667
1687
1667
1673
1668
1668
1680
1668
1677
1667
1669
1679
1667
1683
1667
1669
1688
1688
1685
1700
1668
1681
1668
1682
1667
1676
1683
1667
1679
1668
1668
1679
1676
1686
1668
1682
1670
1667
1690
1667
1682
1668
1668
1692
1667
1682
1668
1668
1678
1668
1692
1667
1668
1678
1668
1710
1667
1670
1687
1667
1683
1668
1668
1687
1669
1679
1668
1686
1668
1668
1677
1667
1678
1668
1668
1682
1667
1685
1668
1667
1682
1681
1678
1668
1667
1674
1667
1684
1667
1679
1680
1667
1680
1668
1675
1677
1668
1685
1668
1677
1690
1668
1677
1674
1716
1678
1686
1678
1667
1675
1681
1667
1677
1700
1668
1688
1696
1679
1676
1667
1684
1668
1680
1682
1668
1677
1667
1684
1675
1667
1694
1667
1678
1675
1687
1668
1667
1667
1686
1667
1805
1682
1668
1684
1668
1681
1668
1694
1687
1675
1685
1667
1676
1667
1677
1692
1668
1680
1668
1675
1683
1667
1706
1667
1673
1678
1667
1682
1667
1695
1668
1667
1679
1668
1687
1668
1668
1687
1668
1680
1668
1677
1668
1668
1714
1676
1680
1669
1668
1679
1668
1712
1668
1668
1680
1668
1682
1668
1695
1677
1668
1683
1667
1676
1668
1695
1677
1667
1684
1668
1668
1681
1696
1681
1668
1686
1667
1668
1681
1696
1682
1667
1667
1677
1667
1678
1696
1668
1683
1667
1686
1668
1676
1697
1667
1676
1668
1692
1668
1668
1707
1668
1681
1667
1680
1668
1668
1690
1668
1681
1668
1668
1678
1668
1693
1669
1667
1687
1668
1680
1668
1687
1682
1668
1688
1668
1679
1667
1685
1683
1667
1679
1668
2108
1687
1682
1693
1667
1669
1678
1667
1687
1744
1696
1791
1668
1679
1673
1678
1681
1695
1682
1668
1688
1667
1668
1693
1701
1681
1668
1668
1678
1675
1688
1696
1682
1668
1676
1677
1668
1685
1695
1691
1686
1668
1683
1669
1693
1696
1667
1684
1667
1685
1667
1668
1706
1667
1684
1667
1667
1675
1668
1694
1668
1677
1668
1668
1696
1668
1684
1668
1668
1695
1668
1680
1668
1668
1677
1667
1678
1668
1668
1687
1667
1680
1668
1668
1677
1668
1689
1668
1682
1676
1667
1686
1668
1691
1668
1668
1679
1667
1678
1668
1668
1686
1668
1680
1667
1668
1678
1668
1679
1668
1668
1677
1667
1681
1667
1667
1679
1668
1678
1667
1668
1676
1667
1686
1668
1677
1669
1667
1685
1667
1680
1667
1668
1681
1667
1688
1668
1675
1733
1668
1681
1668
1668
1676
1684
1678
1668
1677
1668
1668
1677
1683
1679
1667
1668
1689
1667
1688
1683
1675
1676
1668
1694
1668
1682
1682
1691
1681
1668
1695
1668
1668
1714
1668
1679
1667
1668
1678
1667
1715
1668
1668
1690
1668
1678
1667
1715
1678
1667
1688
1668
1682
1667
1697
1679
1668
1691
1668
1667
1687
1697
1685
1667
1668
1677
1667
1684
1696
1687
1667
1668
1909
1667
1668
1703
1667
1690
1667
1668
1676
1691
1697
1668
1668
1678
1668
1687
1677
1690
1678
1668
1704
1668
1678
1669
1682
1677
1668
1681
1668
1668
1688
1680
1678
1668
1668
1676
1668
1680
1680
1679
1668
1668
1674
1667
1680
1681
1668
1675
1668
1677
1668
1668
1688
1668
1693
1668
1676
1668
1667
1677
1667
1693
1668
1668
1684
1668
1673
1669
1668
1679
1668
1676
1667
1684
1677
1668
1689
1667
1676
1668
1683
1693
1668
1698
1668
1667
1684
1668
1693
1668
1690
1667
1668
1685
1683
1703
1668
1667
1685
1668
1678
1684
1682
1687
1668
1685
1668
1678
1690
1683
1686
1668
1679
1675
1689
1668
1684
1688
1674
1679
1668
1668
1681
1675
1689
1678
1667
1679
1675
1690
1676
1668
1677
1668
1692
1668
1681
1668
1672
1679
1667
1691
1668
1668
1679
1667
1687
1668
1675
1690
1668
1696
1668
1667
1686
1667
1683
1668
1703
1681
1667
1679
1675
1693
1667
1683
1706
1675
1678
1668
1690
1667
1684
1720
1668
1678
1667
1675
1779
1683
1706
1668
1674
1693
1667
1679
1684
1689
1678
1668
1696
1668
1684
1684
1690
1679
1667
1699
1667
1668
1701
1683
1685
1668
1689
1667
1667
1683
1676
1685
1668
1668
