1830
1808
1812
1814
1804
1814
1809
1796
1824
1796
1803
1828
1796
1828
1825
1797
1807
1797
1797
1814
1796
1810
1797
1797
1831
1797
1819
1818
1797
1805
1796
1801
1804
1816
1820
1804
1796
1814
1803
1796
1836
1796
1804
1804
1797
1804
1796
1833
1796
1796
1812
1796
1813
1816
1796
1807
1797
1803
1983
1797
1817
1805
1796
1815
1796
1796
1814
1805
1796
1804
1796
1814
1796
1796
1805
1803
1798
1816
1796
1806
1934
1796
1819
1797
1801
1895
1816
1796
1805
1797
1797
1808
1796
1836
1813
1797
1815
1796
1805
1808
1801
1816
1797
1806
1826
1796
1812
1823
1796
1807
1796
1796
1817
1812
1796
1807
1796
1812
1797
1797
1820
1796
1813
1817
1796
1811
1816
1796
1806
1796
1817
1817
1797
1821
1797
1805
1815
1796
1811
1815
1816
1809
1796
1796
1809
1805
1817
1796
1796
1823
1796
1811
1813
1817
1816
1796
1796
1810
1797
1815
1834
1797
1814
1797
1796
1812
1797
1827
1804
1796
1812
1796
1796
1829
1796
1816
1796
1796
1813
1796
1806
1798
1827
1858
1796
1858
1797
1796
1847
1796
1797
1818
1805
1810
1837
1796
1807
1805
1810
1903
1796
1822
1809
1796
1807
1797
1805
1813
1798
1810
1809
1809
1809
1797
1796
1818
1797
1814
1810
1796
1839
1798
1810
1814
1796
1820
1796
1797
1810
1797
1807
1797
1801
1814
1805
1813
1816
1796
1822
1805
1796
1820
1797
1814
1814
1810
1816
1796
1806
1807
1797
1814
1810
1804
1816
1798
1807
1814
1835
1878
1797
1831
1834
1797
1797
1821
1796
1813
1839
1797
1813
1805
1802
1807
1796
1839
1830
1797
1810
1888
1804
1830
1804
1796
1809
1796
1796
1815
1812
1808
1813
1810
1806
1796
1805
1804
1796
1822
1808
1805
1801
1812
1796
1814
1796
1823
1796
1797
1831
1797
1806
1803
1796
1833
1796
1796
1803
1796
1826
1797
1796
1824
1806
1796
1822
1809
1803
1805
1812
1806
1796
1817
1816
1797
1817
1812
1813
1818
1796
1805
1796
1805
1822
1796
1808
1810
1805
1813
1796
1804
1807
1805
1841
1796
1796
1831
1796
1804
1796
1810
1814
1796
1821
1804
1796
1819
1809
1796
1817
1813
1815
1796
1797
1808
1806
1809
1804
1821
1808
1819
1796
1801
1811
1804
1812
1796
1817
1796
1805
1818
1796
1806
1807
1805
1822
1796
1796
1809
1796
1828
1806
1796
1848
1796
1796
1801
1811
1807
1810
1810
1796
1874
1852
1796
1808
1830
1796
1810
1819
1796
1827
1809
1796
1805
1829
1805
1808
1796
1808
1796
1796
1807
1797
1805
1844
1797
1808
1796
1796
1805
1796
1827
1796
1796
1819
1796
1806
1814
1814
1807
1796
1796
1801
1797
1816
1808
1796
1813
1796
1796
1817
1810
1816
1819
1798
1809
1796
1796
1822
1796
1813
1805
1796
1812
1796
1808
1820
1796
1811
1797
1797
1826
1796
1814
1797
1797
1816
1796
1822
1819
1803
1813
1797
1797
1809
1814
1816
1797
1798
1816
1804
1797
1806
1796
1827
1798
1797
1815
1800
1818
1818
1797
1808
1796
1805
1820
1796
1817
1806
1796
1812
1797
1821
1804
1796
1811
1796
1815
1815
1809
1818
1796
1798
1814
1796
1813
1796
1804
1814
1798
1807
1829
1811
1817
1796
1797
1809
1804
1808
1804
1796
1807
1805
1813
1807
1796
1833
1797
1797
1813
1797
1815
1796
1796
1807
1796
1822
1806
1797
1816
1805
1796
1816
1796
1806
1805
1803
1808
1796
1798
1796
1827
1804
1796
1840
1819
1814
1810
1809
1819
1796
1808
1813
1796
1818
1825
1801
1808
1796
1796
1821
1809
1796
1819
1796
1812
1796
1796
1812
1804
1796
1804
1796
1815
1811
1797
1804
1796
1804
1806
1796
1826
1796
1797
1812
1796
1808
1797
1816
1808
1797
1819
1797
1803
1814
1810
1796
1820
1796
1808
1796
1796
1812
1796
1814
1796
1796
1813
1809
1796
1807
1796
1815
1797
1796
1818
1796
1825
1810
1796
1814
1803
1809
1820
1796
1810
1803
1796
1806
1814
1814
1809
1796
1814
1797
1815
1806
1796
1815
1806
1803
1815
1810
1796
1814
1796
1808
1797
1796
1827
1796
1796
1806
1796
1823
1800
1796
1814
1796
1813
1804
1797
1816
1804
1796
1816
1797
1806
1805
1810
1808
1796
1819
1814
1797
1808
1810
1804
1817
1797
1804
1796
1806
1810
1796
1796
1805
1797
1810
1831
1796
1812
1796
1797
1807
1796
1843
1805
1796
1821
1797
1804
1827
1796
1822
1804
1796
1801
1796
1825
1822
1800
1812
1810
1804
1811
1806
1796
1816
1833
1796
1808
1825
1796
1805
1842
1818
1857
1810
1810
1796
1796
1805
1797
1797
1840
1797
1881
1796
1818
1834
1803
1808
1816
1918
1823
1806
1796
1843
1797
1796
1834
1805
1830
1817
1804
1823
1804
1796
1816
1814
1806
1821
1796
1823
1796
1811
1814
1797
1809
1811
1796
1808
1813
1797
1853
1797
1797
1812
1798
1809
1816
1796
1816
1796
1798
1826
1803
1824
1816
1796
1806
1805
1810
1810
1797
1821
1807
1796
1808
1797
1803
1963
1796
1799
1815
1821
1809
1796
1796
1813
1797
1816
1819
1797
1824
1796
1796
1806
1799
1796
1809
1796
1814
1797
1812
1821
1796
1797
1812
1796
1816
1797
1809
1817
1797
1816
1807
1803
1817
1797
1796
1815
1803
1807
1815
1809
1811
1804
1796
1814
1797
1815
1808
1797
1815
1802
1803
1810
1798
1812
1796
1796
1808
1796
1796
1824
1796
1932
1809
1797
1812
1811
1810
1807
1796
1813
1806
1796
1831
1803
1796
1808
1797
1811
1804
1797
1812
1796
1797
1807
1796
1833
1820
1808
1816
1796
1796
1818
1819
1806
1816
1796
1813
1796
1798
1807
1796
1813
1815
1796
1806
1812
1798
1805
1796
1819
1815
1796
1828
1796
1796
1818
1797
1805
1807
1797
1815
1797
1797
1810
1803
1821
1797
1796
1815
1804
1914
1805
1826
1807
1814
1796
1806
1795
1857
1826
1799
1797
2052
1797
1797
1812
1796
1813
1796
1796
1806
1829
1811
1804
1796
1810
1796
1796
1807
1801
1796
1818
1796
1808
1817
1798
1812
1797
1796
1806
1804
1809
1812
1796
1810
1803
1796
1816
1798
1825
1804
1796
1819
1796
1815
1798
1812
1807
1796
1813
1815
1797
1810
1796
1803
1807
1796
1805
1797
1817
1807
1797
1814
1813
1796
1810
1813
1796
1813
1797
1805
1796
1798
1836
1796
1797
1817
1803
1814
1798
1797
1810
1803
1816
1811
1797
1831
1803
1796
1814
1796
1811
1804
1810
1810
1796
1821
1811
1796
1817
1811
1803
1815
1796
1813
1797
1805
1816
1810
1797
1820
1797
1816
1810
1796
1825
1796
1812
1797
1798
1823
1797
1796
1811
1796
1815
1798
1804
1815
1803
1812
1814
1796
1810
1802
1797
1809
1796
1815
1798
1809
1814
1796
1822
1816
1796
1810
1812
1803
1815
1797
1819
1812
1797
1822
1796
1796
1820
1796
1815
1811
1797
1824
1796
1796
1811
1797
1827
1819
1796
1808
1804
1796
1809
1809
1819
1809
1796
1815
1796
1796
1808
1796
1808
1816
1809
1810
1816
1796
1808
1803
1988
1809
1802
1827
1796
1796
1806
1795
1823
1829
1796
1810
1796
1796
1806
1806
1809
1819
1796
1807
1796
1796
1817
1796
1796
1806
1803
1824
1796
1804
1815
1803
1808
1815
1797
1810
1815
1797
1808
1796
1815
1813
1798
1831
1796
1803
1813
1796
1808
1796
1810
1808
1797
1797
1806
1797
1834
1807
1797
1822
1796
1796
1816
1810
1816
1797
1797
1806
1805
1798
1808
1797
1817
1806
1797
1815
1809
1796
1812
1796
1806
1797
1798
1822
1796
1796
1810
1805
1816
1808
1797
1810
1805
1796
1818
1798
1829
1797
1797
1809
1797
1805
1808
1810
1814
1796
1796
1811
1795
1815
1808
1797
1808
1796
1796
1817
1816
1797
1816
1797
1820
1796
1798
1822
1804
1797
1810
1797
1814
1806
1797
1819
1886
1797
1805
1812
1811
1805
1808
1813
1796
1796
1822
1804
1809
1805
1796
1823
1796
1797
1812
1796
1821
1796
1796
1805
1816
1796
1806
