1925
1953
1945
1959
1926
1937
1932
1947
1950
1924
1925
1938
1932
1925
1936
1924
1933
1940
1925
1925
1960
1925
1925
1941
1925
1942
1948
1925
1938
1950
1925
1935
1944
1925
1945
1939
1925
1935
1933
1936
1939
1925
1925
1934
1926
1933
1937
1933
1925
1933
1925
1941
1939
1925
1941
1933
1933
1951
1945
1925
1950
1934
1925
1938
1933
1933
1933
1925
1925
1942
1925
1933
1933
1925
1953
1934
1925
1951
1942
1925
1942
1936
1925
1939
1935
1925
1942
1934
1924
1945
1955
1925
1944
1925
1925
1945
1959
2007
1948
1982
1932
2033
1951
1929
1941
1951
1925
1942
1949
1925
1938
1937
1925
1947
1925
1933
2235
1945
1925
1944
1934
1933
1959
1934
1925
1936
1936
1934
1954
1925
1924
1936
1927
1924
1937
1933
1925
1937
1925
1925
1943
1925
1925
1938
1933
1927
1943
1925
1951
1937
1925
1945
1934
1925
1944
1938
1926
1949
1934
1935
1943
1925
1925
1943
1927
1932
1959
1925
1925
1942
1935
1925
1950
1925
1925
1941
1925
1925
1950
1937
1941
1941
1947
1978
1939
1925
1932
1944
1925
1935
1938
1925
1942
1928
1933
1933
1933
1959
1933
1925
1941
1933
1925
1957
1925
1933
1932
1926
1925
1936
1936
1925
1947
1925
1937
1943
1939
1939
1943
1926
1939
1941
1938
1944
1941
1927
1935
1933
1925
2015
1925
1987
1964
1924
1926
1951
1937
1924
1940
1924
1925
1944
1926
1925
1940
1934
1924
1935
1925
1941
1937
1925
1946
1934
1945
1946
1934
1926
1950
1937
1938
1943
1926
1931
1940
1925
1925
1960
1925
1925
1943
1925
1946
1951
1925
1935
1945
1925
1941
1935
1925
1942
1934
1925
1946
1933
1938
1937
1925
1926
1938
1925
1938
1932
1934
1926
1934
1925
1954
1938
1925
1944
1933
1929
1942
1946
1928
1952
1934
1925
1940
1938
1925
1938
1927
1925
1940
1925
1935
1933
1925
1926
1936
1925
1958
1941
1926
1944
1933
1930
1935
1941
1925
1936
1934
1925
1934
1938
1933
1932
1926
1925
1931
1948
1943
1936
1926
1951
1934
1925
1959
1934
1928
1938
1925
1924
1958
1925
1925
1943
1924
1925
1933
1925
2037
1948
1926
1935
1932
1939
1945
1931
1940
1936
1944
1938
1946
1934
1949
1940
1925
1925
1955
1925
1925
1944
1925
1934
1950
1925
1925
1956
1925
1926
1959
1925
1943
1963
1925
1937
1944
1937
1936
1941
1941
1946
1925
1960
1940
1947
2012
1932
1967
1999
1937
1934
1958
1935
1925
1943
1955
1925
1941
1935
1925
1935
1935
1924
1990
1937
1925
1975
1941
1925
2054
1939
1925
1951
1935
1924
1936
1925
1925
1950
1925
1931
1940
1944
1925
1935
1940
1925
1935
1940
1925
1943
1940
1925
1939
1925
1925
1947
1925
1938
1942
1925
1969
1946
1925
1953
1942
1925
1963
1945
1925
1955
1942
1926
1938
1925
1925
1937
1925
1925
1937
1953
1925
1936
1941
1925
1937
1952
1925
1936
1941
1943
1936
1924
1971
1943
1925
1943
1936
1931
1972
1942
1925
1960
1932
1925
1955
1924
1932
1951
1924
1925
1962
1938
1939
1946
1925
1932
1937
1940
1926
1943
1941
1925
1938
1938
1946
1938
1941
1942
1945
1926
1960
1937
1925
1960
1925
1924
1955
1932
1925
1959
1925
1925
1935
1927
1925
1937
1932
1943
1935
1952
1945
1938
1940
1945
1936
1959
1977
1938
1940
1957
1937
1925
1931
1945
1925
1941
1941
1924
1958
1925
1925
1956
1925
1925
1950
1962
1925
1961
1953
1965
1940
1962
1925
1942
1944
1925
1945
1961
1925
1936
1936
1961
1935
1934
1926
1950
1941
1952
1946
1935
1933
1936
1925
1925
1943
1931
1925
1936
1925
1934
1968
1925
1942
1938
1934
1983
1962
1925
1953
1938
1925
1944
1938
1950
1946
1925
1926
1953
1925
1952
1944
1925
1942
1936
1925
1926
1944
1925
1925
1934
1934
1925
1973
1925
1925
1958
1924
1925
1968
1937
1924
1937
1925
1934
1976
1925
1936
1943
1934
1949
1951
2048
1932
1942
1925
1935
1940
1939
1936
1947
1925
1941
1939
1939
1940
1940
1925
1935
1925
1925
1959
1925
1925
1934
1925
1941
1952
1925
1940
1941
1925
1942
1925
1925
1936
1925
1925
1933
1936
1956
1935
1925
1934
1933
1925
1952
1937
1928
1926
1934
1925
1951
1940
1925
1946
1934
1925
1943
1960
1925
1948
1927
1925
1929
1929
1925
1943
1927
1925
1942
1925
1934
1936
1934
1925
1932
1925
1946
2062
1925
1989
1935
1934
1952
1936
1925
1979
1939
1929
1925
1938
1925
1926
1936
1925
1932
1938
1925
1945
1944
1925
1947
1936
1925
1952
1937
1925
1943
1932
1925
1945
1925
1935
1948
1925
1931
1985
1924
1940
1935
1965
1949
1948
1925
1934
1951
1926
1948
1946
1925
1935
1945
1925
1934
1924
1930
1933
1924
1924
1950
1952
1925
1938
1925
1925
1949
1952
1925
1935
1924
2033
1935
1967
1925
1936
1925
1925
1937
2007
1925
1976
1925
2203
1942
1931
1941
1936
1925
1925
1940
1933
1939
1937
1925
1925
1938
1925
1937
1942
1934
1945
1947
1925
1937
1946
1925
1941
1940
1924
1933
1940
1924
1941
1934
1924
1934
1941
1925
1940
1924
1925
1946
1940
1959
1943
1934
1926
1936
1925
1954
1957
1925
1934
1940
1933
1951
1943
1924
1942
1954
1925
1950
1967
1933
1935
1927
1925
1932
1959
1925
1944
1924
1933
1943
1941
1959
1952
1925
1934
1946
1941
1959
1942
1925
1935
1945
1925
1952
1950
1925
1944
1926
1925
1948
1945
1925
1936
1924
1925
1942
1938
2180
1938
1940
1925
1933
1932
1925
1943
1925
1925
1944
1950
1942
1932
1924
1935
1954
1941
1945
1943
1924
1935
1947
1925
1964
1937
1924
2084
1939
1925
1953
1936
1925
1959
1925
1925
1950
1941
1925
1935
1925
1925
1937
1941
1936
1934
1932
1934
1933
1925
1964
1934
1925
1938
1935
1932
1968
1925
1925
1939
1925
1925
1940
1925
1929
1933
1925
1925
1935
1934
1952
1932
1925
1938
1931
1933
1935
1943
1925
2253
1945
1933
1935
1933
1925
1936
1937
1988
1956
1936
1933
1935
1947
1925
1963
1955
1924
1934
1925
1925
1979
1936
1924
1952
1926
1925
1935
1941
1934
1935
1925
1925
1937
1939
1924
1930
1925
1929
1931
1934
1924
1934
1925
1925
1935
1940
1930
1935
1925
1926
1934
1942
1926
1937
1925
1925
1936
1925
1939
1940
1925
1949
1934
1930
1959
1926
1925
1961
1925
1925
1951
1927
1929
1938
1924
1925
2009
1925
1930
2016
1925
1926
1943
1941
1925
1934
1925
1925
1933
1925
1979
1934
1924
1932
1953
1925
1965
1935
1932
1949
1931
1925
1932
1959
1925
1937
1924
1932
1944
1952
1925
1948
1937
1925
1944
1925
1939
1940
1925
1944
1930
1932
1970
1934
1925
2012
1935
1925
1955
1932
1925
1935
1925
1926
1942
1925
1925
1934
1932
1925
1938
1938
1937
1951
1930
1935
1947
1946
1938
1952
1925
1934
1932
1925
1955
1925
1932
1939
1925
1942
1949
1925
1934
1937
1925
1949
1925
1938
1944
1925
1926
1931
1925
1938
1941
1925
1925
1937
1925
1943
1934
1925
1932
1948
1925
1939
1939
1925
1941
1925
2152
1935
1996
1925
1942
1925
1925
1932
1952
1925
2058
1925
1925
1935
1930
1937
1939
1924
1925
1947
1925
1932
1942
1924
1936
1937
1925
1936
1941
1925
1943
1933
1925
1952
1942
1924
1945
1964
1924
1940
1933
1924
1935
1925
1925
1938
1932
1925
1940
1925
1926
1934
1924
1958
1934
1934
1939
1942
1924
1948
1939
1925
1934
1949
1934
1935
1935
1925
1943
1926
1925
1936
1938
1934
1935
1924
1925
1944
1925
1925
1930
1925
1954
1933
1924
1955
1946
1926
1933
1942
1932
1947
1925
1925
1933
1932
1925
1932
1931
1933
1934
1925
1931
1943
1947
1933
1931
1925
1951
1924
1925
2097
1943
1937
1938
1935
1926
1942
1939
1925
1934
1932
1927
1943
1925
1925
1944
1925
1940
1964
1932
1925
1941
1925
1926
1941
1932
1949
1935
1932
