2061
2054
2071
2085
2060
2089
2062
2053
2063
2065
2054
2077
2073
2053
2059
2060
2063
2085
2065
2068
2053
2084
2065
2083
2053
2076
2053
2412
2065
2098
2053
2057
2075
2055
2054
2093
2067
2053
2065
2075
2053
2079
2074
2053
2054
2077
2061
2069
2062
2054
2061
2074
2062
2067
2067
2063
2054
2066
2122
2068
2065
2069
2054
2060
2064
2068
2054
2070
2074
2053
2080
2106
2054
2064
2073
2054
2080
2099
2054
2054
2199
2054
2111
2079
2070
2054
2065
2064
2062
2060
2069
2054
2063
2071
2055
2061
2088
2065
2054
2065
2070
2069
2092
2071
2063
2053
2117
2080
2053
2053
2062
2054
2054
2093
2067
2053
2064
2080
2053
2081
2079
2060
2053
2065
2053
2067
2067
2063
2053
2064
2074
2062
2064
2066
2054
2054
2063
2063
2053
2070
2062
2053
2091
2073
2053
2077
2063
2054
2085
2073
2053
2054
2063
2054
2070
2076
2053
2054
2063
2054
2070
2068
2065
2053
2066
2062
2054
2063
2076
2053
2053
2061
2067
2053
2066
2058
2054
2063
2062
2081
2067
2079
2091
2070
2110
2106
2053
2075
2087
2053
2075
2106
2054
2099
2202
2062
2054
2082
2078
2053
2054
2079
2053
2055
2063
2070
2053
2064
2065
2055
2084
2064
2054
2053
2073
2057
2054
2065
2064
2053
2077
2092
2054
2068
2069
2053
2065
2091
2053
2054
2065
2055
2054
2089
2054
2054
2075
2064
2054
2103
2066
2054
2073
2067
2054
2098
2064
2060
2072
2068
2053
2099
2067
2053
2053
2067
2053
2087
2068
2067
2053
2077
2068
2081
2067
2079
2053
2054
2070
2053
2054
2062
2055
2053
2064
2071
2053
2075
2072
2054
2054
2063
2060
2054
2063
2053
2060
2063
2066
2054
2082
2062
2053
2054
2062
2061
2070
2077
2086
2075
2063
2066
2055
2061
2062
2061
2053
2074
2056
2053
2067
2085
2053
2060
2085
2057
2054
2069
2053
2054
2085
2054
2053
2081
2069
2054
2092
2061
2062
2074
2067
2053
2077
2069
2053
2053
2091
2079
2053
2066
2067
2053
2054
2078
2054
2062
2068
2053
2054
2076
2080
2053
2065
2075
2054
2073
2074
2062
2053
2071
2079
2055
2079
2053
2054
2062
2089
2053
2072
2062
2062
2071
2181
2053
2100
2182
2065
2054
2070
2146
2054
2064
2063
2053
2069
2068
2053
2053
2065
2062
2079
2078
2080
2054
2053
2070
2071
2053
2068
2060
2054
2091
2104
2067
2071
2062
2054
2079
2054
2053
2101
2074
2086
2123
2070
2053
2086
2067
2061
2069
2066
2072
2094
2156
2073
2089
2061
2074
2146
2053
2116
2091
2053
2067
2103
2054
2054
2101
2053
2054
2108
2054
2054
2096
2065
2054
2090
2072
2053
2098
2068
2054
2092
2064
2053
2081
2071
2053
2070
2062
2060
2081
2076
2063
2076
2072
2063
2079
2083
2063
2070
2054
2062
2061
2053
2071
2070
2061
2072
2066
2053
2081
2080
2054
2071
2067
2053
2053
2081
2054
2054
2067
2053
2054
2065
2071
2054
2075
2091
2054
2064
2069
2054
2054
2099
2054
2053
2065
2053
2054
2093
2070
2053
2064
2075
2054
2092
2071
2053
2054
2066
2053
2081
2069
2070
2069
2068
2072
2080
2066
2071
2071
2053
2061
2067
2054
2089
2054
2054
2073
2083
2053
2064
2074
2053
2064
2086
2060
2063
2074
2054
2064
2084
2062
2054
2064
2053
2062
2075
2054
2053
2073
2072
2053
2069
2063
2054
2070
2075
2053
2070
2064
2053
2053
2074
2053
2053
2065
2068
2059
2059
2053
2080
2111
2054
2100
2095
2078
2053
2064
2072
2053
2100
2069
2060
2059
2064
2054
2077
2063
2069
2053
2070
2061
2068
2082
2068
2056
2053
2075
2076
2060
2068
2070
2054
2084
2078
2054
2053
2072
2053
2054
2080
2061
2053
2065
2060
2053
2079
2070
2054
2054
2060
2053
2055
2059
2075
2054
2070
2064
2067
2053
2062
2058
2061
2061
2054
2054
2072
2073
2053
2063
2072
2054
2054
2065
2072
2062
2064
2072
2053
2074
2063
2054
2072
2073
2053
2054
2063
2062
2053
2068
2053
2053
2080
2054
2054
2076
2070
2053
2086
2064
2062
2074
2062
2053
2091
2067
2054
2054
2070
2053
2067
2067
2053
2063
2064
2061
2067
2084
2070
2054
2069
2069
2066
2077
2063
2053
2053
2062
2066
2054
2076
2054
2054
2062
2074
2054
2070
2061
2054
2069
2064
2054
2072
2060
2053
2068
2063
2060
2140
2074
2054
2063
2073
2059
2054
2111
2073
2053
2075
2073
2061
2058
2065
2080
2073
2055
2067
2053
2053
2090
2079
2056
2070
2061
2053
2065
2086
2054
2054
2072
2062
2053
2069
2054
2069
2071
2065
2058
2085
2065
2053
2059
2065
2054
2061
2069
2063
2061
2126
2067
2064
2054
2111
2079
2054
2065
2088
2060
2110
2078
2053
2061
2062
2054
2055
2074
2053
2054
2065
2082
2053
2077
2064
2054
2081
2067
2054
2071
2070
2053
2070
2062
2061
2062
2063
2054
2061
2068
2054
2055
2064
2061
2054
2311
2072
2075
2054
2072
2053
2060
2061
2132
2054
2105
2065
2053
2077
2086
2053
2054
2065
2053
2054
2064
2073
2053
2068
2076
2053
2080
2077
2053
2054
2065
2066
2055
2067
2067
2053
2068
2068
2055
2066
2059
2054
2053
2061
2068
2054
2061
2069
2061
2063
2062
2053
2071
2078
2054
2054
2081
2053
2053
2066
2060
2059
2069
2068
2054
2067
2066
2053
2068
2078
2054
2054
2062
2063
2069
2079
2069
2054
2075
2062
2069
2077
2081
2054
2065
2078
2077
2078
2081
2054
2062
2072
2070
2068
2072
2054
2053
2076
2061
2075
2066
2068
2078
2079
2079
2069
2053
2072
2055
2053
2068
2092
2054
2065
2065
2054
2072
2080
2054
2061
2136
2054
2053
2084
2062
2053
2059
2063
2063
2090
2066
2054
2084
2063
2054
2078
2077
2056
2053
2082
2053
2086
2076
2071
2054
2080
2064
2069
2065
2072
2053
2053
2070
2069
2054
2064
2075
2054
2063
2086
2053
2053
2073
2053
2053
2063
2062
2053
2066
2065
2061
2070
2059
2053
2061
2067
2053
2055
2072
2059
2053
2305
2064
2097
2054
2062
2062
2054
2070
2123
2053
2061
2071
2054
2053
2106
2053
2053
2074
2069
2053
2087
2072
2060
2063
2063
2054
2096
2070
2054
2053
2062
2060
2056
2065
2059
2060
2144
2061
2060
2061
2131
2077
2054
2066
2084
2053
2065
2067
2054
2054
2074
2054
2054
2069
2053
2054
2084
2073
2053
2065
2080
2054
2081
2077
2061
2066
2075
2054
2069
2083
2053
2054
2074
2061
2074
2080
2065
2061
2068
2070
2069
2079
2064
2054
2054
2063
2077
2061
2080
2054
2061
2073
2070
2061
2073
2080
2053
2066
2087
2060
2067
2077
2053
2064
2071
2062
2068
2080
2060
2053
2062
2076
2053
2062
2063
2060
2054
2073
2054
2061
2072
2053
2053
2070
2060
2054
2058
2077
2061
2069
2075
2054
2068
2060
2054
2079
2061
2053
2053
2061
2053
2055
2064
2053
2053
2069
2074
2055
2067
2068
2054
2070
2060
2056
2087
2064
2054
2053
2063
2055
2067
2065
2061
2054
2061
2055
2075
2063
2068
2054
2069
2066
2067
2075
2062
2061
2054
2065
2067
2060
2063
2055
2054
2080
2088
2053
2054
2070
2053
2099
2094
2109
2053
2065
2062
2097
2067
2070
2054
2061
2070
2095
2061
2074
2069
2054
2054
2076
2083
2053
2063
2053
2061
2081
2099
2054
2071
2104
2054
2081
2101
2053
2054
2072
2053
2077
2101
2064
2054
2079
2064
2070
2099
2070
2054
2053
2063
2077
2081
2064
2053
2053
2064
2096
2081
2065
2078
2054
2065
2077
2075
2053
2080
2053
2061
2074
2077
2053
2075
2063
2053
2076
2078
2054
2053
2064
2053
2059
2077
2054
2053
2072
2074
2053
2080
2079
2055
2065
2072
2054
2085
2071
2054
2053
2073
2053
2078
2066
2076
2054
2069
2067
2084
2053
2063
2055
2066
2062
2054
2053
2063
2065
2075
2066
2062
2054
2053
2063
2053
2066
2063
2064
2053
2079
2064
2054
2063
2070
2053
2054
2069
2062
2054
2065
2053
2053
2071
2063
2053
2079
2072
