2190
2182
2191
2327
2182
2191
2213
2195
2183
2183
2191
2190
2198
2206
2195
2183
2184
2200
2196
2182
2189
2217
2183
2204
2196
2193
2183
2184
2196
2235
2182
2208
2207
2193
2183
2209
2191
2192
2183
2192
2183
2184
2194
2197
2182
2193
2203
2197
2182
2203
2191
2185
2197
2207
2193
2183
2202
2236
2203
2194
2202
2200
2184
2183
2195
2197
2183
2200
2194
2191
2183
2194
2198
2183
2214
2231
2182
2183
2198
2193
2183
2211
2198
2183
2183
2192
2198
2210
2182
2198
2199
2183
2192
2198
2183
2183
2192
2202
2212
2273
2196
2212
2183
2255
2238
2203
2183
2193
2220
2190
2183
2207
2191
2190
2218
2211
2213
2190
2183
2201
2195
2203
2198
2195
2184
2190
2193
2214
2183
2204
2200
2183
2183
2208
2205
2182
2183
2207
2214
2183
2204
2200
2183
2182
2201
2203
2183
2195
2209
2190
2191
2210
2192
2191
2183
2191
2206
2189
2194
2191
2183
2197
2205
2194
2183
2207
2192
2191
2183
2201
2201
2183
2182
2213
2193
2183
2192
2210
2183
2196
2224
2195
2280
2194
2203
2211
2182
2462
2201
2183
2183
2233
2194
2182
2183
2198
2191
2208
2200
2191
2182
2182
2192
2200
2182
2191
2192
2183
2210
2190
2197
2191
2183
2201
2228
2186
2193
2200
2183
2182
2216
2199
2182
2183
2191
2202
2183
2193
2204
2183
2183
2233
2191
2189
2193
2201
2183
2210
2195
2191
2184
2183
2206
2211
2189
2200
2200
2183
2183
2194
2199
2185
2199
2195
2198
2183
2199
2202
2183
2195
2234
2183
2183
2200
2202
2183
2227
2254
2196
2200
2193
2192
2197
2183
2195
2182
2190
2192
2200
2183
2199
2214
2183
2183
2207
2195
2198
2192
2201
2190
2183
2190
2214
2183
2196
2204
2183
2183
2215
2195
2189
2190
2199
2204
2206
2193
2204
2191
2183
2201
2191
2182
2202
2207
2183
2199
2193
2203
2191
2263
2201
2348
2183
2193
2221
2221
2183
2195
2197
2182
2183
2191
2253
2182
2183
2201
2197
2184
2197
2191
2190
2184
2198
2195
2185
2192
2206
2184
2191
2198
2191
2183
2193
2197
2183
2182
2189
2196
2183
2192
2202
2184
2184
2196
2190
2190
2217
2193
2183
2183
2199
2191
2183
2191
2190
2200
2183
2192
2188
2184
2183
2198
2194
2183
2200
2196
2183
2183
2189
2203
2185
2191
2198
2192
2182
2191
2201
2190
2183
2193
2198
2190
2193
2203
2182
2206
2199
2206
2191
2193
2304
2201
2203
2191
2183
2214
2195
2191
2215
2193
2182
2203
2191
2200
2183
2201
2192
2195
2182
2210
2298
2184
2218
2259
2207
2251
2182
2440
2219
2182
2183
2195
2195
2183
2188
2201
2198
2182
2191
2225
2182
2182
2194
2218
2183
2238
2201
2192
2183
2189
2200
2218
2183
2202
2190
2193
2196
2202
2183
2192
2194
2202
2201
2202
2203
2182
2183
2212
2222
2188
2204
2200
2183
2182
2222
2208
2183
2183
2202
2199
2210
2206
2194
2189
2183
2192
2203
2190
2195
2193
2183
2203
2191
2203
2184
2190
2208
2208
2183
2208
2195
2183
2182
2213
2199
2183
2192
2232
2184
2182
2196
2196
2183
2183
2202
2214
2183
2199
2204
2191
2190
2337
2198
2198
2182
2202
2208
2191
2184
2195
2199
2192
2193
2192
2182
2190
2190
2221
2184
2204
2212
2182
2182
2213
2198
2183
2212
2208
2188
2203
2203
2196
2183
2183
2201
2194
2183
2204
2192
2183
2183
2244
2201
2183
2183
2200
2194
2182
2183
2193
2196
2202
2187
2240
2283
2258
2192
2488
2194
2211
2182
2183
2194
2202
2183
2197
2212
2194
2183
2192
2207
2189
2210
2191
2198
2184
2194
2204
2210
2190
2205
2192
2183
2201
2192
2183
2182
2204
2198
2196
2183
2195
2199
2183
2196
2209
2183
2183
2193
2195
2191
2205
2204
2183
2183
2210
2213
2191
2234
2192
2191
2183
2205
2194
2183
2183
2192
2193
2197
2183
2193
2191
2183
2203
2209
2183
2183
2194
2192
2183
2208
2202
2182
2182
2201
2193
2182
2208
2195
2182
2183
2212
2199
2182
2183
2197
2190
2195
2204
2195
2183
2184
2198
2207
2183
2203
2192
2183
2182
2194
2201
2182
2193
2199
2194
2183
2195
2194
2183
2206
2206
2183
2182
2195
2202
2182
2207
2573
2204
2189
2183
2203
2189
2182
2258
2194
2341
2214
2193
2285
2198
2183
2192
2225
2183
2183
2193
2191
2191
2183
2205
2207
2182
2195
2231
2183
2183
2207
2197
2183
2210
2210
2195
2198
2204
2196
2209
2183
2195
2204
2182
2199
2192
2183
2206
2197
2203
2210
2183
2201
2210
2183
2209
2220
2183
2183
2225
2197
2183
2228
2195
2183
2183
2197
2208
2210
2197
2183
2211
2201
2204
2184
2207
2353
2190
2183
2243
2231
2190
2183
2205
2193
2210
2183
2191
2203
2183
2192
2197
2183
2190
2189
2183
2212
2206
2195
2182
2425
2207
2273
2183
2183
2190
2195
2271
2183
2427
2193
2183
2183
2221
2196
2183
2192
2191
2182
2197
2192
2193
2183
2195
2202
2203
2183
2197
2190
2186
2208
2198
2183
2183
2233
2204
2191
2191
2198
2183
2183
2201
2260
2182
2183
2201
2190
2185
2216
2194
2200
2183
2193
2207
2203
2183
2197
2197
2183
2192
2196
2190
2183
2194
2193
2216
2183
2198
2189
2190
2207
2223
2183
2190
2206
2190
2265
2196
2189
2208
2182
2199
2212
2193
2183
2195
2195
2183
2190
2208
2192
2183
2202
2202
2190
2183
2205
2206
2188
2202
2219
2202
2183
2195
2193
2213
2182
2202
2192
2190
2202
2216
2183
2189
2198
2193
2198
2214
2201
2183
2183
2208
2210
2196
2205
2202
2182
2183
2204
2200
2183
2183
2202
2191
2213
2198
2205
2191
2183
2203
2208
2191
2205
2192
2183
2208
2206
2205
2182
2203
2201
2199
2195
2206
2201
2182
2194
2223
2183
2183
2192
2193
2183
2224
2198
2191
2183
2201
2194
2196
2182
2192
2200
2207
2208
2216
2204
2192
2203
2192
2331
2191
2193
2206
2182
2195
2208
2191
2182
2190
2196
2194
2196
2215
2191
2182
2182
2200
2205
2182
2183
2202
2203
2197
2195
2202
2183
2282
2193
2210
2183
2182
2192
2183
2184
2205
2205
2182
2182
2197
2192
2190
2200
2193
2183
2183
2194
2198
2182
2199
2193
2182
2214
2199
2197
2183
2187
2210
2222
2183
2203
2199
2182
2183
2219
2205
2183
2193
2207
2182
2183
2193
2192
2192
2202
2207
2183
2183
2197
2193
2183
2197
2193
2202
2183
2200
2204
2198
2182
2201
2193
2183
2203
2200
2183
2203
2195
2202
2198
2183
2193
2199
2182
2194
2208
2183
2182
2195
2215
2186
2197
2204
2193
2183
2197
2198
2197
2183
2199
2183
2182
2209
2211
2182
2183
2193
2191
2211
2182
2196
2201
2182
2192
2225
2183
2183
2196
2191
2183
2223
2195
2183
2190
2191
2196
2183
2183
2194
2182
2183
2231
2192
2183
2182
2197
2183
2210
2201
2200
2183
2183
2195
2226
2182
2195
2439
2190
2197
2217
2199
2190
2183
2198
2253
2189
2200
2193
2182
2191
2205
2214
2182
2196
2196
2236
2197
2202
2196
2183
2183
2222
2192
2182
2183
2207
2201
2204
2193
2202
2183
2206
2191
2207
2182
2183
2195
2205
2185
2206
2205
2192
2183
2189
2203
2189
2199
2195
2183
2191
2199
2194
2183
2200
2190
2182
2211
2200
2193
2183
2183
2204
2219
2182
2198
2196
2183
2197
2227
2198
2183
2197
2193
2190
2183
2192
2195
2190
2193
2225
2182
2190
2199
2193
2183
2226
2191
2183
2182
2193
2197
2204
2192
2197
2183
2386
2200
2219
2193
2204
2198
2213
2210
2183
2199
2196
2183
2191
2223
2183
2183
2194
2198
2183
2213
2201
2183
2183
2199
2190
2210
2202
2193
2183
2182
2189
2204
2182
2194
2195
2183
2191
2191
2191
2182
2199
2189
2210
2183
2194
2199
2183
2192
2230
2182
2183
2191
2199
2183
2217
2200
2182
2183
2190
2190
2210
2194
2198
2183
2183
2197
2195
2340
2183
2190
2192
2211
2202
2190
2183
2185
2205
2206
2200
2182
2198
2203
2236
2183
2347
2193
