2311
2329
2329
2461
2311
2333
2342
2324
2311
2316
2340
2334
2311
2312
2321
2328
2353
2318
2331
2435
2350
2349
2311
2322
2320
2333
2311
2323
2321
2328
2311
2312
2364
2322
2311
2311
2335
2325
2311
2311
2336
2323
2311
2341
2329
2331
2311
2311
2397
2323
2329
2319
2312
2330
2349
2318
2311
2319
2332
2318
2311
2318
2324
2318
2312
2354
2320
2318
2311
2419
2332
2312
2312
2321
2320
2311
2325
2329
2326
2326
2327
2330
2339
2322
2312
2312
2330
2475
2311
2319
2331
2404
2332
2324
2312
2330
2338
2320
2311
2346
2322
2320
2312
2324
2325
2338
2311
2323
2331
2325
2311
2312
2330
2324
2329
2311
2337
2324
2311
2312
2330
2331
2312
2311
2323
2339
2326
2310
2324
2325
2320
2311
2324
2323
2322
2336
2341
2326
2339
2320
2338
2327
2322
2321
2312
2324
2345
2338
2318
2326
2322
2332
2311
2324
2333
2311
2311
2345
2358
2311
2311
2324
2353
2311
2311
2322
2340
2311
2328
2348
2336
2311
2342
2350
2331
2319
2312
2317
2324
2319
2311
2319
2403
2321
2311
2319
2318
2326
2333
2311
2325
2328
2346
2343
2311
2322
2333
2311
2311
2336
2334
2314
2312
2318
2341
2312
2311
2318
2330
2312
2327
2326
2332
2311
2312
2351
2323
2311
2314
2329
2319
2325
2312
2327
2324
2312
2312
2337
2321
2313
2311
2331
2350
2329
2311
2327
2330
2329
2317
2330
2327
2325
2320
2323
2330
2325
2321
2312
2317
2331
2321
2311
2329
2320
2321
2312
2320
2327
2312
2311
2601
2339
2384
2311
2318
2350
2321
2311
2312
2323
2340
2312
2312
2319
2327
2312
2332
2328
2347
2312
2311
2323
2326
2312
2311
2328
2320
2325
2312
2325
2320
2311
2312
2328
2334
2311
2312
2317
2335
2312
2311
2318
2322
2311
2312
2320
2340
2312
2312
2330
2319
2312
2311
2317
2322
2325
2311
2316
2322
2311
2325
2317
2332
2311
2311
2327
2333
2311
2311
2317
2338
2324
2311
2319
2325
2319
2312
2340
2328
2331
2311
2320
2344
2323
2312
2330
2328
2325
2324
2321
2338
2317
2312
2326
2327
2331
2311
2326
2327
2334
2311
2325
2320
2331
2311
2319
2326
2319
2311
2336
2335
2326
2311
2320
2326
2319
2312
2407
2321
2320
2311
2318
2322
2322
2310
2311
2323
2327
2311
2312
2327
2321
2318
2312
2325
2323
2312
2312
2325
2329
2312
2311
2328
2326
2312
2312
2319
2326
2312
2325
2454
2323
2320
2311
2337
2330
2311
2317
2323
2328
2311
2311
2327
2321
2312
2325
2332
2324
2434
2312
2338
2334
2321
2399
2312
2632
2339
2329
2321
2312
2335
2330
2318
2312
2322
2332
2312
2312
2327
2322
2312
2311
2333
2327
2311
2312
2330
2323
2328
2311
2322
2327
2311
2311
2329
2321
2327
2311
2321
2339
2311
2311
2322
2329
2312
2317
2329
2327
2311
2312
2329
2329
2312
2312
2320
2342
2311
2311
2325
2320
2312
2318
2326
2320
2331
2311
2329
2319
2319
2311
2323
2319
2337
2311
2312
2320
2328
2312
2311
2325
2320
2311
2312
2351
2345
2320
2312
2323
2326
2318
2312
2327
2323
2321
2340
2324
2327
2347
2311
2338
2322
2327
2312
2323
2329
2356
2311
2328
2330
2330
2311
2327
2329
2320
2311
2332
2354
2328
2311
2322
2337
2321
2339
2329
2339
2329
2311
2351
2328
2321
2311
2312
2327
2353
2330
2318
2329
2326
2338
2318
2320
2327
2311
2318
2356
2320
2312
2318
2336
2347
2347
2333
2311
2447
2365
2337
2350
2312
2335
2348
2311
2346
2330
2330
2339
2311
2345
2340
2311
2311
2366
2326
2327
2311
2329
2359
2312
2311
2348
2326
2312
2357
2321
2341
2327
2318
2350
2330
2325
2334
2311
2321
2355
2318
2328
2327
2367
2344
2312
2325
2344
2311
2322
2351
2328
2328
2311
2330
2350
2330
2310
2339
2333
2322
2323
2332
2344
2326
2311
2339
2332
2322
2327
2311
2329
2345
2312
2345
2329
2322
2326
2312
2322
2342
2311
2323
2347
2323
2311
2318
2323
2350
2311
2319
2343
2322
2311
2330
2442
2330
2364
2312
2345
2323
2317
2375
2326
2578
2358
2311
2326
2324
2331
2313
2312
2329
2355
2338
2312
2340
2325
2339
2311
2319
2329
2323
2312
2334
2325
2325
2311
2318
2343
2325
2311
2319
2324
2326
2327
2311
2327
2321
2319
2333
2324
2325
2312
2311
2327
2343
2319
2312
2322
2326
2318
2311
2327
2327
2319
2311
2337
2325
2318
2326
2321
2322
2311
2311
2329
2328
2312
2327
2320
2336
2325
2311
2330
2328
2330
2321
2323
2336
2336
2312
2328
2341
2330
2312
2312
2335
2332
2311
2311
2338
2328
2321
2330
2324
2311
2342
2374
2332
2311
2311
2373
2334
2311
2312
2320
2370
2324
2312
2329
2326
2317
2320
2319
2329
2311
2318
2329
2351
2320
2311
2329
2321
2350
2311
2320
2319
2328
2312
2354
2327
2321
2311
2334
2326
2326
2311
2326
2320
2329
2344
2325
2325
2319
2318
2328
2339
2311
2312
2324
2320
2344
2325
2324
2325
2321
2321
2339
2325
2325
2321
2322
2344
2338
2311
2312
2321
2335
2323
2311
2321
2327
2311
2340
2321
2338
2311
2311
2356
2341
2312
2311
2322
2336
2341
2312
2323
2337
2311
2327
2342
2350
2312
2312
2399
2335
2311
2312
2322
2322
2313
2325
2330
2325
2311
2312
2330
2328
2310
2312
2340
2321
2324
2312
2328
2326
2312
2328
2430
2328
2312
2311
2321
2333
2311
2311
2321
2376
2320
2318
2334
2320
2321
2320
2324
2320
2330
2321
2312
2327
2323
2320
2311
2320
2325
2323
2312
2328
2551
2311
2324
2329
2338
2322
2311
2337
2354
2325
2311
2311
2333
2355
2311
2318
2322
2320
2311
2329
2325
2319
2311
2319
2326
2327
2311
2318
2328
2326
2329
2319
2321
2331
2330
2318
2321
2330
2312
2319
2338
2328
2311
2312
2321
2319
2311
2319
2323
2320
2335
2311
2333
2320
2328
2312
2328
2320
2329
2311
2319
2329
2318
2325
2325
2321
2333
2312
2334
2336
2318
2311
2320
2329
2318
2311
2322
2342
2312
2311
2331
2327
2311
2311
2328
2328
2321
2311
2332
2331
2320
2319
2321
2335
2320
2312
2327
2337
2421
2311
2319
2329
2348
2322
2318
2321
2324
2333
2318
2323
2324
2312
2318
2337
2333
2311
2319
2322
2319
2312
2311
2330
2318
2318
2326
2332
2320
2318
2311
2322
2320
2342
2312
2321
2323
2342
2311
2326
2325
2320
2313
2336
2319
2320
2312
2332
2335
2311
2311
2332
2317
2313
2327
2335
2328
2324
2311
2330
2334
2326
2311
2320
2343
2336
2311
2320
2409
2329
2383
2311
2337
2320
2312
2353
2346
2359
2311
2324
2335
2359
2329
2319
2332
2325
2320
2346
2337
2319
2326
2318
2348
2319
2339
2311
2321
2330
2348
2318
2331
2320
2337
2316
2321
2330
2328
2311
2332
2337
2331
2311
2311
2321
2335
2312
2312
2321
2338
2311
2341
2331
2328
2311
2312
2322
2320
2311
2312
2343
2320
2340
2312
2328
2325
2311
2312
2329
2320
2311
2312
2327
2357
2312
2311
2339
2319
2313
2313
2328
2321
2319
2311
2328
2323
2330
2311
2319
2329
2324
2320
2311
2329
2322
2327
2312
2324
2327
2320
2313
2334
2321
2312
2312
2322
2343
2311
2311
2323
2338
2313
2311
2323
2323
2320
2311
2332
2321
2327
2311
2319
2330
2327
2311
2329
2320
2322
2322
2324
2338
2320
2312
2333
2330
2320
2312
2320
2332
2330
2311
2321
2319
2331
2313
2339
2334
2335
2312
2328
2346
2320
2311
2312
2321
2320
2326
2312
2329
2323
2312
2317
2320
2322
2311
2427
2324
2338
2312
2312
2332
2320
2420
2312
2645
2326
2369
2321
2339
2338
2330
2311
2311
2339
2331
2320
2311
2325
2323
2326
2311
2329
2320
2326
2332
2323
2319
2318
2318
2347
2335
2321
2311
2326
2319
2334
2311
2321
2323
2331
2312
2335
2329
2320
2311
2337
2320
2311
2311
2326
2335
2312
2320
2316
2330
2312
2311
2327
2327
2319
2312
2335
2317
2328
2312
2320
2323
2311
2312
