2449
2468
2455
2513
2453
2488
2503
2440
2451
2469
2493
2495
2440
2454
2451
2478
2440
2441
2460
2453
2467
2439
2468
2455
2459
2460
2456
2467
2464
2451
2459
2465
2506
2457
2461
2448
2456
2453
2463
2450
2440
2440
2476
2482
2452
2440
2448
2467
2481
2440
2440
2452
2472
2449
2442
2441
2483
2453
2449
2468
2440
2460
2459
2468
2468
2446
2462
2448
2469
2466
2548
2472
2447
2513
2477
2478
2455
2455
2496
2440
2440
2454
2455
2449
2440
2467
2455
2454
2455
2455
2467
2478
2451
2463
2455
2468
2462
2456
2458
2455
2450
2475
2448
2440
2440
2452
2484
2450
2440
2440
2466
2485
2451
2440
2440
2465
2488
2451
2445
2440
2466
2462
2456
2441
2460
2450
2475
2468
2447
2459
2450
2473
2468
2440
2457
2449
2479
2444
2440
2453
2448
2452
2440
2454
2450
2448
2440
2441
2466
2448
2455
2439
2449
2462
2453
2449
2448
2460
2450
2470
2451
2439
2475
2466
2484
2450
2440
2458
2450
2477
2440
2440
2455
2449
2484
2440
2441
2449
2464
2456
2440
2448
2588
2457
2450
2441
2454
2457
2450
2446
2440
2463
2453
2455
2454
2441
2441
2701
2476
2571
2440
2440
2462
2468
2465
2440
2440
2471
2454
2440
2441
2456
2462
2450
2445
2440
2450
2456
2455
2440
2461
2450
2456
2453
2440
2451
2448
2456
2454
2463
2460
2451
2440
2440
2463
2463
2450
2440
2441
2463
2460
2441
2440
2459
2465
2458
2440
2440
2455
2450
2453
2440
2452
2454
2450
2453
2440
2451
2453
2451
2453
2461
2450
2454
2440
2440
2474
2450
2454
2440
2452
2470
2453
2440
2439
2451
2468
2451
2440
2457
2451
2466
2453
2439
2458
2450
2454
2460
2440
2458
2458
2459
2453
2440
2463
2451
2456
2440
2447
2446
2449
2455
2445
2470
2450
2456
2440
2440
2480
2459
2562
2440
2440
2487
2452
2456
2441
2440
2462
2449
2467
2440
2440
2447
2476
2440
2440
2467
2447
2471
2440
2449
2462
2446
2440
2447
2454
2450
2457
2440
2458
2449
2464
2509
2440
2447
2464
2448
2457
2439
2448
2458
2456
2448
2440
2450
2586
2460
2539
2440
2451
2457
2450
2444
2448
2451
2454
2449
2449
2440
2448
2472
2450
2440
2442
2448
2455
2458
2440
2461
2450
2447
2454
2440
2452
2455
2448
2454
2449
2452
2455
2439
2439
2450
2453
2457
2440
2440
2469
2454
2460
2448
2451
2469
2453
2449
2441
2446
2448
2454
2521
2461
2455
2440
2461
2463
2451
2455
2440
2455
2556
2467
2479
2440
2459
2460
2457
2502
2439
2440
2462
2450
2465
2452
2440
2450
2453
2446
2440
2440
2465
2452
2439
2542
2451
2468
2448
2440
2448
2448
2452
2448
2440
2449
2450
2460
2460
2440
2449
2458
2449
2442
2441
2446
2469
2455
2440
2440
2447
2461
2449
2440
2448
2458
2447
2440
2470
2454
2457
2451
2448
2447
2478
2452
2456
2454
2441
2448
2463
2440
2447
2457
2458
2449
2440
2440
2465
2459
2442
2446
2446
2468
2450
2448
2441
2451
2456
2464
2440
2458
2448
2465
2453
2906
2465
2450
2454
2448
2447
2456
2450
2452
2447
2440
2448
2455
2440
2441
2453
2461
2449
2441
2440
2466
2449
2440
2441
2467
2459
2459
2448
2442
2461
2450
2454
2440
2451
2456
2459
2448
2440
2455
2454
2452
2447
2464
2450
2455
2440
2447
2465
2455
2455
2448
2453
2460
2457
2441
2441
2452
2468
2452
2440
2442
2458
2459
2448
2446
2459
2566
2552
2451
2449
2496
2445
2451
2456
2448
2440
2440
2458
2455
2450
2440
2447
2451
2457
2449
2440
2457
2451
2461
2440
2440
2463
2456
2446
2440
2450
2463
2450
2440
2447
2449
2490
2452
2448
2440
2457
2452
2447
2440
2445
2464
2449
2440
2440
2459
2453
2449
2440
2464
2456
2462
2442
2440
2456
2455
2452
2440
2453
2464
2454
2505
2440
2459
2459
2450
2454
2449
2514
2452
2688
2448
2453
2486
2468
2450
2497
2451
2453
2440
2451
2488
2451
2440
2456
2458
2482
2441
2440
2468
2450
2455
2440
2440
2459
2448
2464
2467
2440
2457
2463
2441
2469
2450
2465
2449
2440
2449
2447
2452
2455
2449
2449
2485
2452
2449
2441
2460
2476
2453
2440
2441
2462
2486
2454
2439
2440
2451
2455
2472
2441
2459
2454
2462
2467
2440
2455
2460
2449
2468
2445
2510
2454
2449
2455
2440
2449
2453
2457
2440
2489
2451
2462
2441
2441
2491
2452
2454
2440
2449
2487
2449
2454
2440
2440
2457
2465
2454
2441
2450
2466
2477
2440
2440
2449
2456
2477
2448
2441
2448
2453
2449
2481
2451
2457
2461
2440
2474
2460
2470
2453
2440
2474
2450
2451
2454
2450
2448
2499
2440
2454
2493
2450
2440
2445
2511
2450
2448
2440
2441
2486
2451
2454
2440
2452
2471
2458
2449
2445
2460
2455
2478
2449
2440
2450
2461
2493
2440
2440
2451
2450
2477
2439
2439
2452
2458
2467
2469
2441
2459
2451
2440
2468
2453
2459
2451
2440
2483
2453
2457
2452
2440
2478
2477
2457
2441
2441
2461
2477
2454
2440
2440
2458
2496
2440
2440
2452
2459
2466
2474
2440
2452
2460
2453
2467
2459
2451
2458
2441
2483
2461
2451
2502
2440
2457
2452
2452
2459
2440
2501
2466
2492
2460
2440
2439
2467
2463
2457
2439
2441
2463
2451
2449
2440
2453
2451
2472
2440
2440
2454
2448
2488
2440
2441
2459
2458
2467
2440
2450
2451
2452
2440
2450
2446
2463
2451
2445
2467
2467
2447
2441
2440
2484
2451
2454
2440
2440
2483
2450
2456
2441
2440
2455
2479
2446
2440
2450
2457
2471
2439
2440
2451
2463
2482
2439
2449
2451
2463
2469
2447
2455
2449
2459
2464
2453
2459
2451
2456
2439
2482
2464
2450
2440
2440
2477
2457
2450
2441
2440
2467
2468
2440
2440
2457
2452
2493
2440
2440
2455
2538
2451
2440
2440
2450
2450
2449
2455
2453
2450
2455
2440
2453
2454
2448
2450
2440
2453
2470
2447
2450
2441
2449
2470
2450
2440
2440
2447
2484
2448
2439
2440
2448
2466
2450
2440
2457
2450
2456
2449
2440
2451
2454
2451
2453
2457
2448
2448
2440
2454
2451
2451
2457
2441
2500
2447
2452
2456
2440
2458
2484
2494
2462
2440
2439
2460
2460
2465
2440
2441
2479
2454
2454
2447
2441
2451
2457
2449
2440
2453
2463
2478
2440
2440
2465
2449
2467
2439
2449
2449
2457
2478
2444
2441
2448
2455
2452
2440
2440
2465
2448
2455
2453
2459
2456
2448
2449
2454
2446
2459
2456
2440
2468
2452
2465
2447
2440
2466
2450
2459
2447
2450
2476
2461
2453
2444
2440
2446
2478
2456
2440
2441
2462
2469
2465
2440
2447
2449
2457
2479
2440
2461
2449
2461
2459
2469
2462
2457
2451
2463
2440
2451
2450
2450
2440
2441
2456
2451
2447
2440
2481
2452
2450
2440
2439
2477
2457
2452
2440
2447
2464
2454
2449
2440
2459
2450
2474
2440
2440
2471
2456
2497
2441
2440
2463
2448
2469
2448
2440
2450
2455
2449
2442
2450
2453
2459
2440
2459
2461
2452
2454
2440
2461
2460
2451
2440
2449
2454
2462
2451
2440
2536
2460
2459
2449
2440
2439
2455
2477
2457
2465
2440
2449
2479
2474
2454
2440
2452
2475
2451
2441
2447
2451
2465
2473
2448
2440
2450
2452
2472
2441
2460
2458
2456
2472
2441
2458
2452
2455
2440
2465
2451
2455
2440
2440
2488
2454
2465
2440
2440
2484
2458
2440
2448
2453
2464
2451
2440
2447
2451
2455
2478
2447
2459
2451
2456
2472
2440
2456
2453
2456
2440
2458
2457
2454
2440
2441
2476
2452
2454
2440
2460
2469
2451
2442
2440
2452
2454
2462
2439
2440
2453
2461
2453
2440
2463
2454
2449
2455
2447
2452
2476
2450
2447
2440
2453
2456
2462
2449
2462
2460
2449
2450
2440
2469
2455
2449
2440
2440
2464
2449
2463
2440
2440
2448
2465
2489
2439
2440
2451
2474
2463
2449
2458
2452
2477
2449
2440
2449
2450
2465
2441
2451
2465
2451
2441
2448
2458
2455
2451
2440
2456
2450
2447
2440
2444
