1  0.0  0.0  0.0  0.0033333333333333335  0.0033333333333333335
500  0.41333333333333333  0.41333333333333333  0.41333333333333333  0.4166666666666667  0.5533333333333333
1000  0.84  0.8433333333333334  0.8433333333333334  0.8433333333333334  1.0366666666666666
1500  1.27  1.27  1.2733333333333334  1.2733333333333334  1.4133333333333333
2000  1.6966666666666668  1.7  1.7  1.7033333333333334  1.83
2500  2.1266666666666665  2.1266666666666665  2.13  2.1366666666666667  2.2866666666666666
3000  2.5533333333333332  2.5566666666666666  2.5566666666666666  2.57  2.723333333333333
3500  2.9833333333333334  2.986666666666667  2.986666666666667  3.006666666666667  3.17
4000  3.4133333333333336  3.4133333333333336  3.4166666666666665  3.44  3.5633333333333335
4500  3.84  3.8433333333333333  3.8433333333333333  3.8766666666666665  3.973333333333333
5000  4.27  4.27  4.273333333333333  4.306666666666667  4.433333333333334
5500  4.696666666666666  4.7  4.703333333333333  4.733333333333333  4.87
6000  5.126666666666667  5.13  5.136666666666667  5.17  5.253333333333333
6500  5.556666666666667  5.556666666666667  5.5633333333333335  5.593333333333334  5.713333333333333
7000  5.983333333333333  5.986666666666666  5.99  6.023333333333333  6.083333333333333
7500  6.413333333333333  6.416666666666667  6.44  6.46  6.63
8000  6.84  6.843333333333334  6.87  6.886666666666667  6.98
8500  7.27  7.276666666666666  7.303333333333334  7.333333333333333  7.426666666666667
9000  7.7  7.703333333333333  7.73  7.75  7.866666666666666
9500  8.126666666666667  8.136666666666667  8.16  8.176666666666666  8.356666666666667
10000  8.556666666666667  8.563333333333333  8.586666666666666  8.61  8.71
