253
277
253
253
253
252
253
253
253
253
311
258
253
253
264
254
253
253
253
255
253
253
253
252
253
253
257
253
253
253
253
253
253
253
253
253
253
286
252
253
283
253
253
253
264
253
253
253
253
253
253
253
252
261
252
268
253
253
253
253
253
253
259
253
252
253
274
253
253
253
253
253
253
255
253
253
254
253
253
253
253
253
253
253
253
255
253
252
253
253
253
253
263
253
253
254
253
253
253
253
252
252
253
253
254
253
253
253
253
253
253
253
253
253
283
253
253
253
253
253
253
253
253
253
253
252
253
253
253
253
253
252
253
253
253
255
253
253
253
253
253
253
253
253
253
263
253
253
253
253
253
253
253
253
285
253
253
253
253
252
252
252
252
263
253
253
253
253
253
253
253
253
253
254
252
255
253
253
253
254
253
270
253
253
253
253
253
254
253
253
268
253
253
255
298
253
253
253
253
253
257
253
254
253
255
255
253
253
252
253
253
253
253
253
253
253
263
258
252
253
252
253
253
253
253
253
253
253
253
263
253
252
254
253
253
259
253
253
253
254
253
253
253
253
253
253
253
253
253
253
253
253
254
253
253
254
253
253
253
253
282
254
254
254
253
253
253
253
253
311
253
253
259
253
252
253
253
253
252
253
253
255
254
253
253
253
253
253
253
253
253
264
253
253
253
254
253
253
253
253
253
253
253
253
253
253
253
253
253
253
253
253
253
282
253
253
253
254
253
254
253
253
253
253
253
253
258
265
253
253
263
253
254
253
253
253
253
252
253
253
252
253
253
293
256
252
253
253
252
253
258
253
253
253
253
253
274
256
253
253
253
253
252
253
252
255
252
253
254
253
252
252
252
253
252
253
253
254
253
252
253
255
253
253
253
252
253
253
253
253
253
262
253
253
253
253
253
253
254
255
253
253
253
253
253
253
252
254
257
252
253
253
252
253
253
253
253
264
255
253
257
277
253
252
253
253
253
253
253
254
256
253
253
253
262
252
253
252
253
253
253
253
253
275
253
253
253
253
253
253
286
253
253
252
253
252
253
253
253
253
253
264
253
258
253
253
252
253
253
253
253
253
253
252
253
253
253
253
253
253
253
253
254
253
253
252
253
253
253
253
253
253
253
253
254
252
253
253
253
253
255
258
252
253
252
252
253
252
253
253
253
253
252
252
265
252
253
253
254
253
253
253
253
265
253
253
252
253
252
253
253
253
253
252
253
252
252
254
253
253
253
253
253
253
253
253
253
253
254
254
254
253
253
253
253
253
256
253
253
253
253
253
253
253
287
254
253
253
253
253
253
254
254
253
253
253
253
255
253
252
253
253
253
252
253
252
253
254
254
253
253
255
253
252
253
253
253
253
253
253
253
266
253
253
253
253
258
252
253
253
253
253
253
253
304
253
253
253
254
254
253
255
253
290
255
253
252
252
253
253
253
252
253
253
253
253
252
253
253
253
253
253
253
256
253
253
253
253
254
253
254
252
253
253
253
253
253
253
253
264
253
254
255
254
263
253
254
253
253
253
254
252
253
253
252
253
255
253
253
252
254
253
253
253
252
262
259
253
259
253
253
252
253
253
253
253
253
253
280
256
253
254
279
253
253
253
253
253
253
252
253
264
253
252
252
252
255
253
253
252
253
253
253
252
261
253
252
253
252
253
253
253
253
261
252
253
253
253
253
254
253
253
296
254
253
253
253
253
254
253
253
253
253
253
254
253
253
252
252
252
252
253
253
252
253
253
253
253
253
253
252
252
254
252
253
253
253
253
253
253
253
254
253
253
254
253
253
253
261
253
253
253
253
253
253
264
253
258
253
253
253
252
252
253
276
253
256
253
253
253
253
253
253
253
253
254
253
253
253
253
253
253
254
253
253
253
253
260
253
253
253
253
253
253
253
253
253
252
253
253
253
253
253
252
256
253
253
253
253
257
263
253
253
253
253
253
253
253
272
253
253
253
293
253
253
253
253
253
253
253
256
273
253
253
253
253
252
253
252
253
260
253
253
252
266
253
253
253
262
253
253
253
253
253
253
252
253
279
255
253
253
253
252
253
253
253
253
253
253
253
253
253
253
254
252
253
252
254
252
264
253
253
253
253
253
253
253
253
262
253
253
253
253
254
253
253
253
253
253
254
253
253
264
253
269
253
253
253
253
253
253
253
254
253
253
253
262
253
253
253
253
254
259
253
253
253
253
253
253
253
263
253
253
253
253
253
253
253
254
263
253
252
253
253
253
253
253
253
263
253
253
253
253
261
254
253
254
252
253
253
253
253
253
253
254
253
254
253
253
253
253
286
253
253
253
253
254
254
254
253
307
253
253
253
253
252
253
253
253
254
253
253
255
263
252
253
253
253
252
252
253
253
253
252
253
252
253
253
253
257
253
253
253
252
252
253
252
269
255
252
253
253
253
253
254
253
253
253
257
253
253
254
253
253
253
254
270
253
262
253
253
253
253
253
254
253
253
260
253
253
253
253
254
253
252
254
253
253
253
253
253
305
253
253
253
253
258
252
254
254
253
254
253
254
253
253
253
252
253
253
253
253
253
253
253
253
253
252
253
252
253
253
253
253
254
253
253
312
252
253
253
252
253
253
253
252
265
253
253
253
253
253
253
254
253
253
253
253
253
252
253
253
256
253
253
253
253
253
269
253
253
253
253
253
253
252
253
310
274
253
254
253
253
252
253
286
252
253
253
253
253
253
253
253
264
253
254
253
254
253
253
253
253
265
253
254
270
253
253
253
253
252
272
253
254
253
253
258
253
253
253
265
253
253
253
253
254
253
253
253
254
253
253
253
253
255
253
253
252
253
253
253
253
270
253
252
252
253
254
253
253
253
252
253
252
253
252
253
254
253
253
253
253
253
254
253
284
253
253
253
252
252
253
253
254
253
253
253
254
253
253
253
253
253
253
253
253
252
253
299
253
253
253
253
253
253
253
253
269
252
253
253
253
254
254
253
253
253
253
253
253
253
253
253
253
254
253
253
254
254
254
253
254
253
252
252
253
253
253
253
253
255
253
255
253
253
252
