2572
2574
2568
2610
2578
2578
2585
2567
2573
2577
2581
2578
2585
2571
2568
2583
2580
2583
2572
2569
2584
2576
2581
2592
2568
2567
2580
2577
2583
2577
2568
2568
2581
2583
2579
2581
2568
2568
2586
2577
2584
2583
2568
2569
2586
2583
2587
2569
2570
2584
2576
2576
2588
2570
2569
2580
2577
2576
2600
2568
2567
2582
2576
2576
2583
2568
2568
2598
2577
2596
2567
2568
2607
2573
2576
2583
2567
2583
2588
2580
2584
2568
2585
2582
2578
2574
2569
2583
2579
2589
2579
2575
2585
2569
2581
2584
2575
2568
2567
2573
2581
2586
2590
2568
2570
2575
2593
2576
2568
2569
2568
2581
2578
2590
2572
2568
2574
2575
2605
2571
2571
2574
2581
2597
2605
2613
2567
2568
2576
2582
2577
2576
2567
2568
2579
2581
2592
2574
2568
2568
2576
2584
2576
2568
2568
2573
2575
2578
2582
2568
2568
2573
2574
2589
2574
2568
2568
2574
2575
2584
2576
2567
2568
2586
2575
2594
2568
2568
2583
2575
2581
2579
2568
2569
2575
2576
2575
2587
2568
2569
2568
2591
2605
2582
2577
2570
2577
2590
2575
2577
2567
2568
2577
2583
2576
2582
2569
2568
2585
2578
2583
2569
2568
2584
2575
2577
2568
2567
2579
2580
2575
2591
2568
2568
2576
2581
2587
2568
2568
2577
2582
2577
2578
2568
2585
2578
2587
2576
2568
2569
2574
2582
2582
2578
2568
2567
2578
2595
2574
2568
2568
2592
2579
2581
2576
2568
2568
2587
2577
2586
2570
2567
2576
2588
2577
2578
2568
2571
2591
2576
2582
2570
2572
2573
2575
2582
2575
2571
2570
2575
2574
2585
2572
2568
2579
2576
2577
2599
2568
2576
2579
2574
2581
2586
2591
2568
2573
2581
2577
2615
2567
2568
2577
2574
2615
2580
2570
2568
2573
2576
2580
2568
2568
2596
2575
2587
2578
2568
2569
2576
2585
2574
2568
2569
2575
2581
2575
2582
2568
2568
2574
2575
2574
2569
2570
2579
2573
2581
2577
2568
2567
2579
2583
2584
2568
2569
2572
2582
2576
2574
2568
2568
2583
2578
2580
2568
2570
2583
2574
2586
2568
2568
2582
2577
2592
2568
2567
2582
2576
2581
2581
2568
2568
2584
2579
2584
2568
2698
2580
2577
2591
2578
2568
2568
2583
2583
2576
2568
2568
2579
2590
2576
2587
2568
2569
2585
2576
2574
2568
2567
2580
2580
2576
2575
2567
2581
2586
2576
2581
2568
2570
2587
2576
2583
2568
2569
2584
2568
2593
2578
2608
2568
2568
2581
2583
2585
2582
2568
2574
2587
2580
2584
2569
2573
2585
2579
2584
2575
2573
2569
2581
2605
2586
2594
2568
2576
2579
2576
2579
2567
2572
2580
2585
2581
2591
2568
2586
2580
2587
2578
2578
2568
2568
2589
2580
2579
2567
2575
2579
2579
2589
2580
2567
2568
2580
2593
2577
2584
2570
2580
2584
2577
2577
2567
2570
2586
2578
2576
2581
2570
2568
2580
2583
2581
2570
2568
2585
2575
2578
2572
2568
2577
2586
2578
2589
2568
2570
2579
2576
2583
2569
2568
2581
2574
2582
2576
2568
2570
2576
2581
2577
2583
2567
2573
2581
2583
2592
2568
2570
2576
2616
2584
2578
2568
2568
2586
2592
2576
2583
2568
2582
2584
2578
2586
2568
2572
2588
2577
2576
2587
2571
2568
2581
2582
2575
2579
2570
2593
2576
2584
2570
2568
2595
2584
2585
2579
2568
2584
2585
2577
2588
2568
2584
2583
2581
2577
2588
2585
2568
2580
2578
2586
2584
2567
2583
2576
2592
2568
2570
2581
2582
2578
2569
2583
2591
2577
2580
2577
2569
2576
2577
2582
2576
2578
2568
2567
2582
2576
2580
2568
2576
2576
2584
2576
2576
2568
2568
2589
2578
2585
2568
2569
2582
2578
2589
2581
2567
2591
2580
2590
2578
2568
2571
2587
2579
2585
2579
2577
2568
2579
2579
2583
2584
2567
2568
2581
2585
2581
2584
2568
2568
2584
2580
2586
2568
2568
2585
2580
2596
2576
2568
2568
2581
2581
2581
2582
2568
2571
2579
2585
2578
2568
2572
2578
2578
2585
2575
2570
2568
2580
2584
2576
2568
2568
2582
2584
2576
2591
2569
2568
2583
2577
2579
2572
2567
2588
2576
2592
2584
2574
2573
2585
2577
2587
2575
2583
2570
2576
2586
2577
2585
2567
2569
2581
2587
2577
2597
2568
2582
2585
2576
2579
2568
2572
2587
2576
2584
2578
2571
2568
2581
2575
2579
2571
2568
2578
2585
2583
2592
2568
2568
2585
2578
2588
2573
2569
2583
2579
2584
2578
2568
2569
2579
2581
2576
2587
2568
2568
2578
2584
2576
2568
2583
2578
2584
2578
2587
2568
2568
2586
2577
2585
2576
2568
2571
2578
2579
2574
2568
2572
2579
2585
2575
2569
2571
2577
2584
2588
2577
2590
2609
2568
2568
2590
2585
2588
2578
2568
2568
2582
2586
2584
2575
2567
2568
2577
2579
2585
2567
2569
2586
2578
2587
2577
2568
2585
2576
2581
2581
2568
2568
2575
2577
2587
2567
2569
2574
2591
2576
2577
2570
2568
2581
2577
2576
2583
2568
2568
2587
2576
2587
2568
2581
2583
2579
2581
2577
2602
2582
2570
2580
2580
2607
2573
2567
2588
2582
2577
2576
2568
2572
2584
2574
2574
2573
2572
2568
2578
2602
2580
2572
2568
2573
2578
2585
2579
2568
2567
2575
2581
2588
2568
2568
2580
2584
2588
2593
2567
2569
2586
2577
2586
2570
2569
2586
2576
2588
2578
2568
2569
2578
2585
2577
2570
2568
2577
2596
2577
2589
2568
2580
2584
2578
2590
2567
2568
2585
2581
2594
2568
2570
2591
2577
2586
2578
2568
2573
2578
2576
2586
2568
2574
2586
2577
2586
2573
2570
2568
2577
2593
2582
2579
2569
2567
2591
2584
2579
2568
2567
2595
2589
2577
2586
2567
2583
2596
2577
2587
2568
2585
2582
2577
2585
2577
2583
2568
2578
2584
2577
2584
2569
2578
2585
2577
2588
2567
2568
2586
2578
2586
2568
2572
2587
2579
2588
2577
2568
2570
2581
2597
2593
2570
2569
2579
2647
2597
2600
2582
2570
2568
2639
2647
2590
2587
2568
2612
2576
2585
2580
2568
2601
2577
2588
2581
2582
2583
2569
2586
2580
2582
2584
2568
2583
2582
2586
2592
2568
2568
2577
2582
2593
2568
2567
2587
2575
2594
2575
2570
2569
2589
2593
2583
2568
2567
2588
2577
2583
2568
2570
2585
2577
2582
2583
2567
2568
2580
2576
2584
2577
2568
2568
2576
2578
2587
2567
2569
2578
2576
2583
2580
2568
2569
2576
2576
2588
2568
2570
2577
2582
2577
2569
2568
2574
2611
2588
2574
2568
2569
2577
2587
2576
2569
2568
2578
2587
2576
2580
2568
2569
2587
2576
2583
2568
2567
2575
2579
2576
2582
2570
2581
2587
2580
2600
2567
2571
2584
2577
2579
2568
2571
2579
2586
2576
2568
2568
2585
2575
2577
2573
2568
2598
2577
2580
2575
2568
2571
2579
2575
2582
2568
2571
2577
2585
2588
2583
2571
2568
2596
2579
2579
2591
2569
2568
2592
2580
2581
2575
2568
2570
2579
2582
2581
2576
2602
2568
2579
2582
2579
2584
2568
2589
2578
2587
2594
2568
2580
2587
2579
2614
2568
2570
2586
2575
2591
2588
2568
2568
2581
2592
2575
2567
2568
2579
2595
2577
2586
2572
2568
2603
2575
2583
2571
2568
2593
2577
2587
2579
2568
2568
2576
2588
2580
2567
2568
2585
2576
2580
2579
2568
2567
2590
2579
2585
2568
2576
2568
2584
2585
2577
2583
2567
2580
2589
2577
2599
2568
2572
2586
2581
2600
2576
2571
2584
2577
2601
2576
2571
2568
2574
2622
2581
2574
2567
2587
2593
2579
2592
2571
2568
2599
2578
2583
2592
2568
2587
2578
2575
2579
2587
2584
2588
2579
2588
2577
2584
2568
2576
2586
2577
2568
2568
2580
2587
2577
2584
2584
2568
2588
2577
2577
2585
2568
2585
2584
2577
2620
2570
2572
2585
2680
2601
2585
2571
2568
2580
2648
2580
2593
2567
2568
2618
2579
2599
2568
2568
2591
2577
2590
2578
2568
2568
2579
2594
2577
2578
2568
2568
2579
2590
2576
2568
2569
2585
2577
2573
2587
2568
2568
2576
2588
2577
2583
2567
2573
2587
2584
2583
