381
382
391
381
381
382
424
382
381
382
388
382
381
381
382
381
382
390
382
382
382
390
382
381
381
406
382
382
381
382
381
381
382
382
381
381
381
381
381
382
388
387
381
381
390
381
381
381
381
381
381
382
381
384
382
381
381
381
382
381
381
382
382
381
382
382
381
410
382
381
381
395
381
382
382
381
381
381
381
381
382
381
382
381
381
382
391
382
381
382
398
381
382
381
381
381
381
381
381
381
382
381
381
382
381
415
388
381
384
397
382
381
381
422
381
382
382
381
382
383
381
382
382
382
381
381
381
381
381
382
381
382
391
381
381
382
407
381
384
382
382
381
382
382
382
381
382
382
382
381
381
381
381
382
381
381
381
382
382
382
382
382
381
381
382
381
382
381
381
382
382
410
382
382
382
391
383
381
382
381
382
382
382
382
381
381
381
382
382
392
387
383
394
448
381
381
392
382
381
384
382
381
382
384
387
382
382
396
381
382
382
409
381
381
381
382
382
382
381
382
383
381
381
381
381
381
392
381
381
382
407
382
381
382
393
381
383
382
381
381
381
381
382
381
381
381
383
382
382
382
382
381
382
381
382
382
382
382
381
381
382
382
381
381
381
431
381
382
387
382
381
381
381
382
381
381
382
381
382
381
382
381
381
382
387
381
387
382
393
381
382
382
381
382
381
381
382
381
381
382
382
381
382
384
382
398
381
382
381
382
382
381
381
381
383
382
381
384
381
381
382
381
382
382
382
381
384
381
382
381
381
382
381
382
382
382
381
384
381
381
382
381
381
394
381
381
381
411
382
384
382
398
381
382
381
381
382
381
381
382
381
381
381
381
382
381
383
381
382
381
382
382
381
381
411
382
381
381
395
381
381
381
414
382
387
382
382
382
382
381
382
382
382
382
382
381
389
381
391
382
381
392
382
382
381
392
381
381
381
381
381
382
382
382
381
381
382
383
381
381
394
382
382
382
382
381
387
381
381
382
381
381
381
381
389
381
381
381
383
406
381
382
382
394
382
381
381
381
382
382
382
382
381
381
382
382
381
381
395
388
381
381
381
381
381
382
386
382
381
382
382
381
382
381
382
382
382
382
381
381
381
417
392
382
382
394
381
381
382
382
382
382
381
388
381
382
381
382
383
382
381
381
381
381
394
382
381
381
393
382
381
381
394
381
382
382
382
381
381
381
381
381
381
381
382
381
382
390
381
382
388
400
381
381
381
397
381
381
384
381
381
382
382
382
382
381
382
381
381
384
381
382
382
382
381
381
384
381
382
381
383
382
381
383
381
381
391
382
382
381
391
381
381
382
407
381
382
381
394
393
381
391
381
381
381
382
382
382
381
382
387
381
382
381
384
381
395
381
381
381
381
382
381
381
381
382
381
394
381
381
382
381
381
382
383
382
381
382
381
381
381
381
382
386
381
383
391
381
382
382
394
382
381
382
391
381
381
381
382
387
381
381
381
382
381
381
381
381
381
452
382
382
381
392
382
385
382
381
381
382
382
382
382
382
382
381
381
381
382
382
382
387
397
382
381
381
399
382
382
382
381
381
381
382
381
382
382
385
382
382
382
381
382
382
382
393
382
381
382
393
381
382
381
425
381
381
382
381
382
382
382
381
382
382
382
382
382
381
382
386
381
382
399
381
382
382
431
382
381
382
381
382
382
382
382
381
382
382
382
396
382
416
381
381
382
392
381
381
382
382
381
383
382
382
381
381
381
381
382
382
382
382
417
384
381
381
381
381
412
381
381
381
382
381
381
381
381
382
398
382
382
381
381
382
382
381
381
387
382
381
390
382
382
381
390
382
381
381
425
381
382
381
381
382
381
381
381
381
381
381
381
382
381
388
382
382
381
402
381
382
382
391
382
381
381
404
381
381
382
394
381
381
381
391
381
382
383
404
382
381
382
392
381
381
381
382
381
383
382
382
381
381
388
381
382
382
384
381
382
382
396
381
381
382
421
381
381
381
387
382
381
381
382
382
381
381
382
381
382
382
382
382
382
382
381
382
381
381
382
381
382
382
381
382
382
381
382
382
383
382
382
382
381
381
382
381
382
382
381
383
382
382
381
382
381
382
381
382
388
382
381
384
382
382
381
381
382
381
381
381
381
382
382
381
382
381
381
381
381
418
388
381
387
447
381
381
382
381
382
381
381
382
381
381
381
382
381
382
382
382
381
382
381
382
381
381
405
382
381
381
430
382
382
381
399
382
381
383
392
382
381
382
431
387
381
382
382
382
382
382
382
381
382
382
382
381
381
382
381
383
383
381
382
381
382
382
382
381
381
382
381
381
381
382
382
381
388
381
382
381
382
382
381
382
381
381
381
381
382
382
381
381
381
382
382
381
381
390
381
381
381
410
381
382
382
391
384
381
382
382
382
381
382
382
382
381
382
382
382
381
388
382
382
381
413
381
381
382
392
382
381
381
382
381
382
383
387
381
382
382
381
382
382
388
381
381
381
393
381
381
382
394
382
382
382
394
381
383
382
395
381
382
383
401
382
382
382
392
382
381
382
428
382
382
382
392
381
381
382
382
381
381
381
382
381
384
381
382
382
381
385
382
382
386
381
382
384
382
382
382
381
382
382
382
381
382
382
381
381
382
382
381
382
381
381
382
382
381
381
381
381
381
382
390
382
381
381
381
381
381
381
382
381
381
381
382
381
381
382
382
381
381
381
382
381
381
439
382
381
382
391
382
381
381
407
382
382
382
382
382
381
381
382
382
381
383
381
381
382
382
381
382
385
381
382
381
383
382
382
382
381
382
381
381
382
382
382
382
382
381
381
381
381
381
382
381
381
381
381
383
382
421
381
381
381
394
382
382
382
429
381
384
381
391
382
381
382
404
381
382
381
391
383
381
382
382
382
381
381
381
381
381
382
382
383
382
381
382
382
381
403
381
382
381
382
382
381
381
382
381
381
381
390
384
382
382
387
382
381
390
382
381
381
396
382
381
382
396
382
382
381
381
381
381
381
381
381
382
382
381
381
381
382
382
382
381
381
382
381
381
381
395
382
382
417
381
381
