519
510
510
510
510
510
510
517
514
511
519
510
510
510
510
510
512
510
510
527
521
515
510
510
510
510
510
518
510
509
510
510
510
510
510
513
516
525
510
510
511
511
510
510
521
510
510
510
510
510
510
524
510
510
510
510
510
510
523
511
509
510
510
510
513
520
510
510
510
509
510
509
510
510
510
521
510
510
511
510
510
510
524
510
510
510
509
510
510
539
510
511
517
510
510
511
510
514
510
510
510
518
511
510
523
520
514
549
510
510
510
510
520
510
510
519
510
510
510
510
515
511
522
510
510
511
510
510
511
520
510
510
510
510
511
510
510
510
510
521
510
510
510
510
510
510
544
510
510
512
510
511
510
510
511
510
523
510
510
510
510
510
511
522
510
510
541
510
510
510
510
510
511
537
510
510
510
515
510
510
510
510
510
510
522
517
510
519
514
543
510
548
510
510
521
510
509
509
510
513
510
510
509
510
521
510
511
510
510
510
510
522
510
510
511
510
509
510
521
510
510
510
510
510
509
510
512
510
530
510
510
510
510
510
510
539
510
510
510
510
511
510
510
510
510
521
512
510
510
510
510
510
524
510
510
510
511
510
510
542
510
510
510
510
510
510
518
511
510
510
510
510
510
510
511
510
518
510
510
509
510
510
510
536
510
512
517
510
510
510
539
510
510
510
510
510
512
523
510
509
512
511
509
510
518
510
510
511
510
510
510
541
510
510
519
509
510
510
510
511
510
519
510
510
510
510
511
510
526
510
511
511
510
510
511
510
510
510
544
510
510
510
725
510
510
513
511
511
520
510
510
510
510
510
510
518
516
510
534
510
512
510
510
510
510
546
510
510
536
509
513
510
510
510
543
534
510
510
510
510
510
510
510
510
513
521
510
511
544
510
510
510
522
510
510
510
509
510
512
510
510
510
546
510
510
510
510
510
510
510
509
510
519
510
511
517
517
510
511
510
516
510
522
510
510
510
510
510
510
556
510
510
510
510
510
510
526
510
510
510
510
510
510
541
511
511
510
510
510
517
538
510
510
511
527
511
510
521
510
510
541
510
514
516
509
510
510
511
516
510
521
510
510
510
510
511
510
527
510
511
539
510
510
510
510
510
510
548
510
510
510
512
510
510
536
511
510
519
510
513
511
511
510
511
510
510
513
510
510
511
510
519
510
510
510
510
510
510
533
512
515
518
510
510
510
511
510
510
518
510
510
511
510
510
524
522
510
511
511
510
510
510
510
510
510
523
510
510
511
510
510
510
550
510
510
510
510
510
511
510
510
510
536
510
510
510
510
511
511
555
510
510
510
510
511
510
510
510
510
542
510
510
521
510
511
515
511
510
515
587
511
510
553
512
510
510
510
510
510
526
510
511
510
511
511
510
520
510
510
510
510
511
511
522
510
510
509
511
543
510
521
510
510
511
512
510
510
520
513
510
510
510
510
510
544
510
510
510
510
510
510
533
510
513
509
510
509
526
553
510
510
510
510
510
512
534
510
510
510
511
510
511
528
510
511
510
510
510
510
539
511
510
517
510
510
510
533
510
510
510
510
510
510
521
511
510
511
511
510
510
535
526
510
510
511
512
510
533
510
510
510
510
510
510
510
510
510
510
510
510
510
510
510
510
510
519
514
510
535
510
510
510
510
510
510
511
510
510
511
518
511
511
510
510
510
525
523
510
510
510
510
510
510
514
510
516
524
510
510
510
510
513
510
510
510
511
520
510
510
513
510
510
510
520
524
516
510
509
510
511
510
510
510
541
510
510
510
510
510
509
510
538
510
509
510
515
510
510
510
510
510
510
510
510
523
511
510
511
510
516
510
520
510
510
529
520
510
510
510
516
510
510
510
510
521
510
510
510
510
510
510
522
517
510
530
510
510
511
510
510
510
532
510
510
510
510
510
510
537
510
510
510
509
510
510
510
510
511
520
510
511
512
510
510
511
521
510
511
512
510
510
510
510
510
511
513
510
511
510
510
511
510
521
510
510
510
510
510
512
543
510
510
511
510
511
510
521
510
511
510
510
510
510
542
515
510
510
510
510
510
542
510
510
510
510
511
510
544
511
510
510
510
510
510
534
510
511
511
510
512
510
524
510
510
510
510
510
510
520
510
510
510
510
510
511
548
510
510
513
512
510
510
540
510
511
510
510
510
510
539
510
510
510
510
509
511
520
511
510
510
511
510
510
523
510
510
510
513
511
512
539
510
510
521
510
510
510
510
510
510
520
516
510
510
510
510
510
521
510
512
511
509
510
510
555
510
510
510
510
511
510
510
511
510
558
510
510
510
510
512
510
539
510
511
511
510
511
510
546
512
510
510
515
510
517
510
510
510
523
512
510
542
510
510
510
510
510
510
511
510
510
510
510
510
511
509
510
511
510
541
510
510
510
510
510
510
510
511
511
527
510
510
510
510
510
510
510
510
510
510
510
510
510
510
510
510
511
510
510
511
524
510
510
510
511
510
510
524
511
510
510
510
510
510
521
510
511
510
510
511
510
510
510
510
550
510
510
510
510
511
511
520
510
510
510
510
510
510
538
512
510
510
510
511
510
510
510
510
537
510
510
510
510
510
510
557
511
510
522
513
510
510
510
510
510
521
510
510
510
510
510
510
521
512
511
510
511
510
510
514
510
510
536
511
510
510
511
513
510
518
510
510
510
510
511
510
520
510
510
512
510
511
510
511
510
510
537
510
510
509
510
510
511
538
510
511
511
510
510
512
527
510
510
542
510
518
510
510
511
510
539
510
511
510
509
510
516
510
510
509
521
510
510
509
513
509
510
510
510
510
523
510
510
510
509
510
509
512
512
510
539
510
509
510
511
511
510
537
515
510
510
510
511
510
536
511
510
511
511
510
510
535
510
510
510
510
510
511
537
510
510
510
510
511
511
510
511
510
513
538
510
511
510
511
510
510
510
510
510
521
510
510
510
510
510
510
525
510
512
510
510
510
510
520
510
510
510
543
511
513
510
510
510
510
510
510
511
510
510
510
510
510
510
511
510
516
510
510
511
511
510
540
510
510
510
524
510
