639
639
638
639
639
639
639
643
639
639
648
638
639
639
639
639
638
642
641
639
638
639
639
652
638
638
639
639
653
638
638
684
644
638
662
639
639
651
639
639
657
638
639
649
639
638
638
638
638
641
638
638
638
638
638
639
638
639
641
650
639
639
662
639
639
651
639
638
639
638
654
639
639
638
639
641
641
638
639
638
638
649
638
654
656
638
638
650
643
639
682
639
639
639
638
639
655
638
638
639
639
649
638
640
639
639
639
639
638
686
638
639
648
638
642
662
639
638
639
638
639
639
655
639
639
638
638
642
639
638
639
650
638
639
659
654
639
651
639
638
642
639
639
639
638
638
638
639
655
641
639
639
639
655
638
639
660
639
641
648
639
655
673
638
639
638
642
639
639
639
638
638
638
639
655
638
640
639
639
639
638
639
638
639
639
639
643
684
639
639
639
638
639
639
639
639
641
638
638
649
641
639
648
639
638
655
638
638
639
639
639
639
640
639
639
639
639
639
639
639
639
651
639
639
678
638
639
665
639
639
639
639
638
639
639
639
639
639
639
640
639
639
639
648
639
639
646
638
639
643
638
639
638
639
639
639
639
639
640
649
638
639
673
639
639
645
640
639
664
638
639
639
639
639
639
641
640
639
639
640
639
639
638
639
664
639
639
647
642
639
669
638
639
647
640
639
662
638
639
639
639
642
639
639
638
638
638
639
639
639
638
639
640
639
639
639
639
639
638
638
639
639
639
639
662
639
638
644
639
639
669
639
638
652
638
639
662
638
639
650
638
639
639
639
638
638
643
641
675
638
639
653
639
639
663
639
640
649
639
639
639
639
639
639
639
640
639
639
639
638
639
639
639
639
639
639
664
639
639
648
639
640
647
640
638
676
639
639
651
638
647
663
640
639
648
639
639
661
638
639
639
640
639
642
638
638
639
638
639
648
638
639
662
639
639
656
639
638
685
638
639
672
640
639
649
639
638
662
639
639
649
639
639
670
638
638
648
638
638
664
643
639
638
639
639
638
638
639
638
639
639
639
639
639
639
654
638
638
656
639
639
650
639
639
675
639
639
639
639
638
638
639
639
639
638
639
639
647
639
639
647
642
639
651
639
639
638
638
639
639
638
638
638
639
644
645
671
638
639
651
639
638
665
639
639
649
638
644
676
639
638
648
639
640
639
639
639
639
638
638
640
659
641
651
639
644
666
638
639
638
639
638
640
638
638
638
639
639
639
666
638
639
649
639
639
662
638
638
653
639
639
639
638
638
638
639
639
639
639
638
639
639
639
639
649
639
639
669
639
638
652
639
638
638
639
639
641
638
639
638
672
639
639
639
638
639
639
641
663
645
639
638
639
639
638
641
639
638
638
638
639
638
639
639
639
639
639
647
639
639
675
638
638
646
638
639
666
638
638
650
639
639
671
638
638
638
639
640
638
638
638
641
639
639
638
638
638
638
639
639
640
647
639
638
648
639
638
646
639
639
649
638
639
657
638
639
648
639
640
639
639
639
638
638
638
638
643
639
638
639
639
639
639
638
639
639
640
638
668
640
638
639
639
639
660
642
638
649
638
638
664
639
638
649
639
654
647
639
638
648
638
639
662
639
644
652
639
648
648
639
639
639
639
638
638
638
639
645
638
639
639
641
639
638
649
638
639
668
639
638
653
638
638
638
639
638
639
639
639
638
639
638
638
653
639
639
649
639
646
663
638
639
652
639
639
638
639
640
638
639
639
638
639
638
638
638
641
639
639
643
638
639
638
639
639
639
638
638
669
641
638
651
639
638
639
648
638
656
639
639
638
638
649
639
638
639
638
639
671
639
638
639
639
653
639
641
649
639
639
647
639
672
639
639
639
641
639
639
639
639
639
639
639
638
657
650
638
639
669
639
639
639
639
639
639
639
639
654
638
638
638
658
640
639
639
639
639
639
639
638
639
639
639
639
639
639
648
644
639
660
639
639
650
639
639
660
639
639
649
638
644
638
638
639
639
638
639
638
643
638
638
639
638
644
639
639
639
639
639
639
639
639
639
669
639
639
650
639
639
664
639
639
652
638
639
664
638
639
649
638
639
664
639
639
639
638
638
638
639
639
639
640
638
639
638
639
639
653
639
639
649
638
639
646
641
638
639
638
639
647
646
638
646
639
639
684
639
641
646
638
639
646
639
638
655
639
639
639
640
638
639
638
638
638
639
654
639
639
638
639
639
638
638
639
638
639
640
638
654
647
638
638
664
639
639
647
639
638
660
638
639
663
639
638
641
638
638
639
647
639
639
638
639
639
639
639
639
639
638
638
639
646
640
639
639
639
649
639
639
650
638
640
648
639
644
638
639
638
639
639
639
638
639
639
638
639
639
639
639
640
639
654
639
639
639
643
638
639
640
638
639
639
639
639
639
646
657
639
639
675
639
639
654
639
639
655
639
639
646
639
639
644
639
638
652
640
639
663
638
639
647
639
639
652
638
638
638
638
641
638
638
639
641
639
638
639
638
638
639
658
639
642
650
638
639
671
639
639
638
639
639
639
639
639
642
639
639
639
651
638
639
648
638
638
646
639
639
651
639
639
671
638
638
648
639
639
647
641
639
639
639
639
639
638
638
654
638
639
638
638
638
639
639
638
639
639
638
638
666
638
639
653
638
638
661
647
639
656
639
639
653
639
639
653
638
639
649
639
645
662
639
638
639
639
639
639
638
639
638
639
638
641
639
639
638
638
639
639
646
639
639
663
638
639
647
639
638
650
638
641
639
639
639
638
639
639
639
639
641
639
647
638
638
690
639
639
648
639
639
639
639
638
639
639
639
638
640
639
638
662
638
639
648
639
639
686
641
639
666
639
639
639
639
638
639
638
639
639
639
639
639
639
638
639
639
638
638
641
638
640
638
639
640
638
638
638
638
639
639
639
638
639
639
638
639
639
639
639
652
639
646
665
639
639
652
638
638
655
638
638
650
639
639
639
639
639
639
639
640
638
638
639
639
639
638
638
648
640
639
665
639
639
649
639
639
639
638
638
639
639
639
639
639
641
639
640
639
