770
767
767
767
767
767
768
817
768
768
768
768
767
769
767
799
767
768
776
767
767
777
767
773
768
767
767
767
767
777
800
767
776
767
768
767
767
777
767
767
784
782
767
767
767
768
769
767
767
768
767
796
767
786
781
767
768
797
767
767
768
768
770
767
767
784
767
767
778
767
767
784
767
768
776
767
767
767
767
767
767
773
793
767
767
780
767
768
767
767
767
768
767
773
774
767
793
767
767
767
767
767
769
767
794
767
766
779
767
767
767
767
767
767
767
773
783
767
810
770
767
767
774
781
768
769
774
767
769
768
767
776
767
767
783
767
767
767
767
776
767
769
776
767
767
811
768
768
767
768
767
767
767
772
767
767
801
775
768
775
767
771
767
768
767
767
769
768
784
767
775
768
768
779
768
768
796
768
767
768
767
781
768
768
796
768
781
767
768
817
797
766
778
767
767
778
767
768
771
767
767
768
767
768
767
767
788
768
767
792
771
767
776
767
767
767
767
767
767
767
767
767
772
788
767
783
779
767
767
796
768
767
768
767
767
767
767
784
767
769
792
767
766
777
767
767
779
767
768
784
768
768
767
767
767
767
767
768
767
767
795
783
767
778
767
767
768
767
773
774
767
780
772
768
779
768
767
767
768
767
768
767
768
767
772
779
767
775
777
767
767
768
773
767
767
767
785
766
767
778
767
767
768
773
767
767
767
767
767
766
778
767
767
793
767
768
768
767
767
767
771
767
767
768
768
767
767
768
767
767
789
768
767
778
768
767
797
768
768
772
767
767
767
767
772
769
767
798
766
766
778
770
768
786
767
767
780
767
767
768
767
769
767
770
768
767
768
790
767
767
781
766
767
778
767
770
768
767
767
767
767
767
767
767
767
767
767
792
767
767
776
768
768
792
768
767
777
767
768
769
767
769
767
769
768
767
767
767
767
767
767
774
791
767
773
777
767
767
767
767
767
768
768
779
767
768
777
767
767
767
767
767
767
767
797
767
767
776
767
767
786
767
767
768
767
767
769
767
767
767
767
772
769
767
776
767
767
790
769
767
782
767
767
786
768
767
767
767
767
769
768
768
767
767
776
768
768
789
767
768
775
767
769
787
768
767
776
767
767
767
767
767
768
768
771
768
768
767
768
768
780
772
767
793
774
771
767
767
794
776
767
767
767
767
767
768
768
772
767
790
767
767
777
767
767
775
769
767
773
767
767
767
767
775
767
768
788
767
767
779
771
767
797
767
767
768
767
767
767
768
768
767
770
768
768
767
795
767
768
782
768
767
790
767
774
767
767
769
768
767
777
767
767
805
767
768
782
767
767
767
768
767
768
767
776
794
774
772
767
767
767
767
767
776
767
768
776
767
767
769
767
784
768
767
776
767
768
787
767
767
778
767
767
768
767
767
767
768
767
769
767
794
767
767
779
767
769
767
768
772
767
768
767
767
769
780
768
767
793
767
767
768
773
767
767
767
779
767
768
794
769
767
768
767
766
767
767
787
768
768
778
768
767
796
767
773
768
767
767
767
767
793
767
767
784
768
767
768
767
767
767
767
796
768
768
782
767
767
795
768
768
767
767
790
767
767
782
767
767
792
767
768
767
767
767
767
768
791
767
768
779
769
767
768
767
769
767
767
767
767
767
778
768
770
804
767
782
768
776
774
767
769
778
767
774
767
768
767
777
767
777
767
768
777
767
768
801
773
770
802
767
781
767
767
784
767
767
773
767
778
768
767
776
767
768
767
768
767
768
767
781
767
767
797
767
767
768
767
767
767
767
767
767
779
779
776
779
767
767
768
768
767
767
767
817
767
767
779
767
773
768
768
767
767
767
767
767
767
768
767
767
779
767
767
800
767
768
777
768
767
789
767
768
768
768
767
768
768
767
767
767
767
767
767
795
767
768
767
767
767
767
774
767
767
773
779
767
767
796
769
767
778
767
767
795
767
773
769
767
767
782
767
773
767
767
769
767
773
767
767
774
767
767
789
767
769
767
771
767
768
767
780
767
767
802
767
767
768
767
772
771
768
767
767
767
778
767
767
787
767
768
780
768
767
804
767
768
785
768
767
768
772
767
767
768
767
767
768
779
767
767
802
770
767
784
767
767
791
767
767
767
769
768
768
767
767
767
767
768
769
767
782
767
768
792
767
767
783
767
768
767
767
767
767
767
768
767
767
782
767
767
800
767
767
779
767
768
767
768
767
767
768
767
767
767
786
767
768
778
768
768
800
768
767
781
768
767
767
768
767
767
768
767
767
767
777
767
767
816
767
767
779
767
767
768
767
768
768
767
798
767
767
782
767
768
781
768
767
768
768
767
767
767
780
767
768
785
767
767
805
767
767
768
767
767
767
768
781
768
767
778
767
767
790
768
767
767
767
777
767
767
796
767
766
778
767
767
767
767
767
767
767
808
767
767
776
767
773
767
769
767
767
767
788
767
767
779
767
769
801
767
768
767
767
767
767
767
776
767
767
798
767
767
767
769
767
767
767
768
767
767
792
773
767
780
767
767
791
767
767
767
767
767
767
767
774
767
767
783
767
767
778
767
767
767
772
767
767
767
778
767
767
780
767
767
793
767
777
768
767
768
767
767
784
767
767
781
767
767
767
766
767
767
767
799
767
767
778
767
767
802
767
767
767
767
767
767
770
773
767
767
809
767
767
767
767
767
767
767
773
767
767
792
778
767
780
767
767
768
767
768
769
768
767
767
773
810
767
767
785
768
767
780
767
767
776
768
773
767
767
768
783
767
793
767
769
783
767
768
767
767
766
767
767
809
767
767
777
767
768
786
768
772
767
767
769
767
767
792
767
767
779
768
767
768
767
767
767
768
767
767
767
767
767
768
773
767
767
792
767
768
768
767
767
767
771
810
767
767
777
767
767
767
766
767
767
767
776
767
767
789
767
768
767
768
767
767
768
776
767
767
800
767
767
776
767
768
775
767
767
772
767
767
767
767
784
767
768
775
767
767
797
767
767
766
767
767
767
767
777
767
769
792
773
767
768
767
768
767
769
767
767
767
789
768
771
791
