896
912
917
898
896
915
909
916
896
897
897
927
920
895
896
900
895
920
896
895
896
896
950
896
896
907
900
896
896
895
901
896
898
896
896
904
896
896
896
895
903
896
896
920
896
896
896
897
906
896
896
896
896
922
912
897
903
913
900
896
896
916
898
895
896
912
903
896
896
922
898
896
896
896
920
896
896
898
896
926
900
896
896
895
896
898
896
925
895
895
896
895
911
896
896
895
895
951
896
896
896
899
907
895
896
896
896
902
896
896
896
896
905
895
897
895
901
903
912
896
896
895
908
896
896
921
895
896
900
897
896
896
908
896
895
896
898
906
895
912
921
896
896
901
896
909
895
896
896
896
907
897
895
920
900
896
898
896
925
896
921
895
919
896
899
911
896
896
895
896
922
896
896
896
896
922
895
896
895
901
895
895
898
896
922
902
896
895
896
906
896
895
896
899
904
896
895
897
895
906
895
895
896
898
906
896
896
896
895
906
896
896
913
896
906
895
895
902
895
897
896
896
904
896
898
896
895
904
896
896
896
896
903
896
897
909
896
913
895
895
905
896
896
896
902
901
895
896
896
897
921
895
896
896
896
926
918
896
895
896
908
896
896
905
896
896
895
898
901
896
896
896
895
902
896
896
896
898
906
896
896
896
896
934
896
896
896
895
907
896
896
904
896
896
896
896
902
896
896
896
896
912
896
896
896
896
904
896
896
898
896
923
896
896
905
896
896
896
896
901
898
896
896
896
904
896
896
896
896
918
896
897
896
896
918
896
896
905
895
896
896
899
905
896
896
896
896
904
896
896
896
896
935
895
896
904
896
895
895
895
913
896
895
896
895
915
896
896
896
896
904
905
896
965
896
906
896
896
896
895
918
896
897
896
896
922
896
906
896
896
907
895
896
896
899
904
896
930
907
896
895
895
896
905
897
897
896
895
908
895
898
896
896
928
896
895
896
895
916
896
896
896
896
906
897
896
926
896
895
896
896
916
896
896
896
896
906
896
896
902
895
912
895
896
896
898
920
895
895
906
896
896
896
895
909
895
899
919
896
896
896
895
906
896
896
896
895
910
896
896
919
896
896
895
895
925
896
897
898
896
924
896
896
906
896
897
896
896
908
897
895
895
897
907
895
896
896
896
906
899
896
907
896
896
896
896
909
898
896
907
898
895
895
896
918
896
896
896
895
907
896
901
937
896
895
896
896
931
896
896
896
895
943
896
896
896
896
896
896
896
909
896
895
901
895
909
896
896
930
896
895
896
896
917
896
896
896
897
925
896
898
896
896
918
897
895
908
898
908
896
896
915
895
896
896
901
905
895
896
896
896
898
896
896
908
896
925
895
896
896
896
907
895
902
928
896
897
896
895
908
896
895
896
897
906
896
896
896
896
925
896
896
919
895
895
896
896
921
897
896
896
895
925
896
896
901
895
909
896
896
909
896
896
896
896
908
902
896
896
896
918
896
895
906
896
896
896
896
924
895
895
895
896
920
896
896
896
902
923
896
896
909
895
896
896
895
904
896
901
896
896
905
896
896
896
896
910
896
898
910
896
896
896
896
907
896
896
895
895
905
895
896
922
898
896
896
896
905
895
895
897
896
922
896
903
896
896
918
896
896
907
904
912
895
896
906
896
896
899
898
913
898
909
895
895
896
896
896
896
895
921
896
898
896
896
925
896
896
918
896
896
896
895
909
895
896
896
896
920
895
896
896
896
922
896
896
911
896
896
896
898
928
896
896
895
896
925
895
896
896
895
923
897
895
908
904
896
897
896
896
896
902
895
906
897
901
909
896
896
895
898
910
896
896
895
895
910
896
895
898
895
905
895
896
896
896
907
896
896
917
896
896
896
896
920
896
896
897
895
912
895
898
896
895
901
896
896
896
896
918
896
896
896
895
914
896
897
896
901
932
896
896
904
896
906
895
895
915
897
906
895
895
896
896
906
896
895
927
896
898
896
896
915
896
896
902
895
920
896
896
904
896
917
896
896
905
896
899
895
895
907
896
918
896
896
921
895
897
895
895
914
898
895
895
896
915
912
896
904
896
896
895
899
918
896
896
896
895
902
895
898
917
895
896
896
895
916
896
895
896
895
903
896
896
906
897
896
896
911
922
896
896
896
896
907
896
896
896
895
919
896
895
914
896
896
901
895
901
896
896
896
896
901
895
896
897
900
921
896
896
923
896
896
895
896
915
895
896
896
895
920
912
896
904
895
896
896
896
906
895
896
925
912
906
896
898
896
896
909
896
896
915
896
951
911
896
954
896
896
896
896
917
895
937
896
896
907
898
896
900
896
903
895
896
929
895
903
896
895
936
900
896
897
896
914
896
896
896
896
903
896
900
921
896
896
896
895
919
896
896
896
896
907
900
896
897
896
902
896
895
896
895
907
896
896
908
896
912
895
896
902
896
896
923
896
907
896
898
920
896
896
896
896
902
899
898
904
896
896
896
896
903
898
896
896
896
905
896
896
926
897
895
896
896
903
896
896
897
895
905
896
896
926
896
896
898
895
906
895
896
896
913
920
896
895
895
895
923
896
896
910
896
896
895
896
926
895
898
898
895
901
895
896
896
896
904
897
896
903
896
907
895
896
941
896
896
896
896
908
900
896
896
896
922
896
896
895
896
919
896
896
895
896
920
896
896
910
895
896
896
898
922
896
896
895
896
917
896
896
902
895
921
896
896
896
895
904
896
896
896
896
933
896
896
908
896
909
896
895
907
895
897
903
895
952
896
896
900
896
915
896
896
906
901
896
896
897
905
896
896
896
896
906
896
900
914
896
896
896
895
917
896
896
907
896
895
895
896
904
897
896
896
895
904
896
896
896
896
901
896
896
926
896
896
897
896
909
896
896
896
896
906
896
896
922
896
896
900
895
922
896
896
896
896
896
896
896
921
899
896
899
895
902
895
897
896
895
918
896
897
908
896
897
895
896
919
896
896
896
896
924
896
895
934
896
902
900
895
926
896
900
895
896
921
898
910
896
896
939
895
895
905
896
904
896
896
896
896
906
901
895
905
896
907
895
896
906
