1025
1046
1025
1034
1024
1025
1029
1026
1062
1025
1044
1055
1050
1024
1025
1026
1024
1063
1024
1024
1025
1059
1024
1024
1069
1024
1025
1024
1024
1024
1024
1034
1024
1024
1024
1030
1034
1024
1054
1024
1024
1026
1024
1024
1025
1035
1024
1024
1026
1024
1040
1024
1037
1024
1025
1024
1025
1034
1025
1044
1040
1025
1025
1024
1034
1024
1043
1024
1024
1024
1024
1034
1024
1046
1025
1045
1025
1024
1024
1032
1037
1024
1042
1026
1031
1024
1024
1024
1031
1049
1024
1032
1028
1024
1024
1026
1037
1025
1032
1024
1024
1039
1028
1033
1024
1024
1024
1025
1032
1027
1032
1024
1028
1047
1024
1032
1024
1024
1025
1024
1034
1024
1053
1026
1025
1024
1025
1053
1024
1024
1024
1024
1034
1024
1046
1024
1032
1024
1025
1048
1024
1034
1027
1027
1025
1025
1034
1024
1025
1024
1026
1031
1028
1055
1025
1024
1025
1027
1047
1025
1033
1025
1027
1025
1026
1040
1025
1025
1025
1024
1050
1026
1027
1024
1025
1055
1024
1032
1026
1025
1050
1024
1034
1026
1030
1033
1026
1063
1024
1034
1024
1032
1024
1024
1024
1024
1052
1024
1069
1058
1024
1024
1024
1035
1024
1034
1025
1024
1025
1024
1035
1025
1047
1024
1024
1025
1024
1034
1025
1024
1024
1025
1033
1024
1032
1024
1024
1025
1024
1035
1027
1051
1025
1025
1024
1025
1051
1024
1025
1024
1024
1024
1024
1035
1026
1025
1024
1024
1054
1024
1033
1026
1024
1024
1024
1035
1024
1033
1027
1025
1024
1024
1050
1025
1025
1027
1024
1030
1024
1033
1024
1025
1025
1024
1045
1024
1038
1024
1024
1024
1024
1032
1025
1032
1025
1026
1024
1024
1039
1024
1062
1024
1024
1025
1026
1066
1024
1024
1024
1027
1024
1024
1041
1024
1025
1024
1024
1052
1025
1033
1024
1025
1059
1026
1033
1024
1025
1026
1025
1033
1028
1045
1024
1024
1028
1025
1034
1024
1068
1024
1024
1025
1025
1050
1026
1038
1024
1024
1024
1024
1033
1024
1024
1024
1024
1025
1025
1056
1025
1024
1024
1024
1044
1024
1035
1024
1024
1024
1024
1033
1024
1034
1024
1026
1024
1025
1034
1024
1024
1024
1024
1033
1024
1053
1024
1024
1026
1024
1045
1024
1036
1024
1024
1026
1024
1046
1025
1032
1025
1025
1024
1024
1045
1027
1024
1026
1024
1049
1024
1033
1024
1025
1026
1025
1037
1024
1049
1025
1036
1025
1042
1024
1030
1034
1024
1027
1025
1047
1024
1033
1024
1030
1027
1024
1044
1025
1030
1024
1024
1031
1024
1032
1024
1038
1024
1026
1024
1024
1035
1024
1034
1028
1024
1024
1025
1049
1024
1025
1024
1024
1039
1028
1035
1024
1024
1025
1024
1033
1024
1047
1024
1026
1025
1025
1039
1024
1033
1024
1024
1025
1025
1034
1024
1024
1025
1027
1027
1024
1041
1027
1042
1024
1024
1035
1024
1025
1066
1038
1024
1044
1024
1024
1024
1025
1037
1024
1036
1024
1024
1033
1024
1038
1036
1036
1024
1024
1024
1025
1024
1026
1044
1024
1043
1025
1025
1024
1025
1037
1024
1024
1025
1025
1034
1024
1034
1024
1024
1024
1034
1034
1025
1035
1024
1024
1030
1024
1036
1031
1050
1024
1024
1040
1024
1034
1025
1049
1025
1025
1029
1024
1048
1042
1025
1024
1024
1047
1024
1034
1026
1024
1025
1040
1043
1024
1035
1024
1025
1024
1024
1033
1024
1050
1024
1025
1049
1025
1034
1024
1025
1024
1024
1024
1035
1024
1046
1026
1039
1025
1028
1024
1024
1035
1024
1024
1024
1024
1024
1024
1044
1024
1035
1025
1024
1025
1024
1035
1024
1027
1024
1024
1024
1025
1034
1024
1025
1024
1024
1028
1024
1035
1024
1024
1025
1025
1025
1026
1050
1027
1024
1024
1024
1051
1025
1036
1024
1024
1025
1025
1036
1025
1049
1024
1024
1024
1024
1048
1027
1054
1025
1035
1025
1024
1029
1024
1033
1024
1043
1025
1025
1040
1024
1040
1027
1033
1027
1049
1024
1025
1029
1024
1042
1024
1036
1024
1024
1028
1025
1035
1024
1042
1024
1024
1024
1024
1044
1025
1036
1024
1024
1024
1024
1035
1024
1048
1025
1024
1024
1025
1033
1026
1050
1024
1024
1034
1031
1045
1025
1025
1025
1024
1034
1024
1046
1026
1027
1025
1024
1032
1025
1033
1026
1025
1024
1025
1040
1024
1025
1026
1024
1025
1024
1049
1024
1025
1026
1024
1025
1024
1049
1025
1024
1025
1024
1034
1024
1052
1024
1027
1024
1024
1050
1024
1034
1029
1027
1024
1025
1035
1025
1045
1024
1026
1024
1030
1037
1024
1048
1025
1026
1024
1024
1034
1024
1041
1024
1024
1024
1025
1046
1024
1024
1025
1025
1102
1024
1080
1025
1024
1025
1024
1046
1030
1033
1025
1024
1025
1025
1034
1024
1060
1024
1031
1024
1024
1053
1024
1024
1024
1024
1031
1024
1032
1025
1024
1025
1024
1034
1024
1024
1025
1024
1038
1024
1065
1024
1024
1024
1025
1048
1024
1024
1031
1024
1044
1025
1037
1024
1024
1026
1025
1050
1030
1025
1024
1025
1042
1024
1036
1025
1025
1059
1029
1036
1024
1024
1025
1025
1039
1024
1024
1024
1030
1024
1025
1046
1024
1027
1024
1024
1043
1024
1030
1024
1024
1024
1024
1035
1024
1025
1025
1027
1040
1024
1044
1024
1024
1024
1026
1034
1025
1025
1030
1025
1035
1026
1049
1024
1024
1024
1025
1033
1031
1025
1024
1025
1054
1025
1034
1026
1024
1047
1030
1036
1025
1024
1025
1024
1035
1024
1047
1095
1027
1026
1024
1024
1040
1051
1024
1026
1025
1024
1037
1024
1041
1025
1057
1024
1024
1049
1024
1038
1024
1027
1024
1024
1036
1024
1052
1024
1026
1031
1024
1049
1024
1033
1025
1024
1045
1024
1043
1030
1024
1025
1027
1035
1025
1044
1025
1025
1025
1030
1038
1024
1024
1025
1024
1035
1027
1035
1024
1033
1024
1024
1035
1024
1025
1024
1025
1034
1025
1059
1025
1024
1024
1024
1050
1024
1025
1026
1024
1044
1024
1048
1024
1043
1024
1024
1043
1024
1037
1030
1025
1025
1024
1050
1024
1025
1025
1026
1047
1029
1038
1024
1024
1041
1026
1035
1025
1036
1024
1025
1024
1025
1053
1039
1045
1024
1024
1025
1029
1034
1024
1024
1049
1024
1027
1035
1039
1024
1054
1024
1024
1025
1024
1036
1024
1051
1024
1024
1024
1024
1025
1024
1083
1025
1025
1026
1025
1048
1024
1035
1024
1024
1025
1024
1037
1024
1046
1026
1031
1024
1025
1048
1025
1025
1025
1026
1045
1027
1034
1024
1024
1024
1027
1038
1024
1045
1024
1027
1024
1027
1045
1024
1025
1024
1029
1047
1026
1036
1024
1024
1024
1024
1037
1026
1024
1025
1024
1037
1025
1047
1025
1041
1024
1025
1046
1024
1034
1027
1025
1024
1024
1053
1025
1024
1024
1025
1035
1026
1048
1024
1024
1040
1025
1046
1024
1024
1025
1026
1037
1024
1051
1040
1024
1024
1024
1046
1025
1036
1025
1024
1024
1041
1035
1024
1044
1024
1025
1025
1026
1054
1024
1049
1024
1025
1025
1027
1037
1024
1024
1024
1025
1035
1024
1054
1025
1024
1030
1024
1051
1025
1034
1024
1024
1024
1025
1036
1026
1046
1024
1025
1040
1024
1043
1024
1024
1024
1024
1025
1024
1046
1040
1025
1024
1024
1044
1024
1040
1024
1024
1024
1040
1035
1025
1026
1024
1025
1025
1024
1048
1025
1042
1024
1024
1025
1025
1040
1024
1025
1024
1024
1025
1024
1033
1026
1024
1030
1025
1048
1024
1035
1026
1024
1024
1024
1038
1030
1042
1026
1025
1041
1025
1064
1025
1037
1026
1024
1024
1024
1034
1039
1041
1024
1024
1025
1026
1053
1025
1024
1025
1040
1035
1024
1049
1025
1029
1024
1024
1046
1024
1040
1024
1024
1052
1024
1039
1024
1025
1025
1026
1049
1024
1024
1025
1024
1036
1024
1034
1024
1025
1024
1024
1037
1026
1047
1030
1024
1032
1024
1051
1024
1037
1024
1024
1024
1026
1024
1025
1036
1025
1024
1024
1024
1035
1025
1034
1024
