1152
1153
1153
1153
1153
1180
1153
1174
1155
1165
1153
1176
1153
1163
1153
1153
1153
1153
1169
1153
1164
1153
1171
1153
1164
1153
1153
1153
1153
1166
1153
1163
1153
1162
1153
1163
1152
1158
1153
1153
1153
1154
1177
1153
1163
1152
1163
1152
1169
1152
1153
1153
1153
1153
1153
1178
1153
1187
1152
1165
1153
1153
1153
1153
1153
1155
1192
1154
1168
1153
1163
1152
1169
1153
1153
1157
1153
1153
1152
1192
1153
1164
1153
1177
1159
1168
1158
1153
1153
1152
1153
1153
1174
1158
1167
1153
1174
1153
1162
1153
1154
1153
1159
1153
1153
1172
1153
1174
1152
1162
1153
1158
1153
1153
1153
1153
1171
1152
1163
1152
1183
1153
1164
1153
1153
1153
1153
1153
1153
1167
1153
1175
1153
1162
1152
1153
1152
1153
1153
1153
1163
1153
1176
1153
1165
1153
1179
1153
1153
1153
1153
1153
1153
1162
1152
1162
1153
1169
1153
1153
1153
1153
1153
1153
1161
1153
1167
1153
1171
1153
1153
1152
1153
1153
1153
1184
1153
1185
1157
1153
1153
1153
1153
1153
1167
1153
1153
1168
1152
1162
1153
1175
1153
1157
1153
1153
1155
1153
1175
1153
1162
1153
1181
1153
1153
1154
1154
1153
1153
1162
1158
1189
1153
1165
1153
1179
1153
1163
1152
1159
1157
1153
1153
1164
1186
1153
1164
1153
1178
1157
1167
1154
1183
1153
1152
1153
1152
1164
1160
1176
1152
1166
1153
1153
1155
1153
1153
1153
1162
1153
1179
1153
1165
1153
1177
1153
1153
1153
1153
1180
1153
1162
1153
1175
1153
1153
1163
1152
1153
1152
1175
1152
1164
1153
1176
1157
1166
1153
1153
1152
1152
1153
1154
1175
1156
1167
1153
1174
1154
1163
1154
1153
1153
1157
1155
1152
1174
1153
1163
1153
1175
1154
1157
1153
1152
1153
1153
1164
1153
1181
1153
1171
1153
1153
1155
1153
1153
1153
1173
1153
1168
1153
1176
1153
1153
1153
1153
1153
1153
1164
1153
1175
1153
1163
1153
1153
1153
1153
1153
1156
1182
1152
1163
1153
1177
1152
1166
1153
1157
1153
1153
1153
1153
1174
1153
1164
1153
1179
1155
1153
1152
1153
1153
1153
1167
1152
1180
1153
1163
1154
1153
1154
1153
1153
1154
1156
1153
1166
1153
1173
1153
1166
1153
1153
1158
1159
1153
1153
1175
1152
1166
1153
1173
1153
1153
1153
1155
1153
1153
1167
1153
1161
1153
1177
1153
1163
1153
1153
1166
1153
1163
1153
1171
1154
1198
1156
1163
1153
1154
1153
1152
1154
1152
1153
1154
1159
1152
1175
1154
1162
1153
1176
1153
1153
1153
1152
1153
1153
1163
1153
1162
1153
1163
1153
1175
1153
1162
1170
1153
1155
1153
1153
1153
1173
1153
1167
1153
1166
1153
1162
1152
1153
1154
1153
1163
1153
1165
1152
1173
1156
1167
1153
1171
1152
1153
1153
1153
1153
1152
1160
1153
1169
1153
1169
1153
1164
1153
1152
1168
1153
1153
1152
1174
1154
1167
1153
1163
1153
1153
1154
1153
1153
1153
1176
1157
1167
1154
1194
1153
1153
1156
1152
1154
1158
1153
1152
1183
1152
1174
1155
1162
1153
1159
1159
1153
1181
1153
1176
1153
1163
1153
1159
1153
1153
1169
1153
1163
1153
1176
1153
1153
1154
1153
1154
1153
1173
1152
1162
1153
1193
1155
1163
1153
1153
1153
1153
1162
1153
1175
1158
1165
1153
1168
1153
1153
1153
1153
1162
1159
1162
1153
1190
1153
1153
1153
1153
1172
1153
1162
1153
1152
1152
1153
1187
1155
1175
1153
1163
1153
1175
1154
1162
1152
1153
1158
1153
1154
1153
1170
1153
1163
1153
1175
1159
1153
1152
1153
1175
1153
1163
1153
1176
1157
1153
1153
1153
1153
1153
1165
1153
1174
1155
1164
1153
1176
1153
1153
1153
1153
1181
1153
1164
1153
1178
1153
1165
1153
1153
1153
1153
1153
1154
1178
1153
1163
1153
1174
1153
1153
1154
1152
1153
1153
1172
1153
1163
1153
1184
1155
1153
1154
1153
1154
1152
1163
1153
1162
1153
1174
1154
1153
1153
1153
1164
1153
1162
1153
1164
1153
1154
1152
1152
1153
1152
1164
1153
1167
1152
1183
1153
1163
1153
1154
1152
1152
1153
1153
1165
1154
1179
1153
1162
1153
1176
1153
1153
1153
1153
1153
1152
1163
1153
1176
1153
1168
1153
1175
1154
1163
1153
1152
1153
1153
1155
1153
1162
1153
1174
1153
1164
1154
1188
1153
1165
1154
1152
1153
1153
1153
1162
1153
1153
1172
1153
1184
1201
1165
1156
1170
1153
1162
1154
1164
1152
1154
1153
1153
1158
1153
1170
1153
1163
1153
1179
1152
1152
1163
1153
1153
1153
1153
1153
1163
1154
1178
1159
1168
1159
1163
1180
1155
1153
1184
1155
1153
1153
1153
1157
1153
1153
1169
1152
1168
1154
1165
1153
1155
1153
1155
1153
1153
1161
1153
1172
1153
1162
1153
1153
1153
1153
1174
1155
1164
1153
1182
1153
1153
1153
1153
1153
1157
1179
1153
1164
1155
1181
1153
1153
1153
1156
1179
1153
1164
1154
1177
1153
1153
1155
1154
1153
1153
1163
1153
1177
1153
1163
1153
1176
1153
1153
1154
1152
1153
1153
1162
1153
1167
1153
1164
1152
1175
1153
1153
1153
1153
1171
1153
1165
1153
1169
1153
1162
1152
1152
1153
1159
1153
1153
1161
1153
1179
1153
1161
1153
1159
1153
1153
1161
1153
1160
1153
1178
1153
1158
1153
1153
1171
1152
1162
1153
1175
1153
1154
1153
1153
1153
1153
1170
1153
1161
1153
1153
1158
1153
1153
1153
1161
1153
1171
1153
1153
1163
1153
1153
1153
1172
1153
1162
1153
1176
1153
1153
1153
1155
1153
1153
1177
1153
1162
1158
1175
1159
1170
1153
1168
1153
1155
1153
1154
1153
1152
1158
1155
1175
1152
1166
1153
1155
1153
1153
1153
1153
1159
1152
1179
1153
1165
1153
1171
1153
1152
1153
1153
1153
1153
1170
1153
1172
1153
1164
1153
1175
1153
1153
1153
1159
1170
1153
1164
1153
1161
1153
1153
1153
1159
1153
1154
1160
1153
1170
1152
1163
1153
1161
1152
1152
1153
1153
1166
1155
1161
1153
1175
1153
1152
1153
1155
1165
1153
1181
1154
1161
1159
1153
1154
1153
1153
1153
1161
1155
1176
1159
1153
1153
1153
1155
1153
1162
1153
1173
1157
1164
1153
1153
1154
1153
1162
1153
1173
1153
1164
1152
1153
1173
1155
1152
1157
1152
1154
1153
1153
1165
1153
1185
1153
1174
1153
1170
1153
1193
1153
1184
1153
1160
1153
1152
1175
1153
1162
1155
1164
1153
1162
1153
1153
1158
1154
1163
1153
1184
1153
1170
1155
1154
1153
1154
1153
1153
1163
1153
1181
1152
1163
1153
1158
1155
1153
1158
1153
1179
1153
1166
1153
1180
1153
1153
1153
1153
1178
1153
1163
1153
1177
1152
1155
1153
1153
1153
1153
1163
1153
1175
1153
1165
1153
1153
1153
1155
1164
1153
1174
1159
1164
1153
1155
1153
1153
1164
1153
1174
1159
1164
1153
1153
1153
1153
1163
1155
1174
1153
1167
1153
1153
1155
1153
1163
1153
1172
1153
1169
1155
1153
1153
1153
1164
1152
1176
1152
1169
1152
1179
1153
1155
1153
1153
1197
1153
1163
1153
1179
1153
1166
1153
1153
1153
1155
1163
1153
1167
1153
1162
1153
1156
1153
1153
1153
1158
1167
1155
1169
1153
1163
1153
1153
1153
1160
1167
1159
1163
1153
1163
1155
1153
1153
1152
1153
1153
1176
1154
1164
1152
1182
1152
1155
1154
1153
1153
1153
1171
1153
1172
1152
1163
1153
1183
1153
1153
1153
1153
1153
1153
1179
1153
1168
1153
1171
1152
1163
1153
1155
1153
1159
1163
1153
1172
1153
1170
1153
1153
1153
1158
1153
1155
1172
1153
1163
1153
1165
1156
1158
1153
1153
1165
1153
1172
1155
1165
1153
1154
1153
1153
1155
1153
1171
1153
1165
1153
1154
1160
1153
1153
1153
1161
1153
1167
1153
1173
1158
1153
1153
1161
1161
1153
1166
1152
1180
1155
1164
1153
1153
1153
1153
1165
1153
1164
1153
1176
1153
1153
1161
1154
1153
1155
1153
1153
1159
1155
