125
124
124
124
124
124
124
125
125
125
124
125
125
124
125
133
130
125
124
124
124
125
124
124
124
127
125
124
124
124
140
124
125
124
124
124
124
124
125
125
131
124
124
124
124
125
124
124
124
124
124
124
126
125
125
128
136
124
125
125
124
124
124
124
124
125
124
124
124
124
125
126
124
124
124
124
125
124
124
124
124
124
125
124
124
124
124
124
124
124
124
125
124
124
125
124
125
124
124
124
125
124
126
127
124
126
125
125
124
124
124
125
124
125
124
124
124
124
124
124
125
125
125
125
125
130
125
124
125
124
124
124
124
124
124
124
125
124
126
166
124
124
124
124
124
124
124
124
124
125
125
124
125
124
124
124
126
124
124
126
125
124
124
124
124
125
124
124
124
124
124
124
124
125
124
124
125
124
124
124
124
125
124
124
125
124
124
124
125
125
124
125
128
132
126
124
124
124
178
124
124
124
125
124
125
124
124
124
124
125
124
125
124
125
125
124
125
124
124
124
124
125
124
125
124
125
125
125
125
155
125
124
124
125
124
125
124
129
124
124
124
124
124
124
124
124
124
124
125
124
125
124
124
124
124
124
124
124
124
125
125
124
124
124
124
161
124
124
124
125
125
124
124
124
125
155
125
126
125
125
124
124
124
124
125
124
125
124
124
125
125
124
124
124
125
124
124
124
124
125
124
126
124
125
125
124
124
124
124
125
125
126
127
125
127
125
125
125
124
124
124
125
125
125
125
125
124
124
141
124
125
125
124
124
125
125
124
126
124
124
124
124
125
125
124
124
124
125
125
125
125
124
124
124
124
124
125
124
124
124
124
124
124
125
124
129
124
124
124
124
124
124
124
124
126
125
124
125
156
124
124
125
124
124
124
124
124
124
125
124
125
125
132
124
134
124
124
125
125
124
124
125
125
125
125
124
125
124
124
125
125
125
124
124
124
124
125
124
125
124
125
124
136
124
129
124
124
124
124
128
124
124
124
127
124
124
124
147
125
124
124
124
126
124
124
125
125
124
125
125
125
124
125
124
124
125
124
124
129
125
124
124
124
124
124
127
147
124
125
125
125
124
124
125
124
124
124
124
125
125
124
124
124
124
124
124
124
124
124
124
125
125
125
129
124
125
124
125
124
124
126
125
124
124
124
124
125
124
124
125
125
125
125
164
124
125
124
125
141
124
125
125
124
125
125
124
125
124
124
136
125
124
124
124
124
124
125
125
124
124
131
125
124
125
124
124
124
125
125
125
134
125
124
124
124
124
124
125
124
125
124
125
125
125
124
124
124
124
124
125
124
125
124
125
125
125
175
125
125
125
126
124
124
124
124
124
124
124
159
124
124
124
124
129
124
124
125
124
125
125
124
126
124
125
124
124
124
124
125
125
124
125
125
133
124
124
124
126
126
124
125
124
124
124
124
125
124
124
124
124
125
124
125
125
124
124
124
124
124
124
125
124
125
124
124
124
124
124
126
124
136
125
124
126
125
125
124
125
125
124
124
125
126
125
124
125
125
124
125
125
124
124
124
124
124
125
124
124
124
124
124
138
124
124
125
125
124
124
124
124
124
125
124
124
124
124
124
125
124
125
124
125
124
124
124
124
125
133
125
124
124
125
169
124
125
124
125
125
124
124
125
124
126
124
124
124
124
124
124
124
125
124
125
134
125
125
124
125
125
124
125
124
129
124
124
124
125
125
124
125
125
124
125
124
124
124
124
125
124
125
125
124
125
125
124
125
124
125
125
125
125
124
125
124
125
125
124
125
125
124
124
124
124
124
134
124
124
125
125
125
126
125
133
125
136
125
125
124
124
125
124
125
124
124
124
125
125
125
124
134
125
124
124
124
126
125
124
124
124
125
125
128
125
124
125
125
127
124
125
126
124
124
124
124
124
124
124
124
125
124
125
125
125
125
124
124
125
124
127
124
124
134
125
125
125
125
125
124
124
124
124
125
125
125
125
125
124
134
125
125
126
125
125
124
125
124
125
125
125
124
125
124
125
124
125
126
125
125
125
124
124
124
125
124
124
125
124
125
124
125
124
125
125
133
125
124
125
124
125
124
125
125
124
126
126
124
124
125
124
126
124
124
132
124
124
124
125
125
125
124
124
124
125
124
124
125
124
125
124
124
125
124
124
124
125
124
124
124
124
125
134
125
124
125
125
124
124
125
126
125
124
124
125
125
124
124
124
124
125
124
125
124
124
124
124
124
124
124
129
125
124
124
124
124
124
125
124
124
125
125
125
133
124
125
126
125
125
126
124
124
124
124
124
124
126
125
124
125
124
124
125
125
124
126
124
125
125
124
124
124
125
130
165
125
124
125
124
137
124
125
125
124
124
124
124
125
124
124
124
124
125
127
126
125
124
124
125
125
124
124
124
125
124
125
125
124
124
124
124
126
124
124
125
125
126
124
125
125
125
125
124
126
125
125
125
124
125
124
130
125
125
125
125
125
124
124
129
125
124
124
136
125
124
125
125
125
124
124
125
124
124
124
126
124
125
124
125
124
128
124
125
125
124
124
125
124
124
125
126
124
124
124
124
124
124
124
124
125
124
124
124
124
124
124
124
125
124
124
125
124
125
125
133
126
124
125
125
131
124
124
125
124
124
125
124
124
124
124
125
124
124
124
124
124
125
124
125
126
125
125
124
126
124
124
125
125
124
124
124
124
124
125
124
125
135
124
125
125
125
124
125
125
124
125
124
124
125
124
124
125
125
125
125
125
125
125
134
124
124
124
124
124
124
124
124
125
124
125
124
125
126
125
124
125
124
124
124
124
125
124
124
124
126
124
125
125
125
125
124
125
125
128
124
125
135
125
124
125
125
124
124
125
124
124
124
124
125
124
124
125
124
124
124
125
126
124
125
124
125
124
124
125
125
124
125
125
125
124
124
124
125
124
124
124
124
124
125
124
124
124
124
125
125
124
124
125
161
125
125
125
125
125
124
125
125
125
125
124
125
124
125
124
124
126
124
125
124
134
125
124
125
124
125
126
125
124
124
124
125
124
124
124
124
145
125
125
125
