1316
1314
1294
1281
1300
1330
1281
1282
1282
1286
1282
1281
1299
1282
1287
1281
1282
1281
1282
1281
1283
1281
1282
1281
1282
1282
1281
1281
1282
1282
1303
1282
1290
1282
1307
1282
1291
1281
1308
1282
1291
1281
1299
1282
1294
1282
1291
1281
1292
1282
1302
1281
1293
1282
1281
1284
1282
1281
1282
1281
1282
1281
1282
1282
1281
1281
1282
1282
1282
1282
1281
1282
1284
1283
1282
1302
1282
1290
1282
1304
1283
1290
1282
1302
1281
1290
1282
1290
1281
1304
1282
1293
1281
1299
1282
1290
1282
1282
1282
1282
1281
1281
1281
1283
1281
1282
1284
1281
1282
1282
1286
1281
1281
1281
1291
1283
1302
1281
1291
1281
1307
1282
1292
1285
1292
1281
1302
1283
1296
1281
1303
1281
1293
1281
1307
1282
1289
1281
1303
1282
1296
1282
1302
1281
1294
1286
1301
1283
1297
1282
1303
1281
1296
1282
1302
1282
1295
1282
1291
1281
1293
1281
1303
1281
1291
1285
1308
1281
1296
1281
1309
1281
1292
1286
1304
1281
1295
1282
1305
1281
1281
1282
1281
1285
1307
1282
1281
1282
1282
1282
1281
1281
1282
1281
1285
1282
1282
1282
1281
1281
1288
1281
1281
1281
1284
1281
1305
1282
1293
1282
1303
1282
1294
1282
1282
1281
1282
1282
1286
1281
1281
1281
1282
1281
1281
1290
1281
1282
1295
1281
1300
1282
1291
1283
1292
1281
1291
1281
1301
1281
1295
1281
1303
1281
1281
1287
1282
1281
1281
1281
1282
1571
1281
1282
1281
1281
1281
1287
1282
1286
1281
1282
1301
1283
1282
1282
1281
1282
1282
1283
1282
1282
1282
1282
1281
1304
1287
1306
1282
1291
1282
1309
1282
1291
1282
1318
1282
1300
1281
1304
1282
1290
1282
1284
1281
1281
1281
1282
1281
1283
1282
1281
1288
1281
1281
1283
1281
1282
1291
1282
1294
1281
1292
1282
1308
1281
1290
1282
1292
1288
1301
1282
1295
1282
1304
1281
1292
1282
1306
1283
1295
1281
1281
1281
1281
1281
1287
1281
1281
1281
1282
1281
1282
1307
1281
1297
1281
1294
1281
1306
1282
1293
1282
1314
1282
1297
1282
1290
1282
1304
1282
1292
1287
1306
1283
1292
1281
1305
1281
1282
1282
1281
1294
1282
1282
1282
1283
1282
1281
1288
1282
1281
1283
1282
1281
1282
1292
1282
1296
1281
1293
1281
1308
1281
1298
1281
1309
1282
1293
1282
1303
1284
1294
1282
1312
1281
1295
1289
1282
1323
1281
1293
1297
1301
1282
1292
1296
1309
1317
1290
1281
1306
1282
1292
1286
1294
1281
1282
1281
1287
1281
1282
1284
1282
1281
1282
1282
1301
1286
1287
1314
1309
1281
1291
1282
1291
1284
1294
1282
1290
1282
1297
1282
1294
1282
1301
1282
1290
1282
1299
1281
1290
1281
1309
1281
1291
1282
1305
1281
1290
1282
1282
1282
1282
1282
1281
1281
1281
1282
1282
1286
1282
1282
1282
1303
1282
1291
1281
1316
1284
1295
1281
1291
1281
1303
1281
1291
1285
1298
1281
1291
1282
1310
1281
1294
1282
1285
1282
1282
1282
1282
1282
1281
1282
1282
1282
1281
1282
1282
1290
1281
1290
1282
1303
1282
1294
1282
1290
1282
1301
1282
1290
1281
1305
1282
1295
1281
1301
1281
1291
1285
1301
1282
1282
1282
1282
1281
1281
1282
1282
1281
1283
1282
1281
1282
1281
1281
1285
1282
1281
1308
1288
1291
1283
1305
1282
1297
1281
1302
1283
1291
1282
1289
1281
1293
1283
1308
1282
1290
1281
1281
1303
1283
1291
1281
1331
1281
1294
1287
1292
1281
1298
1283
1291
1285
1294
1282
1309
1281
1291
1281
1293
1281
1282
1282
1281
1297
1282
1282
1281
1282
1283
1283
1281
1281
1282
1282
1282
1281
1281
1283
1281
1282
1283
1282
1281
1282
1282
1308
1287
1295
1282
1300
1281
1295
1283
1304
1288
1295
1281
1302
1283
1297
1281
1291
1282
1307
1282
1292
1281
1305
1282
1281
1283
1284
1282
1282
1282
1281
1283
1282
1282
1281
1306
1282
1296
1281
1312
1282
1292
1282
1308
1281
1294
1281
1308
1282
1293
1281
1304
1287
1295
1281
1302
1281
1293
1289
1305
1294
1297
1281
1306
1281
1293
1281
1305
1281
1291
1281
1307
1283
1294
1281
1292
1282
1309
1282
1297
1281
1301
1281
1293
1283
1294
1281
1319
1281
1294
1281
1303
1281
1292
1291
1310
1281
1292
1282
1303
1282
1294
1287
1296
1281
1281
1282
1281
1289
1282
1282
1286
1282
1283
1281
1282
1281
1282
1281
1288
1282
1282
1281
1282
1282
1283
1291
1282
1315
1281
1294
1282
1291
1282
1302
1282
1301
1283
1313
1282
1292
1282
1304
1282
1296
1281
1303
1281
1290
1292
1282
1297
1281
1310
1285
1282
1282
1281
1281
1282
1281
1287
1281
1328
1281
1282
1281
1284
1281
1281
1282
1291
1282
1312
1281
1303
1281
1294
1282
1307
1285
1291
1281
1292
1281
1290
1281
1282
1281
1285
1282
1282
1281
1283
1282
1282
1290
1281
1317
1281
1291
1282
1291
1282
1310
1282
1294
1282
1294
1282
1303
1282
1281
1282
1283
1286
1281
1282
1282
1282
1282
1281
1282
1293
1282
1301
1282
1293
1281
1312
1281
1292
1287
1304
1281
1294
1282
1281
1282
1282
1282
1285
1282
1281
1284
1282
1281
1281
1305
1281
1300
1281
1305
1282
1292
1282
1305
1281
1299
1282
1304
1282
1294
1282
1281
1282
1281
1285
1284
1282
1281
1282
1281
1304
1283
1299
1282
1304
1282
1293
1283
1303
1282
1295
1286
1302
1284
1291
1282
1302
1281
1282
1350
1295
1282
1296
1282
1282
1282
1281
1282
1285
1282
1282
1281
1282
1282
1281
1281
1281
1287
1282
1292
1282
1299
1282
1296
1282
1306
1281
1294
1282
1293
1281
1310
1282
1292
1285
1305
1282
1282
1283
1281
1281
1284
1281
1283
1282
1281
1292
1283
1306
1281
1291
1283
1304
1284
1293
1282
1310
1281
1291
1284
1305
1282
1292
1281
1282
1284
1282
1281
1281
1282
1281
1283
1282
1282
1282
1293
1281
1295
1282
1316
1281
1297
1284
1304
1281
1290
1282
1310
1282
1295
1282
1305
1282
1291
1285
1302
1282
1291
1282
1300
1283
1292
1281
1291
1281
1316
1289
1295
1286
1304
1281
1294
1283
1306
1281
1305
1281
1304
1287
1293
1282
1317
1281
1293
1282
1301
1282
1291
1282
1293
1282
1293
1282
1293
1281
1305
1290
1295
1282
1312
1282
1283
1281
1281
1283
1283
1281
1282
1281
1281
1282
1282
1282
1286
1282
1281
1283
1282
1282
1284
1282
1281
1281
1281
1304
1284
1291
1281
1290
1282
1298
1283
1306
1281
1290
1281
1290
1283
1294
1282
1306
1282
1290
1283
1295
1281
1308
1287
1293
1281
1293
1282
1291
1282
1308
1283
1297
1282
1282
1281
1281
1281
1282
1282
1287
1281
1284
1282
1281
1291
1282
1290
1282
1300
1281
1291
1282
1304
1281
1290
1282
1306
1281
1291
1281
1283
1281
1281
1295
1282
1284
1281
1281
1281
1287
1281
1303
1284
1295
1281
1302
1281
1291
1281
1303
1282
1290
1285
1306
1283
1291
1282
1301
1281
1281
1283
1285
1282
1287
1282
1282
1281
1281
1281
1281
1291
1281
1290
1281
1302
1281
1291
1282
1306
1282
1291
1281
1302
1281
1294
1281
1301
1282
1291
1281
1290
1281
1281
1282
1281
1285
1283
1281
1282
1282
1281
1317
1281
1281
1286
1282
1281
1290
1282
1290
1282
1290
1287
1296
1282
1304
1281
1290
1281
1301
1282
1296
1281
1307
1282
1302
1282
1291
1281
1291
1281
1291
1281
1317
1281
1290
1282
1283
1285
1282
1281
1282
1298
1283
1290
1282
1304
1282
1290
1282
1323
1282
1294
1282
1307
1292
1293
1282
1313
1297
1291
1282
1282
1281
1287
1281
1287
1294
1281
1281
1282
1282
1287
1283
1281
1281
1317
1281
1281
1322
1282
1282
1282
1282
1282
1282
1282
1295
1281
1297
1281
1295
1282
1292
1281
1298
1282
1290
1282
1291
1282
1301
1281
1295
1282
1300
1287
1291
1283
1304
1282
1294
1282
1302
1282
1293
1281
1303
1281
1295
1283
