1411
1421
1410
1431
1412
1423
1411
1412
1410
1410
1413
1416
1421
1410
1431
1410
1420
1410
1422
1411
1425
1410
1437
1409
1421
1411
1461
1410
1410
1411
1410
1410
1411
1410
1418
1425
1410
1423
1410
1426
1410
1419
1412
1425
1410
1419
1411
1430
1410
1419
1414
1428
1410
1419
1410
1411
1410
1410
1411
1410
1411
1409
1415
1410
1429
1410
1430
1412
1419
1416
1433
1423
1411
1410
1416
1421
1410
1419
1410
1432
1410
1421
1410
1432
1410
1420
1410
1410
1410
1410
1410
1410
1410
1410
1411
1410
1418
1410
1429
1410
1420
1410
1432
1411
1426
1412
1433
1410
1418
1410
1430
1412
1422
1410
1412
1410
1410
1410
1410
1410
1410
1409
1412
1420
1410
1425
1411
1420
1411
1430
1412
1420
1410
1427
1410
1419
1410
1429
1411
1424
1410
1410
1410
1411
1410
1411
1411
1409
1431
1410
1421
1410
1417
1410
1430
1411
1421
1410
1427
1410
1419
1412
1410
1410
1410
1410
1410
1430
1410
1420
1411
1435
1413
1419
1410
1430
1410
1423
1409
1411
1433
1409
1420
1414
1432
1410
1411
1419
1410
1419
1410
1444
1421
1420
1411
1447
1409
1418
1410
1418
1417
1410
1410
1410
1410
1412
1419
1410
1441
1410
1419
1411
1426
1410
1421
1410
1442
1411
1419
1410
1429
1411
1419
1410
1434
1410
1422
1410
1411
1411
1410
1409
1415
1412
1410
1419
1410
1428
1409
1420
1417
1428
1410
1419
1412
1433
1409
1418
1415
1430
1411
1418
1410
1430
1410
1422
1414
1410
1410
1410
1410
1410
1411
1410
1410
1410
1410
1411
1417
1410
1426
1410
1620
1410
1428
1417
1420
1409
1435
1410
1420
1410
1410
1430
1410
1419
1410
1433
1421
1423
1410
1430
1410
1419
1410
1424
1413
1410
1410
1410
1416
1410
1429
1410
1428
1410
1421
1410
1419
1410
1420
1411
1424
1410
1440
1415
1410
1410
1410
1410
1416
1410
1411
1419
1410
1418
1410
1424
1416
1425
1410
1442
1411
1419
1411
1429
1416
1419
1411
1410
1410
1410
1410
1410
1414
1410
1421
1410
1430
1415
1421
1410
1419
1410
1418
1410
1437
1410
1417
1410
1410
1410
1410
1415
1410
1415
1410
1437
1412
1421
1410
1432
1410
1419
1410
1419
1411
1423
1410
1410
1410
1410
1410
1415
1420
1410
1420
1410
1421
1410
1421
1415
1424
1410
1435
1410
1410
1409
1410
1414
1411
1410
1410
1410
1410
1431
1409
1427
1410
1419
1410
1440
1414
1458
1410
1410
1409
1416
1410
1410
1431
1410
1420
1416
1428
1415
1420
1410
1429
1410
1418
1411
1410
1416
1411
1410
1427
1416
1410
1415
1410
1438
1410
1433
1410
1419
1410
1422
1410
1425
1410
1439
1413
1418
1411
1428
1410
1424
1412
1411
1411
1410
1410
1410
1411
1416
1411
1410
1423
1412
1418
1410
1430
1416
1420
1410
1426
1410
1422
1410
1433
1415
1410
1410
1411
1420
1411
1423
1417
1463
1410
1422
1410
1410
1447
1410
1421
1411
1436
1414
1418
1410
1449
1410
1424
1410
1430
1471
1410
1410
1410
1410
1412
1419
1409
1427
1410
1419
1411
1429
1412
1423
1410
1419
1410
1419
1410
1431
1411
1426
1417
1456
1409
1411
1411
1411
1419
1411
1410
1425
1435
1409
1421
1410
1431
1410
1424
1426
1433
1410
1419
1410
1432
1410
1411
1425
1410
1415
1409
1437
1414
1420
1410
1419
1410
1416
1410
1425
1420
1421
1409
1410
1410
1410
1410
1410
1425
1417
1419
1411
1411
1430
1410
1422
1415
1417
1411
1410
1410
1410
1433
1410
1425
1415
1436
1415
1420
1410
1410
1413
1410
1412
1438
1430
1453
1418
1410
1429
1410
1441
1410
1419
1417
1410
1409
1417
1410
1410
1418
1411
1418
1410
1441
1417
1423
1410
1428
1410
1421
1411
1438
1410
1410
1410
1412
1411
1410
1410
1410
1423
1412
1429
1411
1420
1410
1432
1410
1421
1410
1420
1410
1412
1411
1410
1417
1410
1421
1410
1432
1410
1423
1411
1429
1411
1420
1411
1434
1412
1423
1410
1413
1410
1416
1410
1411
1422
1410
1430
1415
1421
1410
1428
1410
1425
1410
1429
1412
1422
1410
1422
1410
1410
1410
1410
1424
1411
1436
1410
1422
1410
1428
1410
1424
1410
1429
1411
1411
1410
1410
1410
1414
1410
1410
1409
1410
1420
1410
1433
1415
1418
1410
1418
1410
1434
1409
1418
1414
1426
1411
1410
1410
1410
1410
1412
1427
1410
1422
1410
1431
1411
1423
1410
1416
1409
1438
1410
1410
1410
1411
1412
1410
1410
1425
1419
1410
1434
1410
1434
1410
1420
1410
1429
1410
1421
1410
1419
1416
1410
1410
1410
1410
1410
1431
1414
1421
1410
1424
1432
1411
1424
1410
1437
1419
1422
1410
1418
1410
1417
1411
1410
1431
1410
1420
1409
1426
1411
1421
1409
1439
1410
1420
1410
1417
1410
1411
1409
1411
1421
1410
1421
1412
1425
1410
1420
1410
1430
1410
1420
1412
1429
1413
1419
1410
1410
1410
1410
1415
1410
1410
1410
1410
1411
1411
1410
1431
1416
1422
1413
1431
1410
1421
1410
1433
1412
1422
1410
1433
1410
1412
1409
1412
1410
1410
1409
1410
1435
1410
1431
1412
1424
1409
1429
1410
1421
1410
1433
1417
1420
1412
1410
1416
1411
1411
1411
1417
1409
1415
1410
1422
1410
1418
1410
1431
1411
1422
1410
1431
1411
1420
1410
1418
1411
1411
1410
1410
1410
1410
1420
1412
1435
1410
1421
1411
1436
1410
1421
1411
1439
1410
1421
1410
1433
1410
1421
1411
1420
1410
1410
1410
1410
1410
1410
1411
1410
1418
1410
1437
1411
1420
1410
1430
1423
1421
1410
1434
1410
1420
1413
1438
1411
1422
1410
1410
1412
1410
1410
1411
1410
1411
1410
1411
1419
1410
1419
1426
1419
1410
1421
1410
1421
1410
1427
1414
1419
1410
1445
1410
1411
1410
1411
1414
1412
1431
1410
1436
1410
1461
1410
1440
1417
1410
1410
1410
1410
1410
1409
1410
1438
1410
1421
1409
1419
1412
1427
1411
1425
1410
1439
1412
1419
1410
1436
1416
1420
1410
1435
1411
1410
1410
1410
1411
1410
1410
1416
1411
1412
1417
1410
1430
1410
1419
1411
1445
1410
1419
1410
1425
1417
1421
1410
1433
1410
1421
1410
1434
1410
1422
1411
1410
1410
1411
1410
1410
1411
1410
1409
1410
1433
1409
1421
1411
1429
1410
1422
1411
1431
1410
1420
1410
1430
1411
1423
1411
1432
1410
1420
1411
1410
1410
1410
1426
1415
1410
1410
1421
1410
1419
1411
1428
1410
1421
1424
1427
1410
1426
1411
1419
1410
1411
1410
1415
1409
1410
1437
1409
1421
1410
1428
1414
1425
1410
1433
1410
1420
1411
1430
1414
1410
1415
1410
1411
1410
1409
1410
1427
1411
1420
1409
1430
1410
1419
1411
1434
1412
1421
1410
1431
1410
1410
1410
1415
1410
1416
1431
1410
1422
1410
1423
1414
1432
1410
1420
1411
1421
1409
1426
1413
1410
1411
1412
1410
1410
1410
1410
1426
1410
1434
1410
1421
1410
1434
1411
1424
1411
1419
1411
1421
1409
1410
1410
1411
1412
1409
1410
1410
1438
1416
1421
1410
1432
1410
1421
1410
1434
1410
1419
1410
1420
1410
1439
1409
1410
1410
1410
1419
1410
1416
1426
1419
1410
1431
1410
1421
1410
1469
1426
1430
1447
1410
1419
1411
1410
1410
1437
1411
1420
1410
1436
1410
1422
1411
1455
1410
1419
1411
1419
1411
1410
1420
1410
1419
1415
1439
1416
1420
1410
1419
1411
1422
1410
1421
1412
1410
1410
1411
1410
1410
1419
1410
1420
1410
1447
1410
1419
1410
1420
1409
1431
1410
1425
1410
1410
1410
1410
1410
1410
1432
1410
1442
1410
1421
1410
1419
1410
1435
1410
1422
1410
1426
1410
1411
1410
1410
1410
1410
1410
1410
1421
1411
1435
1410
1420
1411
1429
1410
1421
1410
1434
1410
1421
1410
1410
1410
1410
1424
1410
1420
1410
1432
1410
1424
1410
1436
1411
1410
1410
1410
1410
1409
1410
1411
1422
1410
1432
1410
1420
1411
1429
1412
1420
1410
1429
1410
1419
1410
1430
1414
