1539
1558
1539
1564
1556
1550
1545
1540
1547
1541
1562
1539
1552
1545
1576
1559
1538
1548
1538
1559
1538
1539
1538
1538
1552
1539
1561
1544
1557
1539
1539
1552
1538
1551
1539
1550
1538
1568
1539
1539
1552
1538
1560
1545
1551
1541
1562
1538
1539
1538
1540
1549
1538
1559
1539
1552
1538
1539
1545
1539
1549
1541
1565
1539
1548
1539
1540
1539
1539
1550
1539
1561
1539
1567
1538
1551
1539
1539
1549
1539
1564
1539
1549
1538
1559
1539
1539
1540
1545
1562
1540
1551
1541
1559
1539
1548
1543
1539
1552
1539
1547
1539
1557
1546
1549
1539
1538
1539
1541
1562
1538
1554
1539
1563
1539
1539
1539
1539
1551
1558
1550
1552
1550
1567
1539
1548
1539
1550
1539
1551
1542
1538
1550
1549
1552
1538
1550
1538
1538
1540
1541
1549
1538
1562
1544
1566
1539
1538
1558
1539
1550
1539
1564
1539
1538
1540
1539
1544
1539
1564
1554
1550
1539
1540
1539
1539
1548
1539
1548
1539
1571
1539
1539
1546
1538
1564
1539
1555
1539
1556
1539
1557
1539
1553
1552
1538
1560
1539
1548
1540
1550
1538
1538
1541
1545
1577
1538
1549
1546
1548
1539
1539
1539
1540
1547
1539
1562
1539
1547
1539
1539
1539
1539
1547
1541
1547
1538
1553
1538
1560
1539
1550
1539
1539
1555
1539
1565
1538
1548
1538
1562
1538
1553
1539
1539
1549
1539
1556
1539
1551
1539
1548
1539
1553
1538
1538
1539
1539
1550
1539
1562
1541
1561
1539
1539
1541
1540
1548
1539
1562
1539
1550
1541
1551
1538
1538
1545
1540
1550
1538
1566
1539
1550
1539
1539
1545
1539
1566
1539
1545
1544
1539
1548
1538
1548
1540
1551
1554
1539
1555
1543
1546
1545
1548
1540
1548
1538
1539
1549
1539
1553
1538
1544
1540
1539
1594
1539
1554
1540
1548
1539
1557
1539
1540
1539
1539
1547
1539
1551
1540
1557
1538
1556
1539
1540
1538
1539
1547
1538
1551
1543
1556
1538
1548
1539
1538
1539
1544
1550
1538
1570
1538
1548
1539
1539
1546
1538
1546
1539
1571
1540
1563
1539
1549
1538
1539
1558
1538
1548
1539
1562
1540
1546
1539
1539
1564
1540
1547
1538
1557
1539
1547
1538
1538
1539
1545
1547
1539
1557
1538
1558
1539
1561
1543
1539
1539
1538
1551
1538
1557
1544
1548
1538
1568
1538
1539
1546
1538
1553
1539
1558
1538
1548
1539
1538
1541
1538
1547
1539
1547
1538
1564
1549
1539
1548
1538
1555
1539
1560
1538
1539
1552
1538
1548
1539
1549
1538
1561
1539
1538
1539
1538
1551
1542
1555
1538
1549
1539
1563
1538
1539
1539
1539
1552
1539
1559
1538
1552
1544
1569
1541
1538
1557
1540
1553
1539
1548
1538
1539
1549
1538
1551
1538
1559
1539
1550
1539
1539
1538
1545
1559
1538
1549
1538
1558
1538
1539
1539
1543
1550
1538
1557
1538
1555
1538
1557
1543
1538
1558
1540
1552
1538
1539
1542
1539
1550
1593
1561
1539
1549
1540
1539
1539
1538
1563
1540
1549
1539
1561
1539
1549
1539
1538
1547
1539
1557
1545
1549
1539
1556
1539
1540
1539
1542
1548
1539
1561
1539
1548
1538
1555
1542
1540
1538
1538
1547
1538
1557
1539
1548
1539
1550
1546
1555
1549
1545
1563
1540
1551
1540
1538
1547
1539
1562
1538
1552
1542
1539
1538
1539
1556
1542
1551
1541
1558
1538
1548
1538
1545
1552
1538
1558
1539
1548
1540
1556
1544
1539
1539
1541
1538
1550
1539
1565
1555
1544
1549
1538
1548
1538
1549
1547
1539
1556
1539
1551
1538
1553
1538
1538
1539
1539
1548
1539
1562
1539
1552
1539
1566
1539
1539
1560
1539
1549
1540
1560
1538
1550
1539
1539
1547
1544
1560
1538
1548
1539
1558
1540
1539
1547
1551
1552
1545
1545
1539
1539
1550
1538
1583
1539
1550
1543
1540
1554
1538
1548
1539
1560
1539
1539
1555
1539
1549
1539
1574
1538
1539
1539
1543
1554
1539
1549
1538
1564
1538
1549
1539
1539
1546
1539
1550
1538
1551
1543
1539
1559
1538
1554
1539
1551
1538
1549
1540
1555
1540
1538
1546
1539
1554
1540
1557
1539
1539
1539
1539
1547
1538
1565
1538
1548
1540
1538
1539
1545
1544
1540
1564
1539
1547
1538
1540
1538
1539
1555
1538
1550
1539
1548
1544
1539
1539
1539
1553
1539
1550
1539
1557
1539
1538
1538
1539
1555
1539
1561
1539
1555
1539
1539
1538
1539
1558
1539
1543
1539
1547
1538
1539
1548
1547
1555
1539
1572
1540
1538
1538
1541
1549
1540
1550
1539
1550
1543
1540
1554
1539
1556
1538
1549
1538
1558
1543
1539
1557
1539
1547
1539
1563
1549
1539
1538
1538
1553
1579
1550
1561
1540
1545
1548
1539
1552
1538
1560
1539
1538
1552
1539
1551
1539
1564
1540
1550
1539
1541
1557
1538
1548
1539
1562
1539
1549
1539
1538
1548
1549
1558
1539
1549
1539
1562
1538
1539
1545
1538
1551
1538
1560
1538
1538
1552
1538
1549
1539
1561
1541
1549
1541
1539
1539
1541
1552
1539
1558
1539
1554
1540
1539
1539
1539
1560
1541
1548
1539
1558
1539
1554
1538
1538
1538
1544
1549
1539
1552
1539
1557
1539
1539
1548
1538
1547
1538
1548
1538
1551
1549
1539
1565
1539
1549
1543
1539
1544
1538
1547
1539
1576
1539
1549
1538
1539
1547
1539
1582
1538
1549
1538
1544
1539
1538
1551
1538
1552
1539
1558
1538
1539
1553
1540
1548
1539
1561
1544
1550
1539
1538
1539
1539
1561
1540
1550
1538
1559
1540
1538
1538
1539
1554
1538
1562
1539
1549
1539
1554
1540
1538
1562
1538
1548
1539
1559
1539
1554
1539
1539
1554
1539
1549
1538
1558
1539
1553
1538
1539
1539
1541
1549
1544
1563
1539
1549
1539
1561
1539
1539
1544
1541
1559
1539
1549
1539
1547
1539
1538
1539
1539
1546
1539
1548
1539
1570
1539
1548
1538
1539
1548
1539
1561
1539
1562
1539
1563
1541
1539
1549
1548
1551
1546
1560
1539
1538
1538
1541
1547
1538
1559
1554
1547
1538
1538
1541
1539
1561
1555
1550
1539
1558
1539
1541
1539
1539
1564
1538
1562
1538
1555
1539
1549
1539
1539
1551
1539
1560
1539
1550
1538
1570
1539
1538
1538
1550
1562
1538
1549
1538
1576
1539
1539
1558
1539
1550
1553
1558
1539
1549
1545
1538
1565
1538
1553
1540
1562
1538
1550
1539
1540
1554
1538
1547
1538
1565
1538
1549
1538
1579
1538
1540
1539
1545
1549
1539
1580
1539
1549
1539
1558
1538
1538
1538
1563
1549
1539
1559
1544
1550
1538
1560
1540
1538
1547
1538
1561
1541
1578
1539
1560
1544
1538
1560
1538
1548
1539
1558
1538
1539
1568
1538
1548
1545
1573
1539
1556
1539
1544
1567
1539
1548
1539
1563
1539
1549
1539
1539
1539
1539
1568
1538
1550
1545
1558
1538
1538
1539
1538
1552
1539
1549
1538
1550
1540
1539
1539
1538
1555
1539
1557
1539
1552
1539
1538
1538
1539
1550
1539
1560
1541
1549
1539
1545
1539
1540
1561
1538
1548
1538
1548
1538
1539
1538
1539
1547
1539
1552
1542
1549
1545
1539
1556
1539
1560
1542
1559
1538
1538
1539
1539
1562
1539
1553
1538
1559
1540
1539
1538
1538
1552
1540
1553
1538
1558
1539
1539
1541
1542
1553
1539
1563
1540
1552
1538
1543
1539
1540
1562
1539
1546
1539
1560
1546
1539
1539
1538
1554
1539
1546
1549
1551
1539
1540
1554
1538
1550
1539
1566
1539
1549
1540
1539
1540
1539
1564
1539
1551
1540
1548
1539
1538
1538
1544
1557
1539
1548
1538
1570
1539
1549
1539
1538
1546
1539
1568
1539
1558
1541
1552
1539
1539
1539
1539
1563
1539
1561
1539
1548
1538
1563
1539
1539
1540
1539
1549
1539
1560
1539
1548
1539
1562
1539
1541
1539
1539
1549
1539
1560
1544
1550
1538
1545
1539
1539
1559
1548
1546
1539
1548
1539
1548
1545
1539
1546
1538
1547
1539
1548
1539
1555
1541
1539
1546
1542
1549
1547
1560
1542
1539
1558
1538
1564
1539
