1667
1676
1667
1714
1678
1674
1683
1708
1677
1667
1697
1679
1667
1680
1667
1667
1697
1667
1678
1667
1667
1678
1667
1690
1667
1676
1667
1668
1684
1667
1677
1668
1667
1692
1667
1676
1667
1667
1678
1667
1677
1669
1669
1674
1667
1677
1667
1667
1676
1667
1683
1668
1675
1667
1667
1692
1667
1676
1667
1668
1675
1667
1681
1667
1667
1675
1690
1684
1668
1678
1680
1667
1685
1668
1674
1669
1671
1673
1667
1690
1667
1668
1673
1671
1685
1668
1675
1667
1667
1694
1671
1674
1668
1668
1683
1668
1678
1671
1683
1668
1668
1681
1667
1676
1677
1667
1682
1667
1676
1667
1668
1674
1667
1689
1669
1667
1675
1668
1677
1682
1667
1675
1667
1675
1667
1683
1687
1667
1678
1668
1687
1667
1668
1694
1668
1677
1668
1667
1676
1667
1688
1667
1667
1683
1667
1677
1667
1676
1684
1667
1677
1667
1685
1689
1668
1683
1678
1668
1705
1667
1682
1667
1667
1682
1668
1691
1667
1668
1676
1667
1677
1667
1668
1680
1668
1677
1667
1686
1667
1692
1667
1684
1672
1701
1691
1668
1676
1667
1668
1674
1672
1680
1667
1667
1680
1667
1676
1668
1667
1681
1668
1681
1667
1689
1667
1667
1677
1667
1691
1667
1667
1673
1667
1688
1668
1668
1686
1667
1676
1667
1667
1675
1667
1679
1667
1676
1668
1671
1677
1667
1685
1668
1667
1693
1671
1683
1667
1668
1685
1667
1679
1671
1687
1668
1668
1685
1667
1676
1672
1667
1674
1667
1674
1668
1668
1691
1667
1678
1668
1686
1667
1667
1700
1667
1675
1667
1668
1677
1667
1723
1667
1667
1681
1667
1682
1667
1672
1683
1676
1684
1667
1672
1688
1675
1682
1669
1668
1676
1667
1683
1670
1667
1674
1668
1678
1668
1674
1671
1667
1672
1667
1689
1667
1668
1690
1667
1676
1668
1692
1667
1667
1689
1668
1673
1685
1667
1676
1667
1683
1667
1667
1674
1667
1684
1667
1667
1691
1667
1680
1667
1686
1668
1669
1679
1667
1676
1667
1667
1676
1667
1673
1667
1669
1674
1667
1688
1672
1669
1684
1667
1679
1667
1691
1668
1667
1675
1668
1691
1667
1668
1673
1671
1679
1667
1668
1667
1667
1686
1671
1675
1667
1667
1690
1667
1674
1671
1686
1669
1667
1691
1667
1675
1672
1667
1680
1667
1674
1669
1688
1668
1667
1671
1668
1675
1668
1683
1687
1668
1676
1668
1667
1682
1668
1678
1668
1688
1675
1687
1667
1678
1672
1700
1677
1674
1681
1667
1667
1683
1668
1676
1669
1677
1667
1667
1682
1667
1678
1667
1667
1683
1669
1682
1667
1668
1675
1667
1685
1668
1676
1668
1668
1683
1667
1686
1667
1669
1680
1666
1677
1667
1669
1677
1667
1680
1667
1672
1679
1667
1676
1667
1678
1672
1667
1680
1667
1678
1667
1667
1682
1668
1680
1667
1667
1684
1668
1676
1667
1668
1678
1668
1676
1672
1689
1667
1667
1683
1668
1680
1674
1695
1669
1667
1675
1667
1675
1673
1667
1676
1667
1686
1667
1676
1673
1681
1692
1667
1678
1667
1668
1677
1667
1691
1667
1679
1667
1667
1678
1668
1677
1668
1672
1679
1667
1683
1673
1667
1674
1667
1680
1684
1667
1677
1667
1676
1667
1667
1689
1667
1673
1667
1668
1675
1667
1690
1667
1667
1681
1667
1677
1667
1691
1676
1668
1685
1667
1677
1667
1667
1686
1667
1680
1667
1668
1690
1667
1687
1669
1668
1677
1667
1688
1667
1667
1688
1667
1677
1668
1689
1668
1667
1667
1667
1683
1667
1698
1674
1668
1676
1667
1676
1671
1667
1676
1667
1686
1669
1667
1674
1667
1681
1668
1678
1676
1667
1672
1668
1689
1667
1667
1690
1669
1675
1667
1667
1673
1667
1676
1667
1667
1681
1668
1676
1667
1668
1683
1667
1680
1667
1667
1675
1667
1686
1668
1675
1668
1667
1672
1668
1675
1668
1667
1673
1667
1677
1672
1668
1676
1668
1686
1669
1675
1673
1674
1690
1674
1668
1686
1667
1679
1668
1714
1668
1667
1676
1668
1688
1667
1669
1680
1667
1675
1667
1668
1672
1667
1688
1667
1667
1677
1667
1679
1667
1667
1693
1667
1677
1667
1668
1675
1667
1679
1667
1690
1670
1672
1712
1667
1687
1677
1667
1696
1667
1677
1668
1667
1676
1667
1691
1669
1667
1687
1668
1676
1667
1694
1677
1668
1690
1668
1677
1667
1670
1688
1667
1680
1667
1676
1668
1677
1677
1667
1677
1667
1668
1673
1670
1676
1667
1682
1690
1667
1676
1670
1667
1696
1667
1697
1668
1667
1688
1667
1693
1667
1668
1690
1668
1680
1667
1677
1667
1667
1681
1667
1695
1667
1668
1677
1667
1695
1667
1670
1689
1668
1678
1667
1667
1677
1686
1667
1668
1680
1680
1677
1667
1680
1677
1667
1688
1667
1669
1676
1667
1686
1668
1675
1669
1667
1677
1668
1688
1670
1667
1681
1667
1678
1669
1686
1669
1667
1673
1669
1684
1667
1667
1687
1669
1676
1667
1688
1667
1669
1677
1667
1687
1667
1669
1685
1667
1681
1668
1688
1668
1668
1680
1667
1678
1672
1667
1676
1667
1678
1668
1685
1667
1667
1687
1667
1676
1667
1668
1679
1667
1691
1667
1667
1689
1668
1682
1668
1685
1668
1667
1673
1668
1681
1667
1669
1675
1668
1685
1668
1701
1667
1667
1690
1667
1676
1667
1672
1675
1667
1688
1667
1675
1667
1667
1677
1667
1683
1667
1667
1682
1667
1676
1669
1679
1668
1668
1673
1668
1690
1667
1667
1678
1667
1688
1667
1679
1668
1669
1687
1668
1677
1667
1671
1693
1668
1681
1667
1688
1667
1671
1695
1667
1680
1668
1667
1678
1671
1686
1667
1667
1683
1667
1677
1671
1696
1667
1668
1684
1667
1678
1670
1667
1679
1667
1686
1667
1676
1669
1667
1680
1669
1686
1668
1667
1681
1669
1681
1669
1687
1667
1667
1675
1672
1688
1667
1667
1675
1668
1675
1671
1667
1675
1669
1722
1668
1667
1694
1667
1700
1667
1692
1688
1667
1683
1667
1668
1691
1667
1679
1667
1683
1667
1669
1689
1667
1676
1670
1671
1677
1667
1686
1669
1667
1677
1671
1687
1670
1667
1685
1668
1678
1674
1688
1667
1667
1682
1669
1678
1671
1667
1676
1669
1686
1667
1678
1672
1670
1676
1668
1685
1668
1667
1687
1667
1677
1667
1669
1678
1667
1687
1668
1668
1692
1668
1678
1668
1680
1685
1667
1678
1668
1682
1667
1690
1701
1669
1667
1677
1668
1679
1671
1686
1667
1668
1678
1669
1689
1669
1674
1690
1669
1680
1667
1667
1691
1669
1677
1670
1680
1668
1669
1676
1667
1695
1667
1668
1675
1668
1689
1669
1670
1687
1668
1676
1667
1676
1677
1667
1688
1708
1700
1680
1773
1677
1696
1667
1676
1667
1680
1685
1667
1686
1667
1676
1668
1667
1680
1668
1690
1668
1667
1675
1668
1679
1667
1683
1667
1667
1680
1667
1691
1667
1667
1676
1668
1691
1667
1668
1690
1667
1678
1667
1668
1676
1667
1693
1668
1668
1686
1667
1675
1667
1679
1696
1667
1679
1667
1685
1669
1669
1689
1669
1678
1668
1667
1678
1667
1683
1667
1667
1688
1667
1682
1681
1667
1676
1667
1688
1666
1674
1676
1667
1685
1668
1667
1688
1667
1681
1667
1679
1678
1673
1680
1675
1667
1675
1668
1704
1667
1667
1678
1667
1676
1673
1694
1667
1667
1688
1667
1677
1668
1669
1679
1667
1685
1667
1672
1683
1668
1677
1667
1675
1685
1667
1677
1667
1678
1668
1667
1677
1667
1681
1706
1668
1680
1671
1667
1676
1667
1675
1667
1668
1691
1667
1694
1669
1667
1683
1667
1686
1668
1695
1668
1668
1743
1668
1685
1667
1667
1677
1667
1691
1667
1670
1687
1667
1680
1667
1667
1676
1668
1679
1667
1667
1689
1668
1677
1667
1679
1667
1667
1684
1667
1734
1669
1667
1677
1673
1679
1670
1667
1709
1667
1679
1672
1667
1673
1666
1682
1667
1667
1689
1668
1677
1674
1668
1673
1667
1693
1668
1678
1667
1667
1673
1670
1680
1683
1667
1678
1667
1673
1667
1667
1676
1667
1680
1668
1667
1680
1667
1676
1667
1667
1675
1667
