1796
1805
1797
1798
1825
1796
1798
1815
1798
1808
1796
1796
1805
1796
1796
1816
1796
1813
1796
1796
1805
1795
1799
1805
1796
1812
1809
1796
1809
1796
1796
1804
1796
1819
1807
1797
1815
1796
1796
1808
1796
1805
1796
1796
1806
1797
1796
1805
1796
1805
1795
1796
1808
1796
1796
1806
1796
1820
1796
1796
1814
1796
1808
1815
1796
1809
1796
1796
1818
1796
1796
1817
1796
1807
1796
1797
1818
1797
1795
1813
1795
1807
1796
1796
1808
1796
1796
1805
1796
1814
1796
1796
1813
1796
1796
1815
1796
1810
1815
1795
1806
1797
1797
1809
1795
1815
1805
1795
1813
1796
1796
1814
1795
1818
1807
1797
1805
1796
1796
1814
1796
1806
1806
1795
1810
1796
1796
1803
1797
1795
1804
1796
1814
1797
1796
1822
1796
1796
1812
1796
1807
1796
1800
1806
1796
1795
1803
1798
1813
1795
1797
1802
1798
1812
1802
1800
1819
1796
1796
1811
1796
1806
1799
1796
1807
1795
1797
1804
1796
1807
1798
1796
1804
1796
1812
1817
1796
1815
1806
1796
1824
1796
1799
1840
1796
1805
1806
1796
1812
1807
1796
1856
1796
1808
1802
1795
1809
1797
1796
1803
1796
1806
1800
1796
1816
1796
1797
1814
1795
1820
1796
1797
1803
1795
1813
1805
1801
1811
1795
1796
1802
1797
1812
1811
1796
1814
1795
1795
1801
1802
1806
1818
1795
1803
1796
1796
1808
1796
1807
1824
1796
1803
1796
1796
1804
1796
1815
1796
1798
1852
1796
1796
1841
1798
1796
1802
1796
1816
1828
1796
1813
1796
1802
1815
1797
1805
1812
1798
1804
1802
1796
1803
1796
1812
1796
1796
1816
1796
1796
1810
1795
1807
1796
1796
1806
1796
1806
1805
1795
1820
1798
1795
1815
1796
1796
1817
1801
1806
1796
1798
1806
1796
1821
1805
1797
1813
1796
1795
1807
1802
1818
1806
1796
1812
1796
1796
1821
1796
1807
1796
1796
1809
1796
1832
1796
1817
1821
1796
1796
1811
1795
1806
1803
1795
1820
1796
1802
1814
1796
1805
1796
1796
1806
1801
1796
1803
1798
1809
1796
1796
1814
1797
1806
1815
1796
1804
1803
1796
1817
1796
1810
1796
1796
1810
1796
1807
1820
1916
1807
1797
1800
1807
1796
1822
1804
1795
1806
1796
1796
1811
1796
1814
1796
1801
1818
1796
1796
1812
1796
1807
1801
1796
1808
1798
1813
1804
1796
1810
1798
1796
1806
1796
1814
1798
1795
1821
1796
1815
1796
1797
1821
1810
1796
1854
1798
1799
1826
1807
1827
1815
1796
1810
1795
1798
1806
1796
1818
1808
1800
1829
1796
1795
1804
1800
1817
1805
1796
1814
1796
1795
1815
1796
1809
1814
1796
1805
1801
1796
1808
1796
1812
1805
1795
1820
1796
1796
1810
1795
1805
1796
1801
1811
1795
1796
1805
1797
1820
1795
1796
1813
1796
1796
1812
1802
1810
1796
1796
1805
1796
1814
1810
1796
1812
1796
1796
1812
1796
1807
1796
1796
1815
1796
1805
1833
1796
1804
1796
1796
1806
1796
1817
1796
1796
1817
1795
1795
1812
1801
1805
1795
1796
1814
1798
1802
1813
1796
1805
1797
1796
1808
1802
1815
1805
1795
1810
1796
1798
1821
1801
1807
1814
1795
1809
1801
1796
1806
1796
1796
1807
1796
1819
1796
1795
1814
1795
1796
1813
1797
1807
1796
1795
1809
1795
1820
1806
1796
1814
1795
1796
1815
1801
1807
1815
1796
1808
1796
1795
1819
1795
1807
1816
1796
1805
1796
1796
1805
1796
1816
1795
1795
1798
1816
1821
1796
1818
1810
1840
1814
1796
1798
1808
1796
1818
1820
1796
1805
1795
1796
1810
1796
1821
1806
1798
1820
1796
1796
1817
1801
1807
1796
1795
1806
1796
1802
1805
1796
1816
1796
1796
1816
1802
1797
1817
1796
1806
1796
1795
1805
1796
1796
1802
1796
1810
1796
1796
1809
1796
1805
1815
1796
1809
1796
1796
1803
1796
1823
1803
1800
1819
1797
1795
1809
1796
1805
1815
1796
1808
1795
1795
1804
1799
1837
1820
1810
1842
1805
1796
1814
1795
1811
1807
1796
1822
1810
1795
1824
1796
1796
1818
1796
1809
1820
1796
1806
1796
1796
1805
1796
1819
1806
1796
1815
1795
1799
1823
1797
1807
1796
1796
1815
1801
1817
1817
1796
1805
1797
1795
1813
1796
1814
1804
1796
1812
1796
1797
1804
1796
1805
1795
1796
1821
1796
1796
1814
1796
1806
1795
1800
1808
1795
1805
1796
1796
1818
1799
1796
1817
1796
1806
1796
1796
1806
1797
1806
1809
1796
1805
1811
1795
1821
1795
1796
1804
1796
1819
1795
1813
1804
1796
1795
1803
1796
1821
1795
1796
1808
1796
1802
1805
1812
1843
1796
1796
1806
1808
1797
1808
1803
1796
1796
1811
1810
1801
1804
1796
1837
1816
1796
1810
1810
1796
1805
1829
1832
1805
1796
1824
1796
1796
1812
1795
1813
1802
1797
1819
1812
1796
1805
1797
1811
1796
1796
1825
1796
1817
1805
1796
1820
1796
1811
1816
1796
1814
1817
1796
1809
1795
1800
1807
1801
1796
1817
1811
1809
1795
1796
1835
1796
1846
1811
1803
1807
1812
1796
1823
1840
1796
1808
1796
1796
1809
1800
1810
1805
1801
1814
1795
1796
1807
1796
1809
1808
1800
1824
1795
1796
1810
1796
1806
1800
1796
1809
1797
1814
1796
1795
1807
1796
1796
1807
1796
1814
1801
1796
1816
1797
1808
1807
1796
1825
1796
1796
1815
1796
1807
1796
1806
1824
1796
1796
1806
1796
1819
1796
1795
1809
1796
1810
1822
1801
1812
1796
1796
1811
1796
1811
1800
1796
1807
1797
1818
1815
1796
1823
1796
1796
1805
1796
1813
1796
1796
1808
1795
1806
1817
1796
1816
1795
1796
1820
1796
1808
1796
1802
1809
1796
1796
1809
1798
1820
1801
1796
1816
1798
1809
1817
1817
1811
1797
1796
1808
1796
1819
1811
1796
1810
1797
1798
1819
1796
1810
1796
1796
1816
1796
1811
1798
1799
1809
1796
1796
1813
1796
1816
1795
1796
1824
1796
1810
1817
1800
1808
1796
1796
1809
1797
1824
1800
1796
1813
1796
1813
1796
1796
1811
1796
1815
1809
1796
1817
1796
1796
1813
1796
1811
1795
1796
1808
1796
1815
1808
1796
1806
1796
1800
1807
1796
1815
1797
1822
1818
1799
1796
1819
1796
1805
1796
1796
1806
1796
2164
1805
1806
1814
1800
1796
1818
1799
1796
1805
1796
1820
1804
1801
1806
1796
1798
1804
1796
1820
1803
1795
1806
1796
1801
1804
1801
1796
1803
1796
1808
1799
1801
1801
1796
1812
1804
1797
1807
1797
1802
1817
1796
1807
1803
1795
1804
1796
1824
1805
1796
1811
1796
1796
1812
1796
1815
1795
1800
1819
1795
1796
1812
1796
1817
1814
1796
1808
1796
1796
1805
1801
1816
1795
1796
1813
1796
1808
1822
1795
1809
1797
1796
1813
1796
1808
1798
1795
1805
1796
1817
1811
1796
1809
1796
1847
1816
1795
1821
1809
1798
1805
1795
1796
1805
1802
1806
1810
1796
1804
1796
1796
1805
1795
1815
1796
1796
1803
1821
1815
1810
1796
1804
1796
1796
1806
1796
1809
1813
1796
1805
1796
1819
1809
1795
1811
1796
1795
1806
1796
1818
1796
1796
1807
1796
1820
1809
1797
1817
1796
1796
1803
1801
1816
1795
1796
1805
1796
1806
1819
1796
1807
1796
1796
1805
1796
1809
1796
1796
1816
1795
1808
1820
1795
1805
1796
1797
1804
1796
1818
1798
1796
1803
1796
1805
1798
1798
1806
1796
1796
1806
1805
1824
1796
1795
1814
1795
1806
1816
1798
1806
1796
1795
1810
1797
1796
1815
1796
1818
1825
1797
1821
1796
1796
1804
1796
1823
1805
1796
1826
1796
1795
1806
1796
1796
1805
1803
1808
1795
1796
1806
1798
1812
1803
1795
1816
1798
1796
1812
1802
1806
1812
1796
1808
1796
1797
1824
1796
1808
1796
1798
1805
1796
1822
1805
1796
1823
1795
1796
1817
1795
1808
1815
1796
1808
1796
1802
1806
1848
1822
1805
1796
1813
1804
1796
1817
1795
1807
1798
1796
1806
1796
1796
1815
1796
1807
1802
1796
1801
1811
1796
1812
1798
1809
1803
1796
1828
