1932
1937
1946
1943
1924
1960
1924
1924
1944
1930
1928
1938
1929
1929
1931
1928
1924
1938
1924
1925
1949
1928
1926
1940
1924
1924
1937
1925
1924
1950
1924
1934
1933
1924
1946
1941
1924
1936
1933
1924
1937
1925
1925
1933
1926
1924
1933
1926
1925
1933
1924
1925
1945
1930
1925
1943
1924
1936
1942
1928
1937
1939
1927
1949
1935
1941
1935
1933
1924
1933
1936
1929
1944
1945
1925
1934
1958
1924
1939
1932
1924
1945
1940
1925
1944
1924
1924
1935
1930
1924
1933
1928
1924
1931
1924
1925
1934
1928
1924
1938
1924
1939
1938
1925
1935
1944
1926
1989
1936
1925
1939
1933
1924
1941
1933
1924
1941
1935
1924
1941
1934
1924
1943
1942
1924
1934
1932
1925
1943
1928
1925
1941
1924
1925
1931
1929
1925
1944
1925
1932
1940
1924
1934
1943
1924
1937
1932
1924
1937
1933
1929
1950
1936
1924
1948
1933
1925
1953
1924
1925
1933
1925
1925
1945
1925
1925
1948
1928
1925
1948
1924
1933
1941
1928
1934
1934
1924
1943
1932
1937
1943
1924
1944
1961
1925
1924
1933
1929
1929
1937
1957
1925
1940
1924
1927
1934
1924
1941
1932
1924
1947
1940
1925
1946
1931
1924
1933
1940
1925
1936
1926
1924
1945
1925
1924
1929
1924
1925
1933
1926
1975
1935
1940
1926
1937
1925
1931
1932
1945
1924
1938
1925
1936
1935
1925
1925
1942
1924
1924
1939
1924
1924
1946
1924
1925
1941
1924
1935
1934
1925
1943
1938
1925
1940
1924
1925
1942
1924
1935
1940
1924
1924
1939
1925
1938
1943
1925
1932
1939
1924
1933
1931
1924
1936
1924
1924
1934
1928
1924
1945
1925
1925
1948
1928
1924
1947
1925
1936
1941
1925
1939
1944
1924
1936
1932
1924
1947
1924
1924
1934
1924
1924
1935
1925
1925
1946
1925
1924
1933
1929
1950
1933
1925
1946
1932
1928
1951
1934
1924
1941
1924
1924
1948
1925
1925
1943
1925
1925
1950
1924
1935
1942
1925
1935
1950
1924
1935
1924
1925
1935
1924
1927
1935
1948
1925
1933
1925
1944
1937
1924
1942
1934
1925
1946
1938
1925
1942
1933
1924
1942
1932
1925
1940
1924
1924
1943
1924
1935
1948
1925
1935
1943
1924
1937
1933
1924
1937
1925
1924
1943
1925
1924
1946
1930
1924
1934
1930
1924
1933
1924
1941
1935
1930
1942
1942
1925
1944
1926
1924
1948
1925
1926
1942
1925
1936
1939
1925
1952
1924
1940
1946
1930
1925
1942
1942
1925
1952
1924
1924
1944
1924
1924
1938
1924
1925
1933
1928
1924
1935
1925
1945
1933
1928
1942
1936
1925
1964
1946
1931
1938
1944
1940
1936
1945
1926
1936
1945
1927
1935
1924
1924
1945
1925
1925
1941
1925
1925
1943
1927
1938
1939
1924
1934
1941
1928
1938
1925
1924
1943
1925
1924
1946
1924
1940
1942
1926
1925
1947
1924
1926
1940
1924
1924
1944
1926
1934
1938
1925
1934
1941
1927
1935
1939
1926
1934
1925
1928
1936
1924
1924
1933
1924
1926
1934
1924
1925
1943
1925
1939
1946
1926
1934
1944
1924
1937
1930
1925
1933
1924
1926
1944
1924
1928
1933
1926
1940
1935
1924
1943
1933
1924
1940
1924
1926
1941
1924
1924
1942
1924
1925
1940
1929
1935
1938
1924
1936
1941
1926
1935
1940
1926
1937
1939
1924
1937
1931
1924
1945
1924
1924
1945
1925
1924
1943
1926
1933
1940
1925
1934
1944
1924
1934
1940
1929
1935
1942
1924
1934
1925
1928
1924
1946
1940
1935
1924
1993
1924
1924
1942
1930
1924
1938
1924
1924
1949
1924
1935
1944
1925
1935
1943
1924
1942
1945
1925
1937
1951
1925
1940
1945
1924
1937
1925
1926
1936
1926
1924
1938
1924
1925
1942
1929
1924
1943
1924
1925
1945
1929
1924
1942
1925
1935
1943
1924
1947
1934
1924
1944
1935
1925
1950
1935
1925
1943
1925
1924
1946
1924
1925
1934
1924
1925
1946
1930
1925
1941
1925
1936
1949
1929
1965
1948
1932
1925
1946
1928
1937
1954
1925
1926
1937
1925
1956
1938
1924
1924
1943
1924
1934
1937
1958
1924
1933
1926
1958
1941
1941
1935
1958
1925
1934
1931
1926
1935
1932
1924
1935
1931
1925
1933
1924
1926
1941
1930
1925
1939
1924
1925
1946
1924
1926
1934
1924
1933
1947
1925
1941
1943
1925
1935
1924
1924
1937
1926
1925
1943
1925
1924
1946
1930
1925
1944
1926
1925
1940
1931
1934
1941
1926
1924
1942
1933
1935
1939
1924
1937
1941
1925
1941
1924
1925
1937
1925
1924
1940
1924
1925
1936
1925
1941
1933
1930
1941
1936
1925
1933
1924
1930
1933
1925
1925
1933
1924
1925
1935
1924
1925
1924
1925
1935
1927
1931
2017
1924
1924
1934
1924
1925
1945
1925
1927
1934
1928
1935
1935
1941
1953
1937
1942
1953
1933
1940
1934
1949
1924
1940
1924
1924
1964
1924
1924
1942
1924
1924
1934
1925
1925
1941
1924
1945
1934
1925
1947
1938
1931
1935
1930
1924
1936
1946
1936
1937
1945
1924
1937
1925
1925
1937
1925
1925
1935
1924
1925
1941
1924
1925
1934
1925
1945
1940
1924
1941
1935
1931
1937
1925
1928
1936
1924
1925
1945
1926
1932
1945
1925
1926
1946
1982
1927
1944
1926
1934
1936
1924
1943
1939
1925
1971
1939
1932
1947
1938
1925
1944
1951
1924
1933
1944
1924
1935
1924
1925
1934
1925
1925
1934
1925
1925
1934
1924
1927
1948
1925
1925
1941
1925
1935
1948
1930
1938
1935
1924
1933
1940
1931
1942
1932
1924
1935
1927
1924
1934
1925
1924
1942
1924
1925
1935
1925
1931
1941
1925
1927
1933
1924
1924
1937
1924
1933
1934
1926
1942
1932
1924
1943
1944
1924
1940
1925
1926
1945
1928
1924
1933
1927
1924
1944
1926
1938
1943
1924
1936
1949
1926
1938
1941
1925
1937
1924
1925
1946
1950
1924
1933
1924
1924
1937
1925
1925
1931
1925
1925
1937
1927
1937
1943
1924
1933
1931
1929
1944
1942
1924
1943
1925
1924
1944
1924
1925
1929
1925
1924
1934
1924
1925
1934
1932
1942
1931
1924
1942
1930
1924
1948
1931
1927
1941
1932
1925
1941
1924
1927
1937
1924
1924
1941
1925
1936
1956
1925
1934
1949
1924
1937
1943
1924
1933
1935
1924
1939
1927
1925
1945
1925
1926
1942
1925
1929
1946
1924
1933
1943
1925
1937
1943
1925
1933
1943
1924
1934
1942
1924
1934
1942
1924
1935
1928
1924
1967
1938
1930
1934
1929
1924
1935
1934
1924
1935
1933
1924
1933
1924
1924
1935
1925
1930
1935
1926
1958
1942
1924
1931
1934
1924
1940
1933
1925
1942
1932
1925
1936
1943
1924
1935
1955
1924
1934
1959
1924
1936
1930
1924
1944
1942
1924
1942
1924
1924
1954
1924
1924
1937
1926
1930
1936
1924
1953
1934
1924
1941
1937
1927
1966
1936
1924
1946
1932
1924
1929
1945
1928
1938
1930
1924
1936
1940
1925
1941
1925
1937
1934
1925
1943
1933
1924
1941
1933
1924
1962
1925
1930
1944
1925
1925
1949
1925
1924
1947
1925
1935
1944
1940
1934
1932
1930
1934
1954
1942
1950
1924
1941
1941
1926
1924
1941
1926
1924
1951
1924
1926
1964
1924
1946
1943
1926
1933
1963
1924
1936
1925
1929
1930
1924
1941
1941
1924
1930
1950
1924
1950
1952
1924
1934
1934
1925
1949
1936
1924
1937
1931
1926
1950
1949
1925
1930
1931
1924
1934
1941
1926
1930
1924
1924
1937
1924
1925
1932
1924
1931
1934
1924
1960
1933
1925
1946
1936
1924
1969
1932
1925
1957
1943
1924
1934
1941
1924
1934
1929
1925
2132
1942
1932
1930
1929
1925
1929
1960
1924
1939
1926
1924
1948
1929
1925
1937
1925
1929
1933
1924
1925
1936
1924
1948
1941
1924
1958
1937
1925
1943
1929
1924
1938
1925
1924
1946
1930
1937
1949
1925
1937
1944
1924
1934
1934
1924
1943
1934
1924
1953
1925
1924
1939
1925
1925
1939
1925
1924
1947
1925
1924
1942
1924
1930
1941
1924
1925
1950
1927
1934
1931
1925
1943
1933
1928
1938
1933
1926
