2053
2072
2065
2070
2053
2060
2060
2073
2070
2079
2063
2066
2093
2053
2055
2066
2086
2052
2066
2062
2053
2072
2094
2053
2063
2067
2052
2059
2065
2052
2053
2082
2061
2053
2065
2062
2053
2053
2063
2054
2053
2066
2068
2054
2062
2061
2053
2053
2076
2053
2053
2064
2071
2053
2071
2066
2054
2053
2077
2052
2058
2072
2053
2058
2072
2062
2056
2072
2063
2053
2053
2063
2057
2054
2070
2053
2053
2064
2075
2053
2064
2062
2053
2072
2066
2055
2053
2063
2053
2054
2065
2060
2052
2062
2072
2052
2069
2069
2055
2053
2070
2053
2054
2072
2057
2053
2075
2062
2053
2053
2063
2053
2069
2061
2070
2053
2061
2061
2069
2062
2068
2053
2053
2073
2070
2053
2061
2054
2053
2069
2053
2052
2063
2080
2053
2068
2061
2053
2072
2065
2055
2053
2063
2053
2054
2076
2072
2053
2064
2067
2053
2072
2071
2053
2053
2077
2053
2059
2066
2053
2053
2063
2062
2059
2073
2066
2053
2081
2061
2059
2053
2065
2053
2053
2063
2059
2053
2066
2053
2072
2062
2054
2081
2084
2106
2099
2086
2076
2053
2079
2063
2118
2053
2096
2055
2058
2068
2093
2053
2079
2060
2058
2078
2097
2053
2053
2064
2061
2053
2078
2053
2055
2063
2054
2053
2075
2055
2053
2061
2069
2055
2065
2064
2053
2064
2060
2056
2079
2063
2053
2053
2063
2058
2053
2063
2072
2053
2066
2081
2053
2064
2073
2053
2063
2080
2054
2070
2072
2052
2053
2079
2053
2070
2070
2066
2053
2079
2064
2071
2072
2063
2052
2061
2063
2070
2053
2063
2072
2058
2064
2087
2055
2063
2073
2059
2066
2088
2054
2053
2076
2058
2053
2087
2053
2053
2066
2058
2053
2082
2068
2071
2069
2081
2053
2069
2070
2055
2053
2071
2053
2073
2072
2065
2053
2068
2065
2052
2068
2061
2057
2066
2064
2053
2054
2063
2053
2053
2068
2053
2053
2062
2061
2053
2079
2063
2054
2073
2063
2053
2079
2068
2053
2053
2067
2054
2056
2065
2065
2053
2082
2060
2057
2063
2068
2053
2053
2073
2058
2053
2059
2053
2053
2078
2066
2053
2066
2061
2053
2077
2069
2053
2053
2060
2053
2053
2092
2059
2058
2071
2062
2053
2073
2069
2070
2053
2070
2055
2059
2072
2054
2053
2070
2060
2059
2061
2074
2053
2061
2059
2056
2074
2065
2053
2074
2061
2053
2053
2063
2055
2053
2060
2053
2060
2065
2066
2053
2063
2064
2080
2053
2086
2063
2057
2054
2064
2053
2052
2074
2067
2053
2066
2068
2053
2064
2074
2055
2053
2073
2052
2053
2075
2053
2053
2072
2062
2053
2072
2065
2055
2074
2062
2053
2072
2065
2053
2053
2062
2053
2053
2064
2053
2057
2094
2072
2062
2068
2074
2064
2053
2062
2053
2053
2062
2072
2053
2062
2091
2056
2053
2122
2052
2053
2071
2065
2053
2063
2067
2052
2063
2064
2053
2053
2063
2053
2052
2059
2064
2053
2070
2074
2052
2068
2065
2053
2053
2072
2052
2055
2064
2062
2053
2078
2061
2053
2053
2061
2053
2053
2061
2053
2053
2061
2074
2053
2061
2080
2052
2066
2059
2053
2065
2065
2053
2053
2063
2053
2054
2065
2053
2052
2066
2066
2053
2075
2063
2054
2075
2063
2053
2066
2070
2053
2053
2072
2053
2057
2071
2053
2053
2071
2053
2058
2072
2063
2053
2064
2068
2056
2076
2068
2056
2053
2074
2057
2053
2069
2053
2053
2072
2063
2054
2079
2064
2054
2071
2061
2053
2053
2064
2053
2062
2053
2053
2083
2053
2088
2062
2061
2061
2077
2061
2053
2054
2062
2052
2058
2066
2067
2053
2065
2060
2059
2073
2060
2053
2076
2065
2059
2072
2063
2053
2053
2061
2061
2053
2062
2053
2055
2071
2073
2053
2062
2072
2053
2063
2081
2054
2062
2060
2053
2072
2065
2052
2068
2062
2053
2052
2064
2071
2075
2063
2074
2070
2060
2068
2068
2053
2075
2063
2057
2398
2085
2058
2053
2072
2070
2053
2135
2065
2090
2053
2067
2071
2057
2064
2074
2052
2081
2070
2053
2053
2081
2061
2061
2066
2079
2052
2064
2061
2057
2053
2082
2053
2053
2065
2056
2053
2082
2062
2053
2073
2068
2053
2089
2063
2053
2053
2068
2053
2068
2061
2054
2053
2067
2073
2068
2064
2070
2052
2067
2075
2067
2053
2070
2053
2057
2075
2068
2053
2065
2063
2057
2081
2080
2053
2061
2064
2057
2053
2078
2070
2052
2063
2076
2053
2079
2074
2053
2053
2079
2053
2069
2070
2053
2053
2076
2063
2069
2095
2062
2053
2076
2063
2069
2053
2076
2074
2057
2065
2062
2061
2053
2072
2057
2055
2068
2053
2053
2064
2075
2053
2064
2074
2052
2053
2074
2053
2076
2067
2053
2093
2063
2055
2053
2064
2053
2053
2069
2063
2052
2083
2060
2054
2093
2076
2053
2053
2061
2053
2053
2061
2069
2053
2062
2059
2055
2065
2064
2052
2055
2063
2059
2053
2063
2065
2053
2062
2067
2053
2062
2074
2053
2055
2069
2053
2053
2069
2053
2054
2068
2069
2053
2078
2064
2055
2053
2064
2053
2053
2063
2054
2053
2064
2069
2053
2063
2074
2054
2062
2070
2053
2061
2072
2052
2053
2070
2053
2053
2072
2053
2055
2060
2066
2053
2075
2061
2053
2068
2063
2053
2078
2065
2053
2053
2060
2053
2056
2063
2053
2053
2058
2070
2056
2063
2079
2058
2053
2061
2055
2054
2061
2083
2052
2072
2070
2053
2052
2066
2055
2053
2069
2053
2058
2064
2069
2053
2079
2066
2052
2069
2064
2052
2057
2064
2076
2068
2066
2069
2072
2053
2073
2069
2053
2062
2056
2054
2069
2080
2053
2072
2069
2055
2078
2079
2053
2055
2066
2053
2053
2080
2052
2053
2068
2076
2055
2080
2071
2052
2068
2074
2053
2069
2074
2053
2053
2075
2055
2053
2071
2062
2053
2076
2067
2053
2071
2064
2053
2079
2063
2055
2053
2063
2053
2060
2064
2071
2070
2063
2075
2057
2065
2072
2071
2064
2074
2058
2055
2071
2068
2053
2082
2075
2053
2073
2081
2053
2067
2074
2053
2054
2103
2053
2053
2069
2053
2052
2079
2076
2053
2068
2063
2055
2081
2077
2053
2058
2073
2053
2069
2080
2055
2058
2075
2063
2071
2077
2063
2058
2072
2064
2068
2053
2064
2059
2053
2070
2068
2054
2071
2068
2053
2076
2083
2053
2072
2064
2053
2073
2081
2055
2053
2062
2053
2053
2060
2069
2053
2081
2061
2053
2062
2067
2053
2053
2060
2057
2054
2066
2064
2061
2055
2060
2062
2053
2071
2077
2053
2061
2088
2053
2062
2062
2053
2054
2060
2053
2053
2059
2053
2053
2062
2085
2053
2067
2066
2058
2063
2065
2053
2053
2064
2053
2053
2077
2055
2053
2075
2053
2056
2066
2074
2053
2069
2071
2053
2067
2097
2053
2078
2063
2053
2055
2071
2053
2059
2078
2061
2053
2062
2070
2059
2063
2066
2054
2065
2071
2058
2053
2080
2053
2053
2065
2061
2052
2062
2052
2054
2071
2072
2053
2062
2079
2053
2073
2081
2053
2080
2076
2053
2055
2068
2072
2053
2065
2073
2053
2069
2074
2053
2053
2072
2053
2053
2063
2059
2053
2060
2060
2053
2058
2062
2052
2061
2062
2055
2053
2067
2053
2055
2072
2070
2053
2065
2062
2052
2062
2064
2056
2053
2060
2053
2056
2060
2058
2053
2060
2053
2053
2072
2076
2053
2065
2069
2053
2063
2063
2054
2061
2075
2053
2054
2064
2054
2053
2068
2053
2062
2070
2058
2053
2077
2062
2053
2074
2062
2055
2053
2061
2052
2071
2070
2062
2053
2071
2064
2059
2071
2063
2054
2054
2066
2062
2053
2063
2088
2053
2069
2073
2058
2058
2070
2053
2059
2077
2064
2052
2070
2061
2054
2076
2064
2053
2053
2063
2053
2058
2062
2053
2053
2066
2053
2060
2061
2073
2054
2066
2060
2053
2081
2070
2053
2053
2075
2053
2053
2075
2052
2052
2075
2064
2053
2085
2062
2053
2053
2060
2053
2053
2060
2052
2053
2058
2077
2053
2064
2073
2055
2062
2067
2055
2053
2076
2053
2055
2064
2069
2053
2067
2071
2053
2071
2073
2053
2066
2070
2054
2070
