2183
2192
2206
2208
2182
2191
2204
2182
2228
2206
2188
2187
2206
2213
2219
2184
2204
2195
2182
2187
2206
2198
2182
2202
2197
2186
2182
2208
2189
2182
2190
2207
2182
2182
2197
2193
2182
2183
2191
2199
2182
2192
2214
2185
2182
2198
2190
2185
2203
2191
2182
2184
2201
2196
2186
2184
2193
2201
2182
2197
2200
2182
2182
2216
2189
2187
2182
2191
2193
2198
2190
2203
2181
2182
2188
2218
2182
2196
2193
2183
2182
2190
2201
2183
2193
2202
2198
2184
2207
2192
2183
2184
2207
2200
2189
2194
2203
2181
2197
2191
2218
2182
2202
2191
2187
2182
2205
2210
2181
2216
2194
2206
2182
2196
2201
2199
2182
2205
2196
2184
2201
2207
2181
2189
2196
2201
2182
2183
2201
2201
2183
2206
2206
2181
2182
2197
2188
2182
2192
2191
2201
2182
2197
2195
2202
2183
2197
2195
2182
2182
2200
2184
2186
2201
2191
2189
2182
2198
2190
2183
2210
2189
2190
2187
2190
2199
2182
2184
2189
2192
2182
2199
2189
2182
2182
2192
2198
2182
2190
2198
2187
2195
2224
2182
2197
2201
2192
2185
2182
2205
2201
2183
2182
2192
2193
2182
2190
2197
2184
2183
2202
2190
2184
2210
2190
2182
2184
2190
2200
2182
2193
2197
2182
2183
2202
2191
2183
2197
2190
2181
2183
2191
2200
2182
2191
2199
2183
2182
2199
2189
2182
2201
2193
2182
2181
2198
2196
2182
2182
2190
2182
2182
2193
2204
2182
2182
2205
2196
2183
2199
2193
2210
2181
2190
2193
2183
2183
2206
2182
2182
2196
2193
2182
2204
2191
2182
2182
2197
2216
2182
2191
2191
2183
2182
2209
2191
2182
2182
2195
2200
2199
2193
2207
2183
2184
2199
2208
2184
2192
2203
2183
2184
2213
2191
2182
2205
2193
2182
2182
2191
2182
2181
2193
2216
2181
2183
2201
2183
2182
2216
2190
2183
2182
2216
2196
2209
2194
2201
2192
2187
2200
2228
2181
2183
2195
2200
2186
2187
2197
2196
2188
2203
2192
2182
2182
2187
2205
2182
2192
2207
2182
2182
2197
2203
2182
2182
2202
2203
2182
2195
2193
2182
2183
2197
2196
2184
2182
2196
2190
2186
2190
2199
2182
2182
2192
2193
2182
2204
2191
2182
2182
2200
2191
2182
2206
2190
2182
2182
2190
2195
2184
2192
2204
2182
2185
2198
2190
2182
2203
2191
2182
2182
2198
2190
2185
2201
2193
2182
2182
2190
2188
2182
2195
2189
2184
2200
2194
2181
2190
2209
2209
2197
2191
2182
2186
2200
2197
2182
2182
2195
2187
2183
2210
2191
2183
2182
2205
2195
2182
2203
2190
2182
2185
2195
2196
2182
2191
2199
2182
2182
2197
2190
2182
2203
2195
2184
2182
2190
2196
2188
2195
2199
2182
2183
2199
2231
2182
2202
2383
2182
2187
2195
2198
2192
2182
2195
2204
2182
2217
2191
2197
2182
2196
2197
2182
2182
2190
2203
2185
2182
2199
2193
2182
2203
2192
2182
2182
2198
2193
2187
2182
2190
2190
2182
2192
2196
2182
2182
2190
2196
2182
2197
2191
2182
2182
2193
2190
2185
2203
2194
2182
2181
2192
2190
2182
2194
2199
2184
2188
2200
2193
2185
2192
2190
2188
2184
2192
2196
2182
2184
2214
2199
2182
2202
2191
2182
2183
2193
2197
2182
2192
2207
2182
2182
2200
2193
2182
2207
2192
2184
2182
2192
2199
2191
2194
2197
2182
2184
2195
2204
2181
2193
2190
2194
2182
2216
2192
2182
2182
2198
2181
2182
2198
2191
2182
2182
2203
2198
2184
2192
2199
2194
2198
2217
2193
2198
2234
2181
2182
2190
2194
2188
2192
2191
2182
2191
2189
2204
2182
2186
2192
2200
2183
2202
2197
2182
2183
2200
2199
2182
2198
2190
2182
2182
2193
2201
2182
2182
2193
2212
2182
2189
2189
2182
2187
2200
2215
2189
2182
2190
2209
2188
2189
2194
2201
2192
2195
2208
2196
2185
2192
2197
2182
2186
2192
2189
2181
2197
2190
2216
2182
2199
2199
2182
2198
2203
2190
2182
2214
2191
2213
2182
2190
2191
2186
2183
2202
2191
2182
2193
2207
2183
2199
2201
2190
2183
2182
2207
2197
2183
2193
2206
2182
2199
2191
2190
2182
2207
2191
2198
2182
2191
2204
2186
2183
2212
2191
2182
2205
2193
2182
2182
2202
2197
2185
2182
2207
2183
2182
2194
2196
2182
2182
2187
2199
2188
2201
2198
2182
2181
2195
2194
2182
2184
2198
2192
2181
2206
2194
2182
2182
2195
2201
2187
2182
2201
2192
2182
2203
2195
2182
2182
2200
2197
2182
2204
2192
2182
2182
2196
2198
2182
2206
2197
2182
2182
2197
2192
2188
2182
2195
2193
2187
2199
2191
2182
2182
2193
2218
2182
2190
2199
2183
2182
2194
2193
2184
2201
2182
2182
2210
2212
2187
2182
2201
2200
2182
2183
2200
2194
2182
2200
2193
2200
2184
2196
2201
2182
2182
2208
2197
2181
2193
2199
2184
2182
2200
2190
2184
2205
2193
2182
2185
2192
2201
2181
2195
2204
2182
2182
2191
2190
2185
2196
2199
2182
2182
2232
2198
2181
2182
2192
2194
2187
2182
2190
2194
2181
2191
2209
2182
2182
2190
2196
2184
2197
2199
2182
2182
2203
2193
2184
2217
2191
2182
2182
2194
2205
2183
2191
2200
2182
2187
2201
2232
2182
2190
2192
2198
2182
2182
2212
2192
2186
2200
2188
2183
2183
2200
2189
2182
2182
2190
2193
2182
2194
2203
2182
2182
2195
2193
2185
2206
2190
2181
2182
2197
2198
2182
2203
2191
2182
2182
2205
2195
2182
2182
2190
2186
2182
2202
2193
2182
2188
2193
2200
2182
2193
2201
2182
2185
2198
2191
2182
2195
2194
2184
2182
2190
2191
2182
2191
2194
2182
2197
2196
2192
2185
2182
2199
2193
2182
2191
2194
2182
2184
2190
2201
2183
2192
2224
2191
2188
2192
2189
2182
2182
2190
2192
2182
2191
2198
2190
2183
2197
2193
2184
2188
2191
2192
2182
2201
2195
2184
2182
2203
2194
2183
2193
2204
2182
2184
2195
2206
2182
2183
2202
2193
2182
2206
2192
2182
2182
2195
2190
2185
2208
2192
2181
2185
2192
2197
2182
2182
2193
2201
2183
2201
2202
2183
2182
2199
2196
2183
2182
2199
2190
2185
2202
2191
2182
2183
2191
2196
2186
2193
2202
2182
2183
2198
2201
2182
2202
2191
2182
2186
2192
2248
2182
2189
2200
2195
2181
2183
2215
2199
2186
2195
2191
2189
2182
2191
2204
2187
2182
2191
2190
2182
2208
2195
2182
2183
2191
2198
2184
2196
2199
2182
2182
2199
2197
2182
2183
2190
2199
2183
2196
2197
2182
2182
2201
2198
2182
2198
2190
2182
2183
2204
2194
2182
2182
2191
2202
2185
2192
2199
2182
2182
2202
2192
2182
2201
2192
2181
2190
2200
2194
2182
2182
2195
2203
2181
2192
2205
2182
2182
2201
2192
2182
2182
2193
2185
2182
2191
2197
2183
2182
2200
2192
2183
2200
2193
2183
2186
2192
2199
2182
2195
2200
2198
2184
2193
2201
2182
2182
2201
2191
2182
2206
2192
2183
2182
2198
2195
2182
2199
2191
2183
2182
2193
2199
2183
2201
2191
2181
2184
2198
2189
2184
2182
2194
2182
2183
2204
2192
2182
2182
2201
2190
2182
2203
2193
2182
2184
2190
2192
2184
2194
2198
2182
2183
2198
2194
2183
2206
2190
2182
2186
2196
2201
2182
2182
2198
2195
2182
2199
2205
2182
2183
2192
2202
2182
2186
2191
2200
2182
2195
2202
2192
2186
2206
2194
2184
2182
2190
2190
2182
2191
2191
2182
2189
2202
2191
2182
2182
2191
2191
2186
2191
2204
2183
2182
2200
2195
2182
2207
2190
2182
2182
2190
2203
2183
2192
2200
2186
2182
2194
2190
2184
2192
2203
2182
2184
2194
2190
2182
2189
2191
2200
2183
2192
2199
2186
2182
2198
2193
2183
2199
2194
2183
2182
2187
2195
2186
2197
2198
2185
2182
2190
2207
2184
2182
2197
2183
2184
2204
2210
2182
2205
2190
2191
2188
2193
2191
2182
2182
2196
2192
2181
2195
2194
2182
2186
2198
2196
2197
2183
2199
2196
2182
2191
2206
2183
2182
2202
2197
2183
2198
2190
2182
2183
2194
2192
2182
2183
2199
2191
