2330
2330
2315
2343
2323
2320
2311
2314
2325
2329
2314
2311
2345
2324
2327
2310
2319
2327
2322
2311
2323
2324
2318
2314
2311
2325
2318
2312
2311
2322
2328
2313
2311
2327
2320
2311
2310
2326
2322
2310
2312
2323
2320
2318
2310
2323
2331
2320
2311
2329
2319
2338
2311
2310
2331
2317
2313
2310
2329
2317
2311
2311
2334
2320
2310
2312
2321
2323
2311
2312
2325
2321
2311
2316
2338
2322
2310
2311
2325
2335
2319
2312
2331
2320
2335
2311
2321
2328
2319
2315
2332
2322
2319
2311
2310
2328
2330
2311
2310
2327
2329
2310
2311
2320
2327
2311
2314
2328
2320
2311
2311
2326
2328
2310
2317
2329
2322
2315
2310
2323
2326
2326
2314
2330
2341
2324
2326
2321
2360
2317
2311
2311
2318
2324
2311
2311
2328
2318
2312
2314
2321
2318
2316
2310
2338
2319
2311
2315
2319
2327
2314
2310
2325
2322
2311
2310
2317
2321
2310
2311
2319
2332
2311
2311
2318
2319
2310
2324
2322
2330
2333
2311
2320
2323
2324
2339
2317
2326
2328
2329
2312
2320
2363
2323
2315
2330
2362
2325
2318
2312
2325
2320
2311
2311
2325
2321
2311
2311
2319
2332
2311
2310
2330
2319
2311
2312
2323
2335
2310
2311
2324
2320
2311
2310
2318
2317
2311
2310
2318
2339
2310
2311
2332
2320
2322
2310
2319
2328
2322
2311
2316
2328
2323
2316
2320
2322
2318
2311
2319
2331
2317
2310
2317
2317
2329
2310
2323
2317
2315
2311
2321
2327
2320
2311
2317
2362
2329
2323
2311
2333
2317
2312
2311
2332
2315
2311
2313
2324
2323
2311
2311
2331
2321
2320
2311
2319
2324
2321
2311
2337
2321
2332
2310
2321
2318
2330
2310
2322
2332
2321
2311
2333
2320
2311
2311
2323
2323
2310
2311
2323
2330
2311
2310
2321
2331
2311
2311
2330
2320
2310
2315
2322
2332
2320
2311
2330
2327
2330
2310
2321
2328
2319
2311
2331
2321
2338
2310
2327
2331
2321
2311
2326
2320
2336
2311
2322
2327
2321
2316
2334
2320
2325
2311
2322
2337
2311
2311
2329
2320
2312
2310
2322
2329
2310
2317
2330
2328
2310
2311
2321
2323
2317
2310
2361
2319
2320
2319
2321
2319
2320
2310
2319
2333
2336
2310
2311
2318
2326
2310
2327
2331
2324
2310
2311
2345
2319
2311
2310
2323
2320
2310
2311
2325
2320
2311
2311
2324
2328
2311
2311
2338
2333
2311
2310
2320
2327
2311
2334
2319
2316
2342
2322
2331
2311
2323
2329
2325
2311
2311
2320
2325
2311
2311
2319
2338
2316
2310
2327
2320
2311
2311
2325
2330
2311
2310
2323
2335
2321
2311
2329
2323
2327
2317
2321
2327
2321
2311
2329
2320
2319
2311
2333
2320
2333
2312
2321
2372
2322
2320
2311
2323
2322
2310
2311
2347
2319
2312
2311
2334
2325
2319
2310
2327
2346
2319
2316
2320
2325
2335
2311
2328
2320
2331
2310
2321
2325
2326
2310
2311
2323
2328
2310
2311
2325
2320
2310
2311
2330
2325
2311
2310
2317
2325
2310
2310
2326
2319
2310
2316
2317
2320
2311
2374
2321
2323
2322
2310
2322
2326
2331
2311
2328
2319
2322
2311
2310
2321
2320
2311
2311
2333
2329
2310
2311
2316
2329
2311
2311
2326
2321
2311
2316
2317
2328
2320
2310
2335
2318
2319
2311
2327
2319
2330
2316
2312
2330
2323
2315
2310
2319
2332
2311
2311
2327
2319
2311
2311
2322
2321
2311
2310
2331
2319
2311
2316
2324
2323
2310
2311
2322
2321
2330
2323
2330
2384
2318
2318
2310
2315
2331
2321
2310
2311
2324
2321
2318
2311
2318
2320
2316
2311
2319
2328
2310
2316
2356
2321
2342
2310
2320
2328
2327
2317
2317
2336
2327
2311
2342
2320
2340
2325
2311
2312
2320
2319
2310
2314
2320
2329
2311
2311
2321
2320
2311
2311
2321
2319
2314
2312
2319
2328
2311
2315
2330
2320
2315
2311
2319
2334
2310
2311
2327
2318
2311
2332
2323
2325
2310
2320
2329
2320
2311
2332
2319
2331
2315
2320
2326
2322
2310
2324
2321
2312
2311
2320
2332
2314
2311
2328
2318
2311
2311
2322
2319
2317
2311
2330
2331
2322
2311
2337
2321
2320
2312
2310
2347
2323
2311
2321
2321
2320
2310
2321
2322
2320
2332
2311
2331
2322
2331
2310
2340
2336
2320
2311
2329
2319
2329
2310
2322
2330
2322
2326
2311
2325
2324
2313
2311
2332
2319
2310
2314
2320
2338
2310
2315
2335
2322
2311
2311
2319
2324
2314
2310
2331
2318
2311
2311
2324
2320
2310
2310
2319
2331
2311
2326
2331
2318
2310
2315
2318
2349
2311
2310
2315
2318
2326
2312
2320
2325
2322
2320
2333
2337
2319
2320
2311
2311
2328
2320
2370
2317
2312
2322
2323
2311
2317
2330
2326
2328
2312
2328
2326
2336
2312
2319
2326
2327
2311
2328
2319
2312
2311
2326
2323
2321
2311
2327
2321
2333
2311
2321
2330
2320
2316
2341
2320
2329
2311
2321
2321
2328
2314
2315
2322
2330
2310
2310
2357
2361
2322
2311
2323
2348
2324
2310
2324
2329
2322
2310
2321
2332
2321
2312
2342
2321
2332
2314
2321
2325
2333
2313
2330
2320
2322
2328
2311
2327
2333
2311
2311
2333
2318
2311
2311
2319
2319
2310
2311
2326
2322
2310
2311
2324
2321
2311
2311
2319
2333
2310
2316
2318
2328
2311
2311
2327
2333
2311
2311
2317
2324
2316
2310
2325
2319
2311
2311
2335
2324
2310
2311
2324
2320
2311
2311
2325
2317
2311
2329
2319
2331
2311
2318
2325
2320
2311
2322
2331
2318
2323
2326
2323
2328
2310
2311
2329
2323
2310
2311
2318
2329
2311
2312
2319
2327
2310
2316
2328
2318
2310
2312
2322
2327
2311
2313
2327
2319
2315
2312
2327
2317
2311
2314
2330
2320
2311
2311
2320
2326
2312
2311
2321
2318
2312
2311
2319
2319
2312
2311
2327
2319
2318
2311
2328
2322
2312
2310
2318
2331
2312
2316
2339
2317
2312
2311
2320
2329
2311
2331
2320
2327
2315
2311
2319
2344
2311
2311
2339
2321
2311
2311
2319
2335
2310
2310
2359
2322
2322
2314
2319
2328
2318
2310
2321
2330
2311
2327
2327
2320
2315
2310
2322
2342
2311
2310
2323
2321
2326
2310
2322
2332
2320
2311
2346
2321
2327
2311
2321
2344
2320
2310
2316
2321
2327
2327
2311
2331
2318
2312
2327
2327
2323
2316
2310
2320
2342
2311
2311
2332
2319
2310
2311
2323
2332
2311
2311
2343
2323
2311
2333
2330
2325
2310
2311
2327
2330
2310
2327
2329
2322
2317
2311
2327
2325
2311
2316
2320
2330
2326
2311
2331
2327
2333
2311
2324
2329
2326
2310
2342
2341
2326
2310
2328
2327
2323
2311
2333
2325
2327
2310
2341
2328
2318
2316
2330
2325
2341
2312
2321
2335
2323
2326
2311
2319
2330
2311
2310
2362
2320
2312
2310
2324
2342
2311
2311
2325
2331
2313
2326
2327
2320
2311
2311
2335
2325
2318
2316
2337
2329
2335
2310
2325
2325
2662
2327
2316
2322
2336
2320
2311
2336
2371
2330
2317
2310
2321
2319
2312
2313
2319
2320
2324
2311
2322
2324
2319
2311
2327
2318
2321
2311
2330
2320
2327
2313
2322
2335
2321
2311
2328
2323
2329
2311
2320
2327
2323
2310
2311
2321
2326
2310
2314
2334
2320
2311
2310
2323
2326
2310
2311
2326
2319
2313
2311
2330
2319
2311
2312
2324
2328
2311
2311
2331
2325
2311
2318
2319
2324
2310
2313
2321
2327
2310
2311
2330
2321
2310
2326
2320
2324
2312
2310
2329
2321
2316
2314
2322
2330
2319
2311
2335
2318
2324
2326
2310
2318
2326
2311
2311
2350
2324
2312
2311
2321
2342
2311
2311
2323
2321
2311
2326
2320
2329
2311
2310
2346
2319
2331
2321
2328
2335
2333
2313
2322
2319
2326
2311
2310
2340
2333
2312
2311
2325
2320
2312
2310
2331
2320
2311
2310
2322
2319
2315
2310
2319
2320
2311
2311
2320
2336
2311
2318
2349
2319
2320
2311
2326
2321
2337
2310
2320
2327
2332
2327
2312
2321
2328
2324
2312
2311
2331
2329
2312
2314
2324
2319
2310
