2449
2444
2439
2457
2448
2493
2443
2441
2446
2449
2447
2445
2440
2446
2464
2448
2440
2440
2455
2450
2455
2439
2440
2446
2463
2448
2439
2456
2448
2459
2443
2439
2451
2448
2453
2442
2449
2450
2455
2440
2440
2454
2448
2464
2440
2440
2457
2447
2439
2440
2455
2453
2454
2439
2438
2448
2458
2451
2439
2439
2452
2454
2446
2439
2441
2447
2453
2462
2439
2439
2448
2449
2466
2439
2440
2447
2455
2463
2439
2451
2507
2454
2460
2439
2439
2452
2446
2454
2441
2447
2450
2448
2452
2449
2439
2447
2449
2454
2447
2439
2455
2448
2448
2442
2450
2459
2451
2441
2440
2467
2462
2449
2439
2439
2450
2454
2439
2439
2456
2450
2467
2439
2440
2450
2459
2446
2441
2441
2451
2452
2457
2439
2440
2457
2448
2458
2439
2449
2453
2447
2443
2439
2444
2460
2448
2439
2456
2452
2450
2475
2451
2445
2439
2450
2453
2447
2443
2460
2447
2482
2447
2443
2453
2454
2448
2439
2444
2448
2460
2447
2454
2439
2451
2459
2449
2456
2439
2452
2451
2439
2456
2450
2481
2449
2439
2439
2449
2450
2439
2439
2450
2455
2456
2439
2466
2451
2448
2455
2441
2448
2455
2460
2478
2445
2439
2453
2448
2459
2445
2439
2456
2456
2457
2445
2440
2461
2452
2451
2439
2439
2475
2451
2439
2444
2461
2448
2446
2439
2439
2453
2458
2466
2439
2440
2448
2459
2438
2439
2452
2448
2458
2439
2439
2447
2448
2449
2439
2440
2446
2453
2455
2440
2464
2450
2451
2440
2441
2448
2463
2448
2441
2441
2449
2457
2448
2439
2441
2449
2457
2440
2439
2460
2449
2456
2439
2440
2448
2460
2453
2439
2439
2445
2456
2439
2439
2552
2455
2452
2451
2440
2458
2477
2458
2456
2440
2456
2452
2448
2444
2440
2447
2449
2451
2445
2441
2463
2448
2460
2446
2439
2460
2447
2440
2439
2455
2462
2448
2440
2439
2458
2449
2456
2439
2439
2449
2449
2476
2439
2439
2449
2450
2454
2439
2449
2448
2481
2439
2440
2459
2449
2451
2441
2439
2448
2463
2454
2439
2439
2463
2444
2445
2468
2467
2453
2448
2457
2443
2455
2482
2453
2458
2445
2439
2456
2446
2445
2445
2439
2448
2447
2440
2440
2448
2458
2448
2439
2440
2454
2483
2450
2439
2454
2453
2457
2440
2440
2454
2452
2447
2440
2439
2463
2445
2460
2439
2448
2457
2450
2445
2439
2448
2454
2444
2440
2461
2446
2446
2449
2448
2439
2449
2457
2452
2449
2439
2441
2448
2455
2446
2441
2454
2446
2461
2440
2439
2446
2446
2454
2439
2439
2453
2447
2456
2445
2447
2448
2445
2440
2445
2445
2455
2449
2439
2441
2445
2445
2451
2439
2452
2439
2459
2464
2456
2439
2445
2447
2448
2448
2439
2458
2453
2447
2439
2441
2454
2455
2449
2440
2439
2449
2450
2454
2439
2439
2450
2452
2454
2441
2448
2448
2453
2441
2440
2447
2451
2454
2439
2439
2446
2452
2439
2446
2455
2456
2448
2438
2447
2460
2450
2455
2439
2445
2462
2450
2455
2439
2448
2460
2449
2439
2439
2449
2463
2449
2440
2439
2448
2462
2451
2439
2456
2456
2457
2440
2440
2448
2456
2451
2446
2441
2449
2454
2450
2447
2457
2449
2455
2440
2442
2450
2449
2463
2440
2439
2462
2451
2459
2440
2451
2454
2458
2441
2439
2460
2452
2467
2439
2448
2455
2449
2445
2439
2456
2450
2452
2446
2440
2456
2451
2439
2450
2450
2455
2451
2441
2439
2462
2449
2456
2439
2459
2446
2490
2446
2444
2487
2449
2456
2439
2440
2494
2452
2449
2439
2450
2455
2452
2448
2439
2443
2460
2450
2459
2439
2443
2447
2456
2449
2439
2452
2448
2463
2439
2439
2456
2451
2449
2439
2440
2447
2458
2448
2439
2440
2446
2455
2453
2439
2453
2447
2457
2448
2440
2452
2447
2445
2443
2440
2456
2447
2458
2444
2440
2449
2450
2446
2439
2440
2444
2450
2449
2445
2449
2451
2448
2449
2439
2461
2447
2446
2446
2439
2459
2452
2451
2440
2439
2454
2453
2454
2439
2439
2453
2456
2440
2438
2456
2453
2457
2439
2455
2448
2452
2439
2440
2456
2447
2452
2440
2456
2454
2447
2440
2439
2465
2451
2463
2439
2440
2459
2449
2451
2439
2439
2458
2453
2440
2440
2448
2456
2454
2439
2439
2448
2454
2439
2441
2456
2456
2450
2439
2445
2448
2454
2450
2439
2461
2450
2452
2440
2439
2449
2500
2450
2449
2439
2456
2450
2459
2454
2439
2439
2469
2449
2449
2439
2450
2458
2450
2440
2440
2457
2459
2450
2440
2444
2454
2453
2454
2439
2439
2458
2457
2460
2439
2445
2453
2455
2455
2439
2439
2452
2454
2456
2439
2457
2453
2440
2460
2451
2492
2439
2440
2452
2448
2460
2441
2462
2453
2453
2441
2439
2453
2454
2454
2439
2439
2462
2451
2458
2439
2449
2462
2448
2440
2445
2449
2456
2447
2441
2460
2448
2455
2442
2439
2458
2451
2457
2439
2448
2455
2460
2439
2439
2458
2448
2458
2440
2455
2458
2451
2444
2439
2453
2447
2450
2439
2445
2453
2467
2450
2440
2463
2452
2454
2439
2441
2461
2452
2455
2441
2451
2454
2454
2440
2439
2449
2454
2456
2439
2440
2450
2458
2455
2439
2457
2449
2454
2439
2445
2459
2451
2457
2439
2443
2450
2451
2448
2440
2464
2450
2454
2439
2442
2460
2450
2457
2442
2439
2457
2455
2455
2438
2440
2458
2456
2439
2439
2451
2458
2454
2446
2440
2449
2455
2450
2439
2440
2448
2457
2448
2445
2439
2449
2456
2448
2446
2456
2467
2453
2446
2445
2451
2456
2469
2439
2439
2456
2449
2461
2439
2439
2462
2449
2455
2439
2439
2459
2450
2457
2439
2440
2457
2449
2456
2439
2448
2452
2452
2439
2439
2449
2451
2452
2440
2439
2448
2451
2443
2439
2459
2447
2452
2439
2441
2459
2446
2446
2439
2443
2451
2452
2440
2439
2451
2453
2459
2439
2439
2456
2451
2458
2440
2439
2452
2455
2441
2439
2448
2454
2456
2439
2439
2446
2454
2440
2439
2459
2447
2451
2440
2445
2456
2447
2439
2442
2454
2455
2447
2439
2439
2460
2453
2454
2439
2448
2459
2451
2440
2439
2450
2450
2459
2441
2440
2456
2450
2457
2440
2439
2456
2453
2439
2442
2448
2447
2457
2439
2449
2457
2447
2457
2441
2443
2455
2447
2450
2439
2456
2450
2453
2439
2439
2459
2453
2454
2441
2439
2456
2450
2458
2439
2440
2453
2448
2439
2439
2450
2455
2447
2442
2441
2460
2450
2453
2445
2439
2486
2449
2462
2443
2439
2458
2466
2455
2444
2441
2457
2447
2461
2439
2447
2457
2447
2456
2439
2450
2456
2447
2439
2440
2457
2454
2452
2439
2439
2456
2451
2453
2439
2439
2452
2452
2440
2439
2447
2452
2453
2440
2439
2447
2453
2449
2439
2455
2447
2455
2453
2450
2439
2448
2455
2439
2443
2449
2455
2446
2441
2442
2450
2457
2449
2439
2439
2448
2453
2440
2439
2457
2451
2452
2440
2441
2458
2450
2455
2443
2446
2448
2447
2439
2438
2456
2455
2450
2443
2439
2458
2451
2453
2444
2440
2454
2450
2456
2443
2450
2454
2467
2439
2439
2450
2455
2450
2439
2442
2451
2454
2450
2441
2447
2450
2457
2439
2440
2446
2445
2465
2439
2439
2450
2459
2458
2439
2465
2448
2454
2443
2439
2459
2447
2454
2439
2439
2451
2456
2447
2440
2466
2456
2448
2439
2441
2459
2453
2455
2441
2439
2462
2453
2457
2439
2440
2451
2451
2463
2439
2449
2475
2454
2448
2445
2439
2450
2466
2447
2440
2439
2453
2456
2457
2439
2440
2456
2454
2456
2439
2439
2454
2452
2445
2439
2450
2453
2449
2445
2442
2456
2454
2450
2447
2439
2448
2455
2439
2439
2458
2449
2453
2439
2440
2462
2450
2453
2439
2451
2459
2449
2442
2439
2451
2453
2450
2440
2439
2450
2459
2445
2439
2460
2452
2453
2445
2441
2457
2451
2454
2440
2439
2452
2451
2438
2438
2455
2456
2451
2439
2439
2455
2454
2451
2441
2440
2454
2454
2453
2442
2465
2451
2460
2454
2440
2439
2448
2460
2439
2441
