6193
6279
6218
6192
6202
6235
6191
6204
6204
6227
6211
6210
6224
6198
6218
6213
6216
6216
6200
6226
6206
6214
6218
6212
6227
6189
6202
6219
6212
6217
6209
6226
6244
6210
6212
6219
6213
6198
6202
6207
6223
6304
6191
6195
6192
6197
6193
6213
6200
6200
6209
6198
6207
6202
6217
6205
6196
6206
6203
6214
6194
6260
6281
6204
6758
6208
6195
6477
6204
6192
6184
6203
6203
6202
6199
6204
6207
6188
6210
6198
6191
6201
6197
6216
6199
6209
6203
6194
6207
6184
6211
6201
6203
6192
6195
6217
6192
6210
6196
6191
6205
6202
6214
6204
6212
6216
6199
6204
6190
6207
6212
6193
6203
6202
6209
6195
6200
6207
6199
6213
6210
6216
6209
6184
6216
6199
6203
6199
6209
6216
6192
6205
6215
6332
6334
6207
6209
6194
6210
6191
6212
6205
6192
6201
6209
6212
6195
6200
6196
6215
6222
6199
6224
6206
6200
6217
6195
6215
6187
6209
6205
6192
6233
6198
6255
6202
6193
6244
6199
6225
6265
6225
6213
6196
6235
6236
6234
6202
6188
6188
6298
6217
6532
6193
6208
6210
6192
6201
6194
6322
6285
6185
6262
6203
6211
6194
6207
6207
6190
6202
6222
6205
6196
6193
6223
6197
6198
6214
6196
6197
6200
6207
6208
6195
6194
6210
6205
6205
6205
6209
6191
6187
6203
6208
6200
6203
6195
6206
6194
6195
6206
6678
6203
6185
6210
6237
6191
6225
6197
6209
6225
6184
6232
6192
6203
6198
6259
6239
6186
6228
6204
6199
6225
6190
6235
6204
6206
6205
6195
6228
6187
6320
6211
6193
6239
6205
6234
6202
6214
6208
6198
6222
6207
6230
6205
6201
6224
6204
6221
6199
6235
6204
6188
6213
6197
6229
6189
6196
6227
6201
6215
6207
6230
6188
6194
6230
6200
6231
6185
6208
6207
6191
6203
6196
6222
6186
6196
6221
6189
6208
6197
6195
6215
6186
6456
6193
6202
6191
6204
6208
6194
6196
6211
6200
6200
6196
6193
6202
6190
6201
6203
6198
6197
6307
6218
6190
6239
6204
6286
6201
6192
6198
6207
6196
6190
6198
6203
6204
6182
6296
6201
6188
6204
6200
6200
6206
6195
6216
6196
6202
6195
6231
6223
6188
6214
6198
6190
6192
6198
6203
6190
6187
6189
6199
6207
6625
6185
6202
6199
6208
6201
6239
6214
6211
6195
6198
6208
6202
6199
6201
6233
6199
6193
6226
6200
6226
6196
6199
6204
6187
6247
6198
6214
6185
6590
6238
6199
6188
6250
6212
6193
6207
6194
6207
6206
6203
6203
6214
6243
6190
6184
6221
6198
6242
6193
6239
6207
6194
6242
6211
6239
6230
6201
6225
6211
6241
6214
6257
6214
6204
6245
6210
6237
6197
6564
6200
6214
6225
6284
6230
6208
6197
6187
6195
6230
6192
6228
6195
6191
6226
6201
6228
6196
6222
6253
6202
6229
6189
6225
6193
6186
6213
6193
6222
6346
6287
6203
6204
6236
6185
6222
6203
6202
6188
6195
6236
6202
6221
6194
6191
6219
6191
6226
6192
6195
6197
6196
6224
6196
6230
6196
6193
6217
6201
6236
6197
6184
6196
6191
6215
6208
6219
6189
6194
6225
6192
6268
6186
6193
6197
6199
6219
6192
6224
6195
6195
6222
6193
6222
6195
6197
6191
6190
6223
6201
6220
6194
6191
6233
6186
6215
6197
6195
6193
6191
6227
6393
6243
6207
6211
6269
6198
6205
6200
6221
6195
6195
6220
6204
6211
6215
6203
6227
6202
6245
6200
6228
6192
6202
6233
6188
6218
6200
6208
6228
6193
6233
6196
6209
6226
6194
6290
6338
6473
6187
6205
6203
6194
6190
6196
6216
6201
6188
6214
6198
6310
6209
6200
6262
6205
6265
6203
6231
6208
6192
6222
6199
6206
6194
6218
6210
6194
6249
6215
6208
6204
6187
6212
6197
6196
6196
6201
6191
6189
6208
6294
6195
6193
6196
6206
6200
6196
6201
6202
6190
6188
6204
6448
6199
6187
6199
6201
6196
6206
6198
6207
6188
6196
6205
6192
6191
6207
6198
6202
6188
6199
6200
6198
6196
6199
6203
6186
6206
6198
6188
6209
6194
6327
6270
6236
6261
6194
6232
6198
6224
6216
6199
6198
6204
6226
6202
6222
6201
6207
6220
6209
6237
6201
6205
6198
6207
6223
6199
6238
6201
6201
6217
6214
6234
6197
6212
6196
6202
6226
6184
6228
6193
6200
6219
6199
6227
6194
6215
6205
6196
6212
6199
6220
6201
6186
6223
6198
6214
6192
6215
6201
6186
6217
6193
6212
6204
6193
6218
6188
6224
6204
6215
6199
6202
6354
6194
6244
6225
6203
6271
6198
6219
6201
6230
6191
6199
6197
6202
6202
6185
6227
6200
6197
6200
6200
6209
6192
6196
6206
6200
6207
6190
6210
6201
6233
6200
6192
6202
6188
6199
6212
6194
6200
6293
6203
6199
6206
6200
6203
6193
6209
6202
6434
6223
6309
6847
6243
6207
6216
6213
6204
6235
6212
6198
6202
6205
6197
6213
6195
6199
6200
6216
6197
6201
6214
6200
6210
6215
6214
6208
6197
6224
6195
6208
6191
6211
6217
6192
6211
6204
6209
6209
6201
6218
6190
6191
6202
6197
6223
6189
6225
6200
6187
6233
6194
6219
6190
6205
6203
6195
6220
6207
6209
6207
6218
6217
6210
6213
6196
6204
6211
6191
6213
6206
6527
6282
6299
6207
6221
6208
6193
6215
6198
6207
6200
6208
6219
6190
6224
6189
6207
6218
6194
6229
6187
6197
6223
6206
6212
6187
6203
6200
6199
6209
6203
6220
6199
6208
6223
6190
6213
6203
6201
6206
6190
6223
6233
6206
6195
6193
6220
6200
6198
6208
6199
6202
6200
6211
6197
6200
6207
6197
6210
6193
6215
6207
6198
6218
6203
6201
6197
6208
6200
6201
6202
6212
6445
6215
6305
6196
6233
6201
6217
6213
6199
6258
6199
6204
6214
6194
6200
6195
6204
6212
6184
6214
6198
6194
6204
6199
6224
6195
6203
6202
6190
6203
6198
6221
6196
6184
6207
6198
6202
6196
6193
6204
6185
6206
6201
6207
6198
6198
6209
6193
6198
6200
6195
6199
6191
6204
6209
6198
6190
6200
6210
6199
6204
6197
6192
6191
6202
6225
6203
6224
6197
6199
6216
6196
6349
6193
6299
6196
6208
6236
6190
6225
6195
6203
6228
6186
6214
6199
6216
6203
6198
6216
6193
6215
6198
6191
6205
6201
6220
6199
6196
6208
6203
6209
6192
6260
6197
6193
6216
6200
6217
6197
6207
6203
6194
6199
6267
6210
6194
6202
6195
6202
6208
6190
6209
6197
6195
6203
6203
6214
6187
6204
6200
6193
6202
6194
6221
6189
6191
6214
6209
6210
6186
6203
6209
6191
6434
6239
6432
6197
6198
6213
6231
6205
6193
6297
6201
6204
6186
6211
6199
6196
6206
6204
6225
6199
6200
6200
6195
6215
6205
6216
6190
6186
6213
6209
6207
6201
6205
6222
6191
6221
6200
6208
6190
6195
6215
6191
6237
6209
6197
6210
6187
6215
6196
6205
6216
6202
6220
6200
6221
6215
6192
6216
6200
6223
6212
6203
6226
6201
6216
6221
6221
6221
6189
6222
6205
6205
6316
6293
6492
6213
6219
6192
6202
6208
6212
6195
6206
6217
6201
6219
6210
6200
6208
6209
6224
6199
6216
6193
6222
6205
6188
6220
6201
6188
6216
6199
6217
6256
6216
6216
6187
6208
6199
6218
6195
6189
6218
6205
6569
6192
6238
6201
6190
6212
6195
6224
6193
6188
6217
6200
6202
6202
6212
6213
6193
6234
6202
6207
6198
6212
6212
6198
6201
6199
6218
6191
6186
6306
6205
6327
6681
6449
6225
6201
6211
6207
6215
6310
6194
6210
6200
6216
6209
6222
6400
6198
6221
6218
6214
6211
6193
6223
6195
6202
6212
6212
6223
6187
6202
6320
6212
6208
6187
6210
6199
6207
6217
6217
6203
6191
6242
6205
6206
6205
6197
6226
6192
6205
6219
6211
6205
6199
6212
6208
6205
6206
6203
6214
6191
6215
6220
6207
6204
6192
6219
6205
6203
6219
6198
6302
6203
6357
6368
6438
6231
6187
6220
6212
6207
6219
6216
6210
6199
6214
6217
6205
6208
6203
6220
6197
6203
6220
6223
6208
6196
6216
6224
6204
6207
6210
6207
6307
6227
6228
6226
6206
6208
6220
6196
6222
6215
6647
6243
6208
6224
6210
