621
620
621
620
620
629
620
626
651
620
621
635
619
619
644
619
620
633
619
620
636
620
619
620
619
620
620
619
619
619
621
620
629
620
622
620
620
620
632
620
619
619
630
620
620
629
619
619
620
620
619
620
620
619
620
619
621
620
620
628
620
633
620
619
647
620
624
633
619
622
636
620
624
620
620
619
619
620
619
619
620
620
620
620
619
619
629
632
619
645
620
621
635
620
619
625
628
620
619
620
620
619
650
620
650
629
619
620
630
620
620
619
619
619
619
619
619
649
619
620
619
620
620
633
631
619
620
664
618
619
654
621
619
637
620
620
626
620
620
619
620
632
620
632
620
622
620
620
620
619
620
620
619
620
620
619
621
620
620
632
620
619
621
619
635
620
620
629
620
621
619
620
620
620
620
619
619
620
620
621
620
619
636
620
621
620
627
635
620
620
659
621
619
620
630
620
619
619
643
620
620
633
620
629
630
620
620
620
619
621
619
621
619
620
620
620
619
648
620
620
647
621
619
646
621
619
620
620
621
620
668
619
620
659
620
620
646
620
620
629
627
621
619
620
620
619
619
619
619
624
619
619
620
619
620
631
620
621
639
619
619
633
619
620
619
621
620
628
620
620
622
620
620
619
631
619
619
657
621
620
631
619
620
630
620
620
620
622
620
621
619
621
620
620
619
627
645
619
622
630
620
620
634
620
627
619
620
620
619
620
619
619
619
621
620
620
620
628
628
620
620
643
619
620
628
624
620
619
623
620
620
628
619
619
619
620
620
663
623
620
632
627
619
619
620
620
619
619
619
620
637
620
619
649
620
620
649
619
619
620
620
619
619
619
620
622
636
619
620
647
619
620
631
621
621
648
620
624
648
633
620
619
620
620
620
620
620
627
647
619
619
640
620
619
644
621
627
622
619
619
622
620
620
619
643
619
627
619
620
633
620
641
620
620
630
637
619
631
626
620
650
620
662
638
619
620
650
620
620
627
620
621
620
619
621
630
634
619
627
652
620
620
632
619
620
623
620
620
628
620
619
620
619
620
619
651
620
620
630
619
620
647
627
620
619
620
627
620
620
620
620
619
620
620
636
660
619
646
619
620
620
619
620
619
619
627
619
620
630
620
645
619
638
632
619
621
645
619
620
619
619
620
620
622
621
619
620
620
622
638
620
620
629
620
624
631
619
619
789
620
621
635
620
620
647
620
619
661
619
619
640
619
619
622
620
619
621
630
620
628
701
620
620
620
620
619
619
620
627
641
620
620
630
643
620
620
620
628
625
620
620
619
667
620
620
630
627
619
638
619
619
619
620
619
621
620
628
620
632
620
620
633
621
619
657
620
649
633
621
620
670
620
621
641
620
620
650
619
631
641
619
620
621
620
621
620
619
619
620
636
619
620
675
621
619
634
620
619
628
621
621
620
620
619
619
649
620
626
648
620
619
633
620
620
619
620
620
625
623
620
619
619
619
619
648
619
620
646
632
619
649
623
620
631
627
619
647
619
619
632
620
619
620
620
620
620
619
620
619
619
620
619
626
620
620
646
620
621
630
620
620
651
627
619
620
620
620
620
620
619
622
619
619
619
622
619
620
648
619
620
634
620
619
623
645
619
620
620
619
620
620
620
620
631
619
620
649
649
627
633
620
620
648
620
619
620
620
620
620
734
620
648
619
697
639
620
620
647
620
620
620
620
658
639
619
627
699
620
620
619
703
619
620
620
622
620
622
627
619
625
619
620
619
619
619
619
619
619
625
620
620
630
620
619
628
619
619
620
619
633
621
620
646
619
621
702
620
622
685
619
619
709
698
620
640
625
620
655
620
632
651
620
620
643
694
621
630
621
619
631
620
619
656
619
621
649
620
630
627
620
620
621
620
620
620
620
619
620
620
620
621
645
620
626
631
619
620
644
620
619
621
619
620
620
619
619
632
633
620
620
646
620
620
620
626
622
620
619
619
619
637
620
619
664
619
620
620
620
620
620
620
620
624
645
619
619
646
619
621
634
619
621
726
620
620
632
635
620
627
619
627
643
619
619
620
619
619
620
620
635
626
645
620
619
630
621
620
632
620
633
620
648
635
620
620
620
620
620
621
622
619
620
620
630
621
649
647
625
619
633
619
623
630
619
619
620
620
620
629
620
621
620
620
619
623
634
622
621
644
620
619
631
621
619
646
620
619
620
620
619
620
620
620
620
762
687
620
620
620
620
622
619
620
620
619
619
620
627
622
620
619
620
628
623
621
629
620
619
642
620
646
620
620
620
619
620
623
620
620
620
620
620
627
648
658
621
620
630
619
620
643
621
619
691
620
619
625
619
656
620
620
620
619
620
619
619
630
619
620
630
619
620
647
620
622
620
622
619
619
621
620
619
631
619
619
660
619
620
632
620
619
620
620
619
627
620
625
619
620
619
620
667
620
620
631
620
622
689
619
626
630
625
620
645
620
620
620
620
644
622
620
619
653
620
619
620
620
620
620
629
622
623
636
619
621
690
620
620
619
620
620
620
619
619
620
620
620
619
649
620
620
632
620
625
659
620
620
629
619
620
619
648
619
620
620
620
620
627
620
620
619
620
620
641
643
620
629
620
621
629
620
619
633
620
621
619
620
643
620
620
620
622
621
619
628
621
622
620
644
619
636
628
620
619
629
620
620
620
620
620
619
621
619
620
620
619
620
628
619
619
642
619
620
727
619
620
679
620
643
631
619
619
706
620
630
633
619
620
654
644
621
629
702
621
684
620
620
629
629
619
628
620
621
619
619
620
621
645
682
634
620
619
619
620
634
620
625
620
619
620
636
620
631
620
619
632
619
620
633
619
619
621
619
619
620
620
620
619
620
622
619
632
621
627
635
620
620
629
623
698
636
619
619
628
622
619
620
620
621
619
638
619
627
640
620
621
620
650
620
619
621
620
619
620
620
622
643
620
619
633
619
619
620
620
620
622
620
630
621
619
635
620
626
620
619
633
622
620
629
630
620
631
668
626
627
625
623
630
619
620
635
620
619
619
620
620
619
624
620
620
620
619
619
635
620
620
630
