927
928
929
949
928
927
975
929
954
928
1074
929
967
928
1160
928
928
928
954
940
927
965
1046
928
940
927
963
928
928
928
928
938
929
935
927
932
938
928
928
927
929
953
936
928
927
944
939
932
928
928
928
959
929
928
927
935
962
928
929
938
929
928
936
936
962
928
945
928
928
947
934
928
933
928
965
928
928
953
928
943
928
927
953
927
952
928
928
941
932
928
929
929
965
928
929
936
928
956
945
937
928
928
960
928
929
940
929
963
929
928
928
928
956
928
938
934
945
949
928
944
942
931
952
928
928
941
929
929
927
928
942
928
950
928
928
941
937
959
929
928
969
928
941
939
928
952
928
946
928
928
951
928
954
928
928
940
928
950
927
928
928
944
939
928
929
928
928
954
942
927
928
944
958
929
927
928
927
939
927
959
928
928
928
928
953
987
938
961
985
928
929
957
936
928
928
927
945
928
928
935
928
939
929
933
941
929
928
1023
962
944
930
963
928
927
933
927
955
929
927
965
929
938
966
928
928
928
939
927
938
928
929
940
928
933
927
938
939
927
927
963
935
940
928
938
959
928
928
929
928
957
954
941
928
928
951
929
928
928
938
952
929
927
927
929
938
938
928
928
927
938
928
944
974
927
939
928
928
954
928
929
938
927
939
942
928
929
928
963
928
928
941
928
928
928
928
948
927
927
927
927
938
928
939
944
946
952
928
928
929
928
954
929
928
929
929
957
927
928
928
928
949
928
928
939
944
941
928
928
941
929
927
928
927
949
927
946
940
927
955
928
928
928
928
954
927
929
940
929
954
927
929
929
927
966
929
928
944
957
944
929
928
936
928
938
928
928
943
956
961
928
928
928
928
938
927
928
928
928
951
928
927
928
927
955
928
928
929
944
987
928
939
984
938
958
928
929
928
944
985
927
940
928
928
952
938
939
928
975
928
928
940
927
928
1023
928
940
929
959
936
928
959
927
928
940
929
927
928
927
999
929
927
929
929
947
928
928
956
929
943
950
930
959
928
928
927
928
954
928
938
930
928
953
929
927
932
937
941
928
928
929
959
952
935
928
1030
929
950
930
927
928
999
928
928
952
927
965
930
926
950
928
935
937
928
953
936
929
927
929
944
928
927
996
928
940
929
928
950
928
928
935
929
940
928
927
928
928
947
928
927
929
929
953
974
928
928
927
954
928
929
944
927
936
927
928
961
928
928
929
935
954
928
929
927
975
942
928
929
928
928
943
927
928
928
928
977
928
927
962
929
942
928
927
951
929
931
928
929
956
928
928
928
928
938
928
927
980
928
942
928
928
950
929
940
928
928
954
947
928
928
927
948
928
928
943
928
937
1007
960
928
928
928
929
948
954
928
927
927
946
928
928
928
927
977
936
936
928
928
947
928
928
932
938
948
928
934
929
928
936
928
938
936
927
947
928
928
937
935
927
929
928
942
928
928
928
928
954
928
927
928
928
937
927
929
928
930
945
929
928
935
929
942
928
928
928
929
947
955
928
928
927
939
929
947
937
928
946
962
927
928
928
946
928
927
928
928
941
943
953
928
928
966
927
927
927
928
950
928
941
929
934
938
928
928
928
928
943
928
927
928
928
985
928
928
928
927
953
928
928
945
928
928
932
928
941
928
929
927
927
957
935
928
929
928
951
1197
929
928
928
952
935
937
928
927
928
928
945
927
927
927
928
953
928
932
937
929
956
927
928
929
927
944
928
928
928
929
936
928
928
940
928
934
928
927
939
928
927
928
928
936
927
927
938
928
941
928
929
928
927
928
928
928
984
933
999
927
927
950
927
927
928
942
941
927
928
927
933
947
928
936
932
928
939
959
928
928
935
938
928
928
928
928
938
929
928
928
929
939
928
928
940
927
939
928
952
928
929
928
935
947
927
927
928
928
992
928
927
965
937
959
928
928
928
928
951
931
928
928
927
950
928
927
928
927
941
938
937
927
928
953
928
928
937
927
938
928
927
943
928
928
931
938
950
928
927
928
944
935
932
932
927
931
950
928
928
928
940
946
929
927
928
928
937
929
927
942
931
952
928
927
943
927
928
933
927
952
928
927
943
928
937
928
927
929
928
937
928
928
955
928
937
928
928
955
927
934
929
928
938
941
928
928
928
936
927
928
940
929
934
929
941
940
928
927
927
927
933
928
928
928
927
943
928
929
927
928
936
928
927
928
934
950
928
927
952
928
927
927
928
1009
927
950
983
933
928
936
969
927
927
928
928
938
928
936
928
928
951
928
927
987
928
941
936
928
929
928
946
927
928
928
928
941
929
932
928
928
939
928
927
929
928
951
927
964
928
928
982
928
937
939
928
927
929
928
961
928
929
927
928
934
928
929
928
932
973
927
928
928
927
961
928
928
928
929
955
959
928
941
928
929
928
928
941
928
928
928
929
1083
928
941
929
928
949
928
965
928
927
928
928
954
928
928
941
928
945
928
1015
928
928
947
927
928
936
927
936
928
928
937
928
928
928
928
950
928
929
929
928
960
928
928
927
928
970
928
928
928
941
950
928
939
927
928
942
936
938
928
928
957
954
938
928
929
948
929
938
927
928
950
941
937
928
928
947
928
928
928
927
940
929
959
927
928
951
928
927
929
929
950
928
928
938
927
955
928
927
927
955
961
928
929
972
928
949
928
935
940
927
926
928
928
940
930
935
929
928
939
928
929
928
936
952
964
928
928
928
949
936
928
928
929
953
928
928
927
928
947
934
927
928
928
950
935
956
946
928
929
928
928
942
927
928
928
927
968
928
927
931
928
941
929
927
947
928
939
929
928
948
928
940
928
928
950
927
929
945
928
950
929
935
928
927
950
928
928
927
928
938
926
928
927
928
939
927
928
949
942
939
927
928
953
936
927
928
928
951
928
948
929
928
942
927
928
928
927
940
935
928
928
928
942
928
928
959
927
940
1010
928
942
930
945
928
929
936
928
940
928
1022
957
928
1062
927
947
927
928
935
932
945
942
928
927
928
954
928
928
928
927
945
928
943
941
929
948
928
928
939
928
936
927
928
948
928
928
928
936
938
928
928
927
