1272
1236
1250
1237
1260
1293
1255
1236
1418
1236
1261
1245
1246
1242
1245
1237
1272
1236
1255
1237
1245
1236
1252
1246
1238
1236
1237
1253
1237
1246
1236
1236
1237
1295
1236
1252
1252
1251
1236
1250
1241
1272
1265
1253
1235
1237
1237
1236
1245
1236
1262
1263
1260
1236
1247
1237
1262
1236
1250
1237
1253
1236
1267
1236
1260
1236
1245
1236
1266
1242
1237
1251
1246
1250
1237
1260
1236
1279
1244
1259
1252
1245
1236
1236
1237
1236
1266
1235
1236
1236
1257
1236
1248
1237
1264
1237
1249
1263
1254
1236
1247
1236
1259
1252
1237
1236
1253
1236
1235
1237
1237
1249
1266
1246
1236
1282
1237
1248
1236
1270
1236
1268
1311
1295
1236
1247
1235
1254
1236
1273
1236
1246
1258
1248
1236
1253
1235
1236
1243
1236
1269
1236
1235
1237
1237
1237
1267
1236
1236
1252
1236
1236
1254
1237
1250
1265
1259
1237
1248
1236
1255
1236
1250
1246
1246
1236
1262
1237
1255
1236
1235
1236
1267
1236
1246
1236
1236
1236
1236
1252
1268
1236
1244
1236
1359
1236
1241
1236
1273
1258
1248
1235
1260
1237
1259
1236
1255
1246
1260
1236
1254
1235
1235
1236
1236
1237
1265
1237
1236
1268
1237
1271
1236
1245
1241
1293
1236
1247
1235
1263
1237
1248
1236
1242
1260
1244
1241
1236
1255
1237
1245
1246
1267
1236
1248
1237
1255
1246
1236
1236
1237
1236
1237
1236
1237
1256
1236
1247
1237
1259
1244
1246
1237
1261
1236
1235
1246
1236
1237
1261
1256
1237
1255
1237
1258
1236
1247
1240
1293
1237
1236
1237
1237
1236
1236
1313
1240
1265
1237
1237
1250
1237
1237
1261
1236
1284
1236
1246
1396
1250
1236
1246
1244
1264
1259
1249
1236
1250
1247
1248
1237
1247
1271
1243
1246
1236
1237
1236
1254
1236
1249
1256
1252
1236
1258
1236
1249
1236
1249
1251
1287
1237
1247
1252
1236
1235
1237
1242
1253
1264
1236
1248
1237
1259
1235
1259
1236
1273
1269
1249
1236
1245
1245
1236
1237
1236
1236
1244
1236
1236
1249
1237
1261
1245
1249
1267
1262
1236
1250
1247
1262
1237
1250
1252
1265
1238
1236
1236
1236
1236
1236
1263
1253
1278
1237
1257
1236
1250
1245
1260
1236
1263
1238
1236
1236
1236
1236
1236
1236
1236
1274
1236
1236
1237
1257
1236
1255
1237
1307
1248
1249
1237
1275
1237
1236
1237
1237
1270
1236
1249
1235
1260
1334
1257
1276
1262
1236
1249
1236
1246
1236
1295
1236
1237
1237
1247
1259
1235
1249
1236
1267
1246
1253
1237
1259
1237
1248
1245
1281
1236
1235
1253
1236
1245
1236
1236
1236
1288
1236
1254
1237
1251
1236
1246
1303
1269
1268
1251
1237
1255
1236
1237
1240
1236
1463
1236
1235
1244
1236
1236
1237
1236
1236
1253
1236
1236
1258
1237
1246
1236
1258
1237
1267
1236
1261
1235
1256
1241
1236
1236
1236
1236
1245
1236
1237
1245
1237
1259
1240
1265
1245
1247
1236
1261
1248
1246
1236
1237
1271
1236
1246
1237
1236
1236
1257
1236
1249
1250
1263
1237
1245
1237
1270
1236
1250
1236
1264
1236
1236
1237
1238
1236
1237
1258
1236
1248
1236
1246
1237
1248
1236
1269
1237
1292
1236
1258
1236
1247
1236
1237
1237
1236
1283
1245
1257
1237
1246
1236
1247
1247
1258
1279
1246
1237
1256
1236
1236
1236
1237
1236
1236
1242
1236
1270
1236
1236
1235
1246
1376
1239
1237
1236
1237
1245
1242
1304
1278
1244
1399
1235
1236
1251
1236
1244
1237
1249
1236
1265
1236
1253
1242
1254
1236
1246
1236
1251
1237
1247
1236
1252
1237
1246
1236
1236
1236
1235
1254
1237
1264
1237
1261
1237
1244
1237
1254
1236
1237
1237
1237
1235
1236
1237
1236
1246
1236
1265
1244
1246
1236
1264
1236
1245
1246
1267
1261
1247
1242
1250
1242
1242
1237
1251
1243
1247
1238
1250
1236
1236
1235
1237
1249
1280
1236
1237
1236
1236
1258
1236
1247
1236
1254
1236
1254
1237
1256
1235
1236
1236
1246
1243
1237
1236
1237
1247
1236
1258
1237
1248
1237
1257
1236
1248
1235
1238
1237
1236
1261
1244
1237
1236
1236
1237
1236
1246
1250
1251
1255
1235
1249
1240
1261
1237
1249
1236
1244
1245
1236
1236
1236
1235
1236
1256
1236
1253
1237
1257
1236
1250
1236
1309
1236
1249
1236
1243
1235
1236
1236
1237
1236
1237
1255
1237
1253
1236
1250
1237
1267
1237
1246
1250
1262
1235
1245
1237
1236
1236
1237
1248
1254
1247
1236
1263
1236
1247
1237
1258
1237
1259
1236
1252
1249
1245
1236
1243
1237
1253
1243
1242
1261
1244
1256
1237
1305
1237
1329
1237
1322
1236
1248
1238
1299
1242
1245
1236
1256
1237
1247
1235
1238
1237
1236
1238
1236
1248
1236
1245
1236
1255
1237
1265
1236
1247
1237
1256
1237
1249
1237
1236
1236
1237
1237
1274
1237
1236
1237
1252
1246
1244
1247
1235
1287
1236
1246
1237
1246
1236
1237
1235
1237
1241
1235
1236
1236
1237
1237
1246
1240
1267
1236
1250
1236
1264
1236
1247
1237
1249
1244
1234
1246
1236
1236
1236
1261
1236
1261
1244
1262
1236
1248
1237
1255
1235
1252
1236
1244
1240
1237
1236
1237
1237
1237
1248
1246
1259
1236
1266
1248
1258
1262
1251
1235
1264
1236
1254
1246
1248
1236
1257
1237
1237
1244
1237
1237
1236
1248
1236
1261
1236
1251
1245
1257
1236
1246
1246
1236
1236
1237
1236
1244
1245
1236
1255
1236
1252
1236
1257
1236
1248
1237
1260
1236
1236
1236
1236
1237
1240
1258
1236
1256
1237
1260
1236
1248
1236
1268
1236
1246
1236
1237
1236
1237
1237
1236
1263
1236
1246
1249
1245
1237
1246
1236
1245
1261
1256
1237
1245
1237
1236
1237
1236
1235
1260
1254
1236
1246
1241
1256
1236
1247
1236
1254
1248
1249
1236
1236
1237
1236
1243
1236
1236
1236
1236
1235
1269
1237
1342
1236
1274
1239
1256
1236
1283
1251
1262
1235
1253
1402
1248
1236
1291
1236
1269
1236
1250
1236
1256
1236
1236
1242
1237
1236
1236
1238
1253
1236
1236
1246
1239
1263
1240
1247
1237
1252
1236
1247
1246
1240
1236
1236
1236
1236
1254
1236
1246
1236
1253
1237
1247
1240
1255
1236
1236
1236
1236
1236
1237
1237
1236
1249
1237
1258
1236
1269
1236
1245
1235
1266
1237
1246
1237
1237
1252
1244
1237
1236
1249
1236
1258
1236
1245
1252
1248
1237
1236
1236
1237
1235
1237
1236
1236
1247
1244
1246
1237
1268
1236
1246
1237
1256
1237
1246
1237
1265
1244
1263
1236
1252
1236
1236
1244
1237
1268
1237
1258
1236
1252
1237
1252
1237
1246
1266
1252
1236
1236
1237
1235
1236
1244
1247
1268
1427
1237
1236
1236
1247
1236
1252
1243
1251
1249
1249
1236
1247
1236
1251
1236
1266
1237
1259
1236
1236
1238
1236
1236
1236
1238
1236
1235
1237
1236
1235
1256
1237
1259
1237
1250
1236
1248
1236
1250
1246
1249
1257
1249
1237
1238
1246
1236
1237
1236
1255
1266
1254
1236
1255
1235
1249
1236
1270
1237
1266
1237
1237
1236
1246
1244
1237
1255
1236
1380
1236
1248
1236
1266
1236
1236
1237
1237
1248
1236
1236
1236
1248
1246
1270
1237
1246
1236
1246
1243
1247
1237
1259
1236
1236
1273
1236
1237
1236
1251
1236
1252
1236
1244
1266
1271
1236
1252
1252
1248
1236
1244
1237
1267
1243
1237
1236
1252
1247
1235
1262
1236
1284
1236
1284
1236
1274
1236
1236
1235
1247
1242
1254
1237
1283
1250
1271
1236
1260
1267
1237
1236
1236
1251
1236
1236
1237
1235
1236
1237
1249
1248
1242
1247
1237
1259
1260
1248
1236
1266
1240
1237
1244
1235
1236
1250
1241
1236
1256
1239
1260
1236
1249
1236
1297
1236
1248
1236
1240
1236
1237
1236
1236
1271
1237
1250
1237
1254
1237
1250
1237
1237
1250
1243
1237
1236
1241
1237
1249
1245
1265
1249
1249
1236
1252
1240
1247
