1545
1601
1545
1556
1581
1573
1582
1545
1785
1544
1560
1556
1545
1544
1544
1561
1568
1561
1577
1554
1544
1544
1556
1559
1554
1544
1567
1544
1544
1545
1543
1554
1554
1586
1545
1554
1545
1554
1569
1547
1582
1545
1564
1545
1564
1544
1551
1564
1560
1556
1545
1566
1544
1591
1544
1560
1575
1544
1567
1544
1573
1544
1544
1569
1550
1564
1544
1555
1582
1568
1562
1544
1544
1554
1556
1545
1574
1544
1661
1584
1545
1552
1545
1556
1544
1560
1545
1544
1545
1557
1562
1545
1552
1544
1567
1545
1556
1544
1545
1555
1548
1563
1544
1685
1545
1557
1545
1545
1552
1545
1564
1545
1556
1545
1563
1549
1546
1553
1545
1561
1545
1558
1545
1564
1544
1544
1545
1545
1556
1544
1566
1545
1552
1545
1545
1545
1544
1552
1545
1558
1545
1554
1545
1545
1555
1548
1561
1546
1570
1544
1574
1545
1545
1561
1544
1553
1545
1553
1545
1568
1547
1543
1551
1544
1555
1546
1554
1546
1561
1545
1544
1563
1577
1559
1548
1598
1545
1545
1560
1560
1561
1545
1556
1572
1555
1598
1556
1579
1545
1559
1554
1557
1546
1545
1559
1553
1555
1544
1565
1545
1561
1548
1558
1555
1545
1554
1544
1556
1545
1576
1544
1553
1556
1544
1569
1545
1572
1560
1573
1545
1545
1554
1545
1559
1558
1569
1545
1556
1545
1545
1544
1549
1592
1544
1557
1584
1560
1554
1543
1560
1545
1556
1544
1567
1544
1559
1549
1559
1556
1545
1581
1544
1558
1555
1569
1545
1544
1557
1553
1563
1545
1561
1560
1580
1545
1546
1544
1544
1555
1555
1565
1545
1556
1544
1545
1545
1548
1576
1545
1565
1547
1565
1545
1544
1561
1544
1556
1544
1566
1544
1903
1548
1545
1630
1556
1559
1544
1565
1575
1575
1568
1551
1554
1544
1563
1544
1574
1556
1544
1560
1558
1554
1544
1549
1555
1545
1554
1544
1572
1544
1573
1547
1545
1555
1545
1572
1544
1558
1560
1566
1545
1545
1553
1545
1562
1545
1577
1545
1557
1544
1544
1562
1544
1571
1545
1578
1555
1555
1545
1568
1545
1563
1551
1545
1557
1544
1568
1554
1569
1552
1544
1544
1552
1569
1545
1554
1561
1563
1544
1554
1544
1544
1545
1552
1581
1545
1554
1545
1560
1546
1566
1562
1551
1560
1545
1551
1544
1577
1544
1558
1544
1561
1545
1544
1560
1545
1591
1551
1555
1553
1545
1545
1545
1554
1552
1563
1545
1548
1544
1555
1545
1701
1755
1544
1557
1623
1557
1545
1563
1544
1545
1564
1545
1558
1545
1569
1545
1604
1545
1545
1552
1549
1567
1545
1556
1567
1563
1544
1545
1545
1543
1563
1577
1565
1544
1561
1552
1544
1545
1544
1589
1551
1559
1544
1562
1544
1564
1577
1545
1544
1545
1565
1544
1557
1545
1595
1545
1571
1544
1544
1555
1545
1570
1545
1562
1545
1562
1544
1545
1544
1578
1558
1549
1571
1544
1554
1544
1563
1570
1543
1564
1544
1554
1552
1564
1576
1566
1544
1551
1544
1544
1562
1545
1589
1552
1566
1545
1553
1544
1552
1581
1544
1553
1544
1563
1545
1554
1544
1579
1545
1544
1565
1545
1553
1545
1565
1550
1545
1544
1545
1560
1545
1563
1591
1556
1552
1567
1551
1545
1545
1545
1577
1545
1565
1544
1555
1553
1558
1591
1545
1555
1543
1568
1545
1571
1545
1579
1544
1545
1554
1544
1558
1558
1570
1544
1555
1545
1554
1563
1545
1579
1548
1576
1545
1558
1545
1546
1554
1552
1568
1553
1544
1560
1545
1618
1545
1581
1559
1545
1568
1545
1556
1545
1594
1544
1549
1562
1547
1568
1565
1569
1561
1569
1545
1545
1552
1545
1559
1549
1555
1550
1553
1546
1544
1544
1544
1569
1544
1568
1544
1553
1544
1544
1558
1545
1552
1545
1562
1545
1577
1545
1561
1553
1544
1558
1544
1556
1545
1580
1545
1545
1554
1545
1573
1545
1555
1558
1569
1545
1545
1566
1545
1555
1557
1559
1545
1544
1545
1545
1556
1544
1572
1544
1556
1545
1544
1554
1545
1591
1545
1555
1544
1564
1553
1544
1561
1545
1558
1552
1567
1544
1556
1545
1560
1557
1545
1562
1545
1554
1545
1613
1551
1563
1573
1545
1554
1545
1544
1587
1544
1563
1549
1555
1562
1545
1622
1569
1566
1549
1562
1545
1544
1602
1544
1569
1545
1554
1544
1562
1552
1559
1545
1545
1557
1554
1566
1545
1593
1545
1555
1544
1544
1562
1544
1556
1576
1545
1544
1544
1555
1545
1567
1575
1556
1544
1545
1544
1544
1557
1544
1563
1545
1556
1544
1544
1545
1544
1596
1545
1556
1545
1565
1545
1559
1545
1573
1545
1546
1559
1544
1567
1545
1564
1544
1546
1545
1545
1545
1574
1559
1555
1634
1544
1585
1545
1557
1544
1631
1544
1545
1560
1549
1557
1545
1571
1544
1562
1549
1545
1544
1545
1566
1545
1563
1545
1561
1545
1545
1564
1566
1555
1545
1579
1544
1545
1544
1561
1556
1545
1558
1546
1556
1555
1546
1554
1544
1562
1545
1551
1544
1556
1571
1545
1555
1544
1564
1545
1555
1544
1584
1545
1787
1575
1572
1561
1545
1585
1545
1545
1561
1546
1551
1544
1566
1545
1554
1545
1544
1544
1545
1560
1576
1555
1544
1565
1544
1564
1544
1545
1561
1544
1559
1544
1555
1544
1572
1576
1545
1545
1545
1566
1544
1560
1544
1591
1545
1554
1545
1545
1545
1545
1561
1546
1558
1544
1564
1544
1554
1544
1574
1544
1553
1564
1545
1565
1545
1570
1561
1556
1544
1545
1544
1554
1552
1574
1554
1545
1562
1544
1560
1543
1544
1578
1545
1552
1546
1571
1544
1556
1546
1557
1544
1545
1549
1545
1616
1544
1585
1595
1545
1562
1544
1564
1551
1592
1545
1545
1556
1561
1560
1565
1569
1545
1545
1544
1544
1552
1546
1560
1546
1562
1544
1544
1616
1545
1556
1545
1566
1550
1568
1548
1546
1557
1545
1605
1545
1562
1548
1544
1552
1550
1579
1546
1567
1552
1563
1545
1545
1557
1580
1569
1545
1561
1544
1562
1552
1573
1570
1544
1557
1555
1565
1545
1558
1574
1551
1557
1548
1564
1544
1563
1573
1576
1545
1544
1568
1551
1556
1543
1598
1544
1552
1549
1544
1555
1545
1602
1545
1557
1544
1546
1552
1545
1557
1569
1568
1553
1562
1545
1551
1545
1575
1558
1546
1556
1545
1569
1552
1545
1565
1543
1556
1554
1569
1545
1559
1574
1553
1556
1546
1566
1544
1565
1544
1550
1545
1544
1552
1557
1555
1546
1586
1545
1545
1545
1545
1549
1545
1558
1545
1567
1545
1555
1544
1543
1552
1559
1578
1545
1554
1545
1569
1545
1553
1558
1546
1562
1545
1570
1545
1554
1551
1565
1553
1554
1548
1544
1555
1544
1569
1557
1557
1545
1570
1545
1565
1545
1545
1556
1544
1576
1544
1555
1545
1576
1545
1553
1544
1545
1561
1545
1562
1560
1566
1545
1556
1544
1544
1545
1545
1572
1545
1556
1544
1569
1544
1555
1564
1545
1557
1546
1562
1552
1554
1544
1568
1546
1568
1545
1544
1562
1623
1567
1568
1623
1545
1591
1561
1545
1585
1545
1546
1544
1558
1560
1545
1561
1558
1563
1545
1545
1552
1545
1569
1559
1557
1546
1567
1544
1545
1545
1545
1566
1544
1564
1544
1562
1544
1552
1553
1544
1545
1546
1551
1552
1562
1545
1562
1544
1569
1552
1546
1561
1545
1555
1553
1565
1547
1553
1547
1570
1545
1552
1560
1545
1555
1560
1574
1544
1566
1553
1557
1558
1545
1556
1545
1573
1551
1555
1616
1544
1566
1545
1555
1546
1570
1545
1556
1548
1545
1556
1545
1564
1545
1557
1544
1570
1555
1544
1554
1565
1554
1559
1576
1544
1554
1544
1553
1544
1545
1562
1561
1558
1545
1566
1561
1545
1545
1571
1555
1545
1569
1559
1562
1544
1545
1559
1544
1558
1544
1571
1544
1575
1578
1544
1564
1544
1580
1562
1574
1553
1544
1544
1545
1566
1545
1563
1545
1571
1556
1545
1544
1558
1555
1556
1559
1545
1564
1545
1553
1565
1545
1556
1561
1569
1545
1558
1558
1545
1561
1547
1555
1545
1556
1544
1588
1545
