1852
1873
1864
1873
1860
1907
1854
1929
1862
1863
1864
1852
1865
1866
1853
1853
1883
1853
1864
1853
1883
1873
1853
1854
1872
1853
1865
1905
1853
1866
1852
1852
1863
1868
1854
1887
1853
1862
1866
1852
1876
1853
1869
1861
1862
1853
1871
1852
1862
1872
1859
1862
1853
1889
1864
1853
1864
1868
1852
1864
1864
1852
1863
1852
1853
1862
1883
1880
1864
1854
1875
1853
1853
1892
1852
1854
1873
1854
1871
1896
1858
1871
1853
1853
1863
1860
1900
1863
1852
1873
1860
1853
1899
1853
1853
1860
1853
1872
1864
1896
1865
1872
1853
1865
1853
1854
1862
1854
1883
1867
1854
1867
1907
1861
1870
1853
1852
1883
1853
1852
1879
1853
1859
1862
1853
1893
1865
1853
1864
1853
1853
1877
1866
1868
1869
1852
1866
1854
1866
1868
1859
1872
1862
1853
1871
1873
1853
1871
1853
1878
1869
1853
1867
1853
1860
1871
1853
1854
1890
1853
1867
1871
1854
1871
1853
1867
1865
1854
1878
1863
1853
1872
1860
1853
1880
1851
1864
1881
1880
1872
1859
1863
1861
1943
1853
1874
1852
1853
1873
1893
1860
1859
1863
1852
1881
1853
1866
1862
1854
1872
1862
1853
1897
1863
1853
1859
1854
1869
1900
1866
1863
1872
1854
1862
1853
1869
1873
1862
1861
1871
1852
1862
1874
1853
1875
1889
1863
1868
1869
1853
1875
1863
1862
1862
1853
1887
1852
1853
1868
1853
1875
1886
1871
1864
1852
1863
1867
1852
1888
1883
1853
1865
1874
1852
1891
1867
1854
1865
1853
1875
1865
1870
1871
1852
1858
1873
1852
1852
1885
1853
1862
1873
1853
2100
1888
1950
1866
1872
1853
1863
1917
1875
1867
2107
1853
1871
1853
1866
1867
1859
1859
1865
1853
1907
1878
1853
1865
1868
1854
1872
1865
1853
1866
1853
1877
1864
1870
1876
1863
1854
1864
1853
1881
1889
1853
1877
1855
1862
1872
1853
1866
1878
1862
1865
1869
1853
1883
1857
1853
1865
1852
1879
1862
1867
1874
1854
1864
1862
1853
1869
1894
1858
1864
1853
1853
1873
1870
1853
1864
1853
1866
1863
1853
1893
1862
1853
1869
1853
1865
1901
1866
1866
1854
1852
1863
1853
2024
1863
1857
1863
1863
1854
1870
1864
1854
1863
1853
1872
1863
1856
1872
1853
1852
1872
1854
1866
1883
1854
1868
1853
1853
1882
1856
1861
1916
1853
1866
1875
1853
1879
1863
1853
1866
1851
1854
1881
1859
1853
1866
1882
1853
1912
1962
1853
2108
1893
1853
1864
1898
1853
1863
1853
1852
1864
1855
1897
1867
1863
1867
1854
1853
1882
1863
1877
1871
1852
1873
1854
1887
1876
1852
1908
1862
1853
1874
1858
1853
1964
1853
1863
1868
2005
1856
1870
1860
1853
1861
1863
1872
1882
1853
1869
1862
1852
1900
1853
1853
1862
1862
1853
1869
1852
1874
1879
1854
1861
1854
1892
1874
1853
1871
1874
1862
1863
1884
1854
1864
1853
1874
1864
1888
1887
1863
1854
1870
1852
1857
1907
1854
1864
1869
2025
1866
1907
1853
1873
1853
1854
1863
1862
1885
1864
1852
1871
1877
1855
1886
1853
1862
1863
1858
1870
1864
1895
1873
1853
1853
1863
1852
1853
1870
1853
1880
1865
1854
1882
1886
1861
1879
1854
1862
1864
1854
1895
1853
1855
1871
1853
1880
1861
1852
1884
1853
1853
1874
1925
1887
1873
1852
1860
1872
1853
2104
1864
1879
1875
1868
1853
1872
1868
1853
1873
1852
1860
1870
1854
1853
1862
1853
1864
1891
1853
1863
1865
1865
1865
1853
1853
1865
1897
1852
1864
1854
1853
1871
1853
1861
1882
1853
1867
1858
1853
1895
1854
1862
1866
1852
1863
1852
1872
1864
1853
1853
1863
1853
1892
1862
1853
1934
1862
1853
1881
1854
1852
1861
1858
1854
1871
1858
1866
1862
1854
1866
1854
1853
1878
1852
1876
1866
1854
1873
1856
1853
1870
1853
1854
1864
1853
1881
1862
1851
1866
1853
1853
1882
1859
1852
1869
1852
1866
1874
1865
1865
1853
1853
1865
1853
1878
1867
1853
1872
1853
1853
1874
1865
1861
1877
1854
1866
1872
1853
1877
1853
1854
1866
1852
1871
1856
1852
1871
1854
1853
1870
1852
1877
1873
1852
1867
1853
1854
1951
1860
1882
1870
1853
1869
1865
1906
1867
1880
1853
1869
1861
1853
1866
1852
1873
1882
1852
1865
1858
1858
1867
1853
1853
1882
1864
1867
1875
1852
1864
1854
1853
1869
1854
1860
1863
1853
1865
1861
1897
1863
1868
1853
1870
1854
1852
1862
1854
1861
1867
1852
1877
1905
1853
1864
1854
1853
1878
1852
1853
1868
1862
1864
1881
1854
1898
1861
1852
1863
1852
1854
1862
1868
1858
1868
1865
1853
1871
1855
1869
1962
1853
1853
1889
1854
1864
1879
1876
1870
1852
1852
1875
1853
1876
1874
1853
1864
1860
1854
1860
1868
1862
1870
1854
1863
1853
1863
1868
1858
1873
1865
1864
1870
1869
1854
1869
1856
1862
1867
1852
1880
1859
1853
1898
1880
1853
1901
1865
1853
1914
1852
1891
1866
1856
1852
1864
1859
1862
1866
1853
1869
1852
1857
1866
1854
1853
1900
1863
1863
1873
1853
1862
1909
1852
1862
1853
1863
1870
1853
1894
1871
1853
1864
1854
1852
1863
1852
1873
1860
1852
1871
1853
1884
1872
1854
1853
1868
1853
1863
1877
1853
1865
1852
1854
1869
1882
1863
1876
1852
1866
1855
1853
1907
1854
1860
1868
1853
1867
1854
1853
1864
1853
1853
1863
1854
1903
1867
1854
1871
1853
1852
1867
1882
1867
1870
1853
1862
1853
1861
1866
1853
1866
1868
1853
1862
1883
1852
1865
1852
1853
1862
1853
1893
1853
1852
1871
1879
1853
1901
1854
1865
1870
1853
1863
1853
1882
1864
1854
1869
1862
1853
1871
1853
1853
1868
1852
1864
1869
1884
1866
1853
1853
1864
1853
1863
1902
1854
1878
1854
1852
1863
1858
1853
1863
1853
1870
1862
1853
1901
1863
1853
1875
1852
1852
1871
1854
1866
1870
1854
1863
1852
1883
1870
1853
1864
1868
1854
1864
1882
1862
1875
1853
1853
1871
1879
1864
1881
1854
1872
1853
1853
1891
1854
1879
1863
1854
2207
1876
1929
1862
1853
1858
1878
1853
1875
1868
1862
1889
1887
1853
1867
1871
1854
1870
1868
1853
1868
1867
1853
1886
1854
1867
1868
1853
1858
1855
1852
1863
1853
1854
1885
1853
1862
1862
1853
1873
1853
1853
1873
1854
1868
1868
1853
1881
1854
1853
1861
1853
1852
1862
1867
1874
1863
1854
1891
1853
1868
1873
1853
1852
1869
1861
1864
1882
1853
1868
1861
1853
1860
1853
1863
1866
1852
1863
1867
1860
1897
1854
1852
1875
1853
1853
1869
1855
1877
1867
1852
1874
1860
1883
1871
1853
1852
1868
1858
1870
1863
1853
1871
1853
1853
1868
1890
1854
1876
1853
1864
1870
1855
1901
1853
2242
1865
1853
1853
1887
1860
1853
1862
1853
1877
1866
1880
1874
1854
1860
1866
1853
1892
1877
1853
1862
1853
1853
1876
1884
1862
1863
1853
1886
1856
1853
1881
1852
1852
1873
1853
1864
1890
1855
1862
1858
1853
1865
1853
1893
1867
1862
1877
1853
1852
1864
1860
1853
1863
1860
1862
1870
1883
1869
1871
1853
1863
1854
1880
1862
1853
1854
1863
1852
1882
1891
1853
1870
1853
1853
1869
1852
1852
1867
1853
1872
1869
1913
1906
1932
1853
1889
1864
1853
1904
1852
1853
1877
1853
1865
1917
1883
1863
1852
1852
1862
1854
1852
1867
1853
1874
1861
1853
1870
1867
1853
1860
1853
1854
1867
1854
1866
1870
1851
1871
1852
1853
1875
1853
1869
1860
1851
1870
1861
1866
1870
1853
1862
1882
1853
1863
1853
1853
1858
1853
1853
1883
1874
1861
1870
1852
1863
1860
1854
1865
1951
1868
1877
1853
1854
1870
1854
1872
1863
1854
1880
1854
1853
1868
1853
1860
1863
1853
1880
1869
1853
1860
1853
1854
1866
1862
1853
1860
1852
1875
1858
1862
1876
1866
1852
1859
1853
1868
1877
1853
1868
1853
1861
1867
1861
1853
1870
1861
1863
1893
1853
1899
1853
1852
1862
