2172
2172
2169
2323
2188
2202
2168
2161
2171
2163
2202
2187
2207
2174
2170
2175
2427
2179
2194
2174
2183
2161
2191
2181
2172
2161
2191
2170
2161
2162
2178
2179
2161
2172
2180
2162
2162
2173
2186
2192
2171
2169
2169
2162
2172
2214
2169
2172
2182
2162
2169
2201
2171
2161
2180
2172
2161
2175
2178
2161
2162
2171
2175
2180
2175
2179
2162
2166
2176
2170
2161
2179
2170
2160
2162
2172
2174
2162
2170
2176
2181
2161
2172
2160
2161
2171
2199
2166
2174
2177
2167
2162
2197
2173
2161
2178
2171
2162
2176
2173
2172
2161
2171
2187
2176
2162
2170
2188
2162
2174
2185
2174
2191
2182
2172
2192
2161
2170
2180
2170
2162
2208
2162
2162
2177
2170
2162
2191
2171
2168
2161
2281
2175
2163
2167
2170
2172
2161
2179
2174
2163
2167
2178
2177
2176
2176
2179
2161
2161
2179
2190
2160
2180
2173
2162
2161
2195
2175
2163
2179
2171
2162
2176
2173
2180
2170
2171
2182
2162
2163
2170
2172
2163
2197
2173
2161
2161
2172
2184
2181
2170
2171
2224
2170
2226
2469
2161
2175
2182
2194
2161
2193
2238
2169
2183
2179
2161
2166
2171
2182
2177
2183
2171
2160
2162
2176
2202
2168
2173
2179
2161
2166
2199
2172
2163
2179
2171
2162
2196
2173
2161
2161
2172
2181
2186
2172
2177
2161
2161
2181
2197
2162
2170
2170
2171
2391
2181
2194
2161
2163
2174
2233
2182
2205
2178
2162
2161
2234
2174
2162
2161
2177
2163
2211
2189
2174
2166
2162
2171
2175
2161
2174
2190
2162
2173
2192
2171
2162
2180
2173
2189
2191
2173
2162
2171
2173
2193
2175
2183
2181
2167
2161
2205
2173
2161
2182
2180
2161
2177
2197
2189
2162
2173
2178
2198
2162
2194
2171
2160
2178
2186
2161
2176
2171
2163
2161
2199
2187
2161
2160
2171
2178
2177
2193
2181
2172
2161
2195
2175
2170
2181
2173
2162
2190
2175
2178
2161
2182
2177
2193
2161
2188
2172
2160
2178
2198
2161
2566
2173
2196
2179
2176
2180
2179
2162
2178
2192
2169
2161
2172
2162
2172
2191
2179
2162
2182
2179
2163
2207
2186
2171
2162
2176
2187
2206
2161
2181
2214
2160
2186
2203
2161
2162
2181
2175
2161
2215
2172
2161
2162
2182
2178
2190
2176
2187
2162
2174
2197
2197
2161
2178
2174
2170
2198
2189
2161
2171
2173
2160
2179
2180
2178
2161
2161
2180
2207
2162
2180
2162
2171
2213
2189
2374
2458
2204
2174
2161
2169
2169
2176
2193
2171
2181
2161
2161
2183
2178
2162
2179
2177
2161
2160
2171
2168
2161
2170
2174
2195
2163
2178
2161
2169
2176
2202
2162
2185
2170
2161
2163
2205
2168
2161
2171
2176
2163
2193
2167
2186
2162
2172
2183
2198
2163
2411
2171
2176
2179
2189
2170
2167
2162
2176
2199
2161
2170
2178
2161
2173
2201
2160
2161
2179
2177
2161
2192
2171
2169
2162
2167
2162
2165
2170
2175
2160
2174
2175
2162
2161
2178
2168
2162
2178
2173
2161
2170
2175
2163
2162
2180
2169
2161
2180
2170
2160
2181
2180
2163
2161
2171
2160
2161
2173
2177
2162
2172
2175
2161
2166
2174
2174
2161
2175
2170
2161
2162
2172
2162
2174
2171
2179
2162
2173
2174
2168
2170
2167
2175
2161
2175
2185
2161
2162
2167
2180
2162
2177
2189
2162
2166
2168
2194
2173
2186
2171
2171
2161
2167
2184
2171
2172
2187
2161
2170
2172
2171
2163
2184
2175
2167
2161
2174
2176
2198
2214
2179
2171
2163
2188
2175
2172
2161
2188
2173
2181
2161
2185
2176
2162
2174
2202
2162
2162
2178
2178
2161
2196
2172
2171
2162
2171
2178
2182
2173
2179
2162
2162
2185
2172
2161
2186
2171
2161
2178
2180
2179
2160
2172
2178
2178
2177
2188
2179
2164
2193
2188
2160
2163
2181
2173
2162
2184
2173
2161
2162
2182
2172
2173
2173
2187
2162
2161
2179
2178
2161
2179
2188
2168
2165
2171
2172
2177
2172
2169
2192
2172
2174
2169
2161
2197
2200
2161
2161
2177
2161
2161
2205
2177
2162
2161
2169
2161
2174
2170
2172
2162
2166
2438
2177
2236
2161
2178
2171
2303
2174
2175
2166
2161
2170
2195
2166
2171
2177
2173
2163
2205
2185
2161
2162
2187
2172
2163
2179
2183
2162
2161
2204
2180
2162
2175
2179
2171
2203
2180
2176
2162
2161
2180
2185
2170
2181
2170
2163
2177
2169
2173
2167
2178
2170
2187
2162
2167
2181
2161
2183
2206
2178
2161
2175
2182
2170
2194
2179
2174
2169
2287
2170
2167
2162
2172
2171
2161
2186
2172
2161
2162
2179
2177
2165
2170
2188
2166
2160
2173
2205
2162
2175
2175
2162
2161
2204
2243
2162
2169
2172
2176
2192
2173
2178
2162
2161
2183
2199
2162
2177
2180
2161
2161
2173
2188
2168
2173
2175
2197
2162
2183
2172
2169
2162
2219
2162
2169
2174
2170
2161
2207
2171
2161
2161
2176
2190
2191
2162
2183
2163
2161
2180
2175
2161
2162
2169
2169
2170
2170
2172
2170
2161
2182
2190
2175
2177
2178
2161
2397
2211
2180
2162
2278
2173
2386
2161
2455
2215
2179
2162
2192
2186
2171
2160
2175
2172
2191
2160
2178
2162
2162
2171
2209
2170
2168
2181
2161
2162
2201
2178
2163
2160
2178
2177
2162
2176
2174
2163
2161
2173
2161
2161
2175
2183
2162
2182
2174
2180
2167
2173
2180
2175
2162
2180
2165
2172
2201
2193
2161
2214
2179
2161
2163
2204
2175
2161
2182
2181
2161
2161
2175
2190
2162
2170
2175
2170
2162
2176
2181
2171
2191
2183
2161
2176
2181
2171
2175
2185
2171
2164
2162
2170
2200
2160
2177
2182
2161
2161
2195
2169
2172
2181
2174
2162
2162
2173
2182
2161
2174
2190
2161
2163
2176
2179
2161
2189
2184
2161
2164
2179
2174
2174
2178
2168
2166
2161
2172
2192
2161
2170
2179
2161
2162
2186
2178
2162
2172
2180
2160
2161
2183
2174
2162
2179
2170
2162
2160
2174
2184
2161
2180
2181
2167
2165
2190
2172
2176
2181
2171
2165
2161
2174
2168
2161
2180
2176
2161
2178
2178
2170
2162
2177
2322
2169
2248
2172
2192
2175
2162
2458
2181
2162
2180
2180
2161
2237
2175
2179
2166
2162
2172
2170
2161
2176
2178
2162
2172
2188
2163
2163
2179
2173
2161
2183
2169
2175
2160
2171
2197
2171
2171
2182
2160
2169
2198
2184
2161
2176
2189
2161
2191
2175
2162
2178
2173
2171
2190
2161
2173
2178
2161
2179
2201
2162
2161
2168
2171
2161
2186
2176
2164
2163
2167
2181
2162
2173
2184
2161
2163
2186
2180
2161
2187
2183
2161
2175
2176
2171
2178
2170
2178
2177
2161
2175
2189
2162
2182
2186
2162
2161
2182
2173
2162
2182
2173
2178
2162
2181
2188
2161
2180
2191
2161
2161
2186
2179
2171
2192
2181
2161
2176
2178
2169
2160
2179
2169
2192
2162
2176
2171
2161
2188
2205
2162
2161
2168
2162
2171
2201
2171
2163
2186
2183
2161
2162
2200
2172
2162
2182
2180
2162
2163
2172
2173
2161
2185
2180
2162
2165
2176
2173
2180
2181
2168
2166
2160
2170
2174
2162
2178
2184
2161
2161
2191
2163
2162
2190
2261
2161
2179
2170
2172
2162
2177
2184
2160
2162
2189
2179
2159
2197
2177
2170
2162
2179
2169
2191
2162
2170
2179
2161
2170
2202
2161
2161
2188
2173
2161
2180
2170
2161
2162
2178
2180
2161
2171
2177
2162
2162
2206
2173
2161
2178
2170
2162
2191
2169
2179
2161
2174
2178
2191
2161
2177
2172
2161
2176
2198
2162
2181
2177
2180
2162
2173
2176
2162
2161
2176
2174
2162
2179
2170
2161
2160
2200
2180
2161
2172
2175
2162
2191
2171
2161
2169
2177
2186
2194
2179
2177
2161
2162
2178
2201
2162
2182
2177
2160
2162
2205
2176
2558
2161
2170
2199
2161
2172
2178
2169
2162
2205
2173
2174
2172
2188
2161
2190
2179
2175
2162
2192
2170
2191
2178
2177
2161
2161
2174
2206
2160
2172
2185
2163
2161
2207
2173
2162
2172
2171
2161
2160
2175
2187
2161
