2483
2470
2487
2494
2560
2499
2479
2542
2493
2493
2737
2478
2524
2491
2479
2503
2483
2470
2480
2482
2494
2470
2470
2486
2482
2481
2492
2469
2490
2480
2484
2487
2468
2486
2482
2484
2486
2470
2487
2481
2485
2471
2470
2483
2483
2479
2469
2497
2479
2483
2477
2469
2499
2493
2482
2478
2470
2498
2480
2490
2479
2469
2479
2488
2484
2470
2469
2480
2516
2481
2470
2471
2478
2518
2483
2470
2469
2478
2516
2483
2469
2471
2479
2484
2481
2487
2477
2480
2489
2495
2484
2480
2496
2478
2515
2480
2469
2486
2482
2522
2480
2469
2485
2487
2494
2469
2480
2487
2480
2470
2499
2482
2486
2479
2469
2498
2480
2488
2479
2470
2501
2489
2487
2479
2470
2492
2480
2489
2477
2468
2490
2510
2494
2468
2471
2485
2529
2487
2469
2476
2487
2508
2486
2478
2470
2478
2486
2475
2470
2469
2480
2495
2493
2474
2483
2479
2478
2500
2479
2477
2480
2597
2492
2484
2564
2509
2481
2550
2477
2510
2483
2486
2504
2470
2469
2486
2483
2495
2479
2486
2489
2495
2554
2695
2478
2497
2480
2522
2471
2510
2521
2487
2516
2479
2479
2486
2481
2489
2487
2470
2489
2478
2495
2495
2469
2481
2478
2469
2487
2491
2496
2480
2470
2500
2489
2489
2480
2470
2469
2506
2497
2479
2470
2470
2504
2482
2468
2477
2480
2502
2498
2477
2470
2487
2478
2503
2469
2470
2478
2481
2520
2470
2469
2485
2480
2519
2470
2481
2484
2481
2487
2484
2482
2483
2481
2471
2554
2490
2480
2485
2470
2488
2486
2482
2487
2471
2487
2496
2551
2481
2469
2486
2499
2489
2470
2482
2488
2495
2486
2477
2470
2484
2484
2481
2470
2470
2489
2493
2477
2471
2501
2479
2490
2478
2469
2487
2477
2488
2482
2482
2485
2490
2470
2473
2489
2493
2488
2468
2480
2488
2485
2477
2479
2490
2491
2483
2481
2470
2480
2489
2490
2469
2470
2489
2489
2487
2471
2496
2480
2487
2482
2480
2481
2488
2488
2474
2470
2481
2498
2549
2474
2589
2483
2484
2484
2492
2479
2589
2806
2492
2501
2490
2471
2487
2484
2479
2477
2469
2484
2495
2484
2482
2470
2485
2481
2484
2475
2483
2487
2480
2469
2469
2488
2488
2481
2470
2469
2492
2492
2480
2470
2487
2485
2482
2471
2480
2488
2485
2514
2479
2470
2488
2478
2519
2469
2471
2489
2487
2514
2470
2478
2485
2487
2484
2470
2486
2477
2488
2483
2469
2570
2491
2487
2477
2470
2469
2560
2480
2494
2470
2469
2480
2498
2479
2469
2487
2479
2484
2469
2479
2478
2484
2478
2479
2471
2486
2479
2471
2470
2480
2497
2482
2470
2470
2488
2487
2478
2469
2504
2481
2484
2470
2470
2499
2481
2494
2527
2471
2496
2488
2475
2469
2486
2485
2645
2493
2512
2471
2481
2544
2475
2481
2471
2486
2492
2480
2469
2468
2489
2493
2497
2470
2471
2488
2484
2480
2470
2481
2491
2479
2485
2469
2487
2721
2480
2483
2472
2480
2485
2479
2485
2470
2479
2483
2469
2469
2506
2485
2483
2471
2470
2505
2481
2486
2470
2470
2500
2479
2469
2471
2487
2484
2507
2470
2469
2489
2482
2520
2470
2469
2486
2481
2478
2470
2479
2478
2489
2470
2470
2484
2478
2488
2469
2483
2486
2477
2470
2470
2531
2487
2480
2469
2468
2506
2488
2482
2470
2470
2479
2489
2479
2475
2469
2480
2500
2479
2469
2479
2477
2492
2469
2471
2481
2482
2476
2473
2469
2479
2483
2470
2493
2470
2494
2503
2489
2486
2470
2534
2479
2505
2505
2485
2486
2488
2494
2483
2470
2486
2496
2483
2484
2470
2469
2480
2489
2490
2469
2469
2509
2501
2480
2472
2467
2508
2489
2484
2479
2470
2524
2491
2499
2469
2470
2517
2485
2487
2469
2478
2486
2483
2495
2477
2470
2486
2508
2482
2469
2470
2494
2498
2480
2470
2489
2482
2504
2485
2470
2489
2478
2493
2469
2470
2488
2486
2845
2489
2485
2470
2485
2482
2545
2469
2470
2805
2479
2505
2471
2470
2478
2481
2492
2471
2469
2477
2492
2508
2470
2475
2489
2479
2503
2478
2469
2476
2485
2492
2544
2469
2478
2498
2479
2504
2470
2481
2481
2479
2494
2470
2480
2481
2495
2470
2470
2489
2477
2469
2470
2501
2478
2483
2470
2479
2498
2478
2492
2469
2470
2500
2487
2477
2470
2470
2485
2503
2477
2475
2483
2476
2501
2478
2470
2482
2477
2510
2470
2477
2484
2475
2469
2476
2484
2482
2479
2470
2490
2478
2481
2470
2470
2502
2478
2484
2471
2470
2475
2496
2477
2471
2470
2484
2500
2471
2477
2470
2476
2499
2484
2470
2470
2474
2501
2476
2470
2491
2486
2483
2469
2484
2495
2481
2594
2517
2470
2507
2488
2481
2474
2470
2489
2487
2478
2480
2483
2481
2492
2491
2483
2471
2485
2499
2482
2471
2470
2617
2488
2498
2480
2504
2491
2493
2488
2470
2495
2479
2553
2480
2485
2485
2479
2482
2509
2479
2472
2480
2482
2508
2469
2487
2486
2483
2497
2470
2495
2487
2485
2469
2476
2479
2493
2486
2470
2500
2480
2501
2471
2470
2519
2487
2490
2474
2469
2501
2479
2489
2482
2480
2486
2508
2498
2472
2482
2484
2508
2471
2469
2491
2484
2506
2469
2478
2482
2485
2481
2484
2470
2487
2490
2470
2498
2498
2491
2483
2469
2499
2503
2486
2489
2479
2470
2478
2482
2499
2470
2470
2517
2479
2491
2492
2478
2517
2481
2489
2479
2470
2517
2491
2475
2473
2482
2501
2483
2470
2472
2492
2489
2509
2470
2483
2481
2488
2516
2469
2486
2479
2495
2499
2469
2487
2490
2479
2469
2496
2490
2479
2487
2485
2500
2489
2482
2480
2469
2516
2487
2486
2473
2470
2525
2481
2484
2474
2480
2480
2511
2486
2475
2469
2476
2515
2484
2470
2479
2589
2509
2485
2475
2527
2489
2515
2494
2469
2506
2480
2493
2482
2470
2495
2484
2478
2500
2481
2481
2487
2480
2500
2476
2482
2496
2479
2470
2470
2489
2480
2478
2470
2513
2483
2487
2488
2470
2519
2483
2492
2469
2469
2516
2489
2498
2472
2497
2478
2488
2478
2483
2469
2478
2521
2484
2474
2486
2486
2515
2470
2470
2491
2487
2509
2469
2478
2483
2484
2492
2479
2470
2486
2495
2471
2501
2482
2498
2478
2470
2506
2478
2490
2481
2480
2492
2480
2491
2481
2470
2485
2518
2481
2480
2497
2502
2511
2491
2477
2487
2471
2510
2487
2486
2473
2482
2521
2480
2471
2474
2480
2483
2492
2479
2473
2484
2491
2509
2470
2474
2486
2484
2492
2470
2480
2484
2483
2495
2477
2469
2485
2483
2477
2484
2487
2492
2489
2469
2486
2486
2487
2487
2469
2484
2479
2481
2505
2469
2469
2481
2494
2482
2470
2469
2508
2486
2482
2477
2580
2538
2482
2511
2474
2493
2656
2821
2503
2479
2478
2566
2481
2481
2481
2471
2490
2486
2480
2501
2470
2484
2480
2483
2487
2469
2489
2519
2487
2485
2470
2481
2510
2480
2469
2477
2479
2497
2480
2477
2486
2480
2482
2492
2470
2505
2483
2488
2484
2470
2493
2479
2488
2484
2489
2486
2496
2470
2479
2483
2490
2502
2470
2471
2499
2490
2503
2470
2481
2503
2484
2470
2487
2483
2484
2483
2478
2485
2479
2479
2520
2470
2494
2487
2479
2499
2469
2493
2485
2496
2507
2482
2488
2496
2519
2470
2469
2489
2504
2487
2469
2499
2491
2498
2486
2477
2499
2490
2480
2486
2469
2528
2483
2484
2498
2470
2498
2478
2542
2497
2478
2470
2509
2482
2496
2469
2488
2516
2480
2470
2471
2493
2509
2487
2470
2483
2494
2502
2495
2469
2485
2489
2487
2503
2470
2492
2487
2478
2517
2478
2474
2482
2484
2515
2469
2469
2508
2539
2508
2557
2477
2556
2494
2520
2470
2470
2531
2488
2484
2494
2470
2526
2478
2482
2505
2469
2482
2477
2492
2498
2469
2488
2503
2477
2472
2482
2487
2496
2470
2479
2507
2487
2495
2480
2469
2604
2481
2481
2472
2479
2502
2532
2482
2473
2516
2479
2480
2470
2473
2483
2487
2502
2469
2472
2482
2486
2504
2469
