2779
2777
2794
2856
3159
2826
2801
2788
2799
2779
2790
2793
2786
2808
2808
2786
2801
2785
2782
2803
2793
2788
2802
2804
2795
2777
2789
2808
2795
2807
2801
2788
2793
2803
2808
2789
2796
2799
2816
2779
2787
2778
2796
2799
2796
2790
2812
2794
2782
2778
2797
2808
2790
2800
2808
2796
2793
2779
2783
2791
2799
2793
2796
2801
2778
2802
2798
3204
2798
2787
2818
2805
2786
2786
2791
2779
2821
2791
2799
2802
2790
2794
2777
2965
2808
2787
2796
2787
2791
2801
2781
2778
2791
2799
2797
2803
2794
2779
2785
2786
2795
2787
2795
2809
2790
2783
2785
2784
2811
2788
2794
2789
2777
2800
2781
2793
2794
2803
2786
2802
2778
2778
2797
2809
2795
2788
2845
2805
2792
2880
2793
2778
2813
2819
2787
2793
2922
2790
2785
2778
2779
2786
2785
2798
2788
2794
2780
2782
2785
2796
2788
2796
2793
2780
2778
2790
2793
2788
2804
2789
2787
2778
2788
2792
2789
2788
2797
2792
2779
2788
2790
2797
2792
2796
2788
2780
2790
2778
2787
2802
2805
2803
2893
2910
2779
2850
2794
2789
2790
2788
2824
2784
2778
2778
2800
2814
2788
2790
2787
2808
2779
3195
2800
2795
2821
2789
2805
2787
2801
2802
2779
2787
2794
2802
2784
2802
2777
2778
2804
2789
2792
2788
2791
2816
2779
2779
2781
2816
2799
2787
2800
2788
2794
2778
2777
2790
2805
2818
2789
2800
2778
2779
2816
2787
2787
2794
2786
2787
2778
2787
2782
2817
2795
2785
2799
2779
2795
2798
2785
2798
2857
2812
2881
2779
2779
2785
2971
2792
2804
2786
2816
2787
2785
2777
2808
2797
2791
2785
2791
2787
2809
2778
2793
2786
2790
2822
2790
2778
2779
2795
2798
2790
2804
2786
2813
2793
2779
2784
2790
2806
2787
2799
2786
2777
2808
2794
2791
2789
2802
2823
2777
2779
2790
2793
2802
2791
2795
2779
2796
2816
2786
2801
2793
2805
2789
2786
2779
2791
2816
2984
2789
2788
2795
2782
2778
2795
2790
2792
2797
2793
2777
2778
2788
2801
2789
2805
2810
2800
2777
2785
2789
2793
2828
2796
2792
2778
2778
2798
2791
2801
2787
2790
2811
2776
2779
2803
2796
2810
2787
2800
2792
2782
2787
2792
2787
2805
2821
2786
2797
2786
2779
2838
2795
2794
2788
2792
2807
2777
2779
2798
2797
2788
2794
2797
2779
2792
2778
2792
2788
2794
2800
2786
2788
2778
2883
2885
2797
2813
2779
2795
2812
2813
2791
2816
2789
2805
2813
2785
2790
2786
2798
2828
2788
2777
2786
2780
2829
2795
2791
2791
2803
2778
2778
2788
2786
2806
2788
2806
2786
2779
2795
2785
2899
2797
2797
2833
2792
2923
2777
2781
2802
2790
2787
2796
2795
2786
2779
2779
2784
2794
2795
2794
2788
2788
2779
2790
2794
2790
2796
2788
2789
2779
2779
2805
2792
2793
2788
2803
2808
2778
2800
2786
2787
2818
2794
2777
2779
2788
2815
2798
2795
2792
2786
2807
2777
2786
2793
2793
2787
2792
2789
2778
2808
2788
2805
2786
2792
2821
2779
2778
2795
2796
2816
2786
2798
2787
2780
2813
2796
2796
2799
2793
2789
2779
2778
2785
2824
2797
2794
2786
2800
2810
2779
2791
2796
2793
2819
2802
2791
2778
2790
2817
2785
2785
2813
2789
2778
2789
2786
2791
2824
2799
2786
2792
2778
2810
2790
2800
2792
2795
2823
2778
2779
2794
2797
2818
2787
2802
2779
2784
2782
2900
2789
2799
2822
2807
2788
2790
2778
2818
2792
2778
2787
2831
3161
2790
2790
2875
2833
2778
2777
2776
2789
2828
2798
2800
2800
2787
2777
2794
2791
2796
2804
2799
2790
2778
2787
2806
2793
2789
2805
2789
2813
2863
2777
2779
2821
2791
2839
2800
2788
2847
2798
2778
2803
2787
2829
2797
2788
2799
2779
2806
2795
2799
2792
2792
2803
2779
2780
2794
2829
2832
2796
2800
2790
2810
2783
2781
2791
2795
2828
2792
2801
2777
2779
2816
2804
2797
2792
2798
2778
2779
2786
2793
2827
2790
2811
2789
2779
2800
2778
2786
2790
2788
2797
2788
2817
2777
2782
2793
2784
2786
2792
2819
2786
2778
2787
2787
2818
2799
2789
2786
2778
2806
2778
3224
2820
2817
2789
2807
2789
2800
2816
2778
2804
2792
2805
2821
2794
2804
2778
2793
2787
2789
2793
2792
2826
2785
2779
2789
2787
2809
2802
2802
2789
2798
2801
2777
2784
2817
2789
2802
2798
2779
2779
2807
2811
2788
2806
2800
2807
2777
2787
2794
2789
2816
2790
2792
2779
2788
2810
2792
2803
2790
2792
2794
2859
2778
2778
2861
2791
2789
2798
2792
2815
2777
2778
2789
2791
2816
2795
2788
2798
2777
2792
2803
2790
2786
2778
2796
2840
2834
2826
2788
2794
2778
2779
2794
2803
2825
2787
2795
2786
2792
2814
2779
2807
2796
2792
2816
2796
2795
2788
2786
2810
2815
2806
2825
2816
2810
2787
2778
2797
2818
2801
2802
2795
2783
2807
2779
2809
2788
2788
2816
2807
2794
2783
2802
2788
2800
2811
2800
2818
2777
2782
2787
2797
2823
2782
2803
2786
2777
2807
2798
2809
2796
2784
2799
2778
2795
2777
2815
2797
2789
2815
2787
2808
2785
2794
2788
2803
2816
2796
2806
2777
2878
2868
2799
2882
2802
2845
2810
2793
2778
2778
2794
2815
2830
2807
2787
2817
2777
2794
2787
2791
2790
2795
2808
2796
2799
2785
2779
2794
2799
2800
2792
2809
2788
2779
2800
2803
2812
2791
2792
2783
2778
2794
2796
2792
2793
2800
2785
2775
2807
2778
2786
2809
2798
2799
2788
2788
2778
2800
2807
2787
2790
2791
2796
2791
2780
2789
2790
2802
2797
2788
2793
2779
2779
2788
2790
2807
2789
2801
2796
2781
2779
2795
2789
2790
2786
2798
2801
2778
2789
2778
2786
2799
2795
2788
2779
2788
2792
2790
2792
2788
2794
2799
2785
2777
2790
2797
2808
2787
2795
2780
2777
2789
2795
2792
2785
2820
2778
2779
2802
2787
2801
2793
2796
2777
2780
2799
2794
2786
2796
2785
2804
2779
2787
2790
2788
2794
2793
2786
2790
2785
2779
2788
2812
2871
2829
2805
2825
2793
2778
2812
2798
2835
2789
2814
2788
2799
2812
2778
2831
2790
2792
2789
2785
2800
2778
2790
2787
2792
2796
2794
2789
2792
2786
2783
2787
2796
2786
2792
2797
2778
2782
2787
2804
2786
2798
2805
2778
2798
2786
2798
2788
2787
2813
2792
2779
2806
2779
2795
2800
2788
2785
2810
2788
2778
2780
2796
2812
2791
2803
2787
2778
2792
2778
2793
2787
2803
2801
2786
2787
2776
2793
2794
2802
2788
2806
2818
2779
2803
2799
2795
2809
2794
2790
2793
2777
2799
2795
2788
2802
2791
2795
2792
2779
2777
2803
2805
2788
2791
2797
2795
2779
2777
2790
2803
2806
2795
2801
2778
2786
2801
2788
2793
2790
2794
2788
2789
2779
2799
2804
2795
2791
2797
2798
2786
2779
2803
2792
2792
2801
2798
2779
2779
2794
2787
2788
2805
2987
2804
2813
2779
2791
2792
2804
2802
2806
2804
2788
2812
2786
2778
2778
2811
2791
2790
2796
2792
2792
2777
2817
2791
2799
2810
2791
2791
2778
2788
2802
2791
2801
2794
2787
2790
2780
2779
2794
2808
2794
2791
2804
2778
2784
2789
2791
2793
2796
2813
2790
2778
2789
2796
2795
2805
2798
2789
2800
2779
2778
2794
2796
2793
2813
2808
2788
2778
2785
2788
2786
2788
2802
2792
2795
2787
2778
2792
2796
2797
2785
2790
2795
2778
2795
2795
2791
2794
2789
2784
2778
2791
2805
2795
2788
2805
2788
2785
2778
2788
2794
2788
2812
2788
2778
2788
2790
2798
2788
2801
2788
2784
2786
2780
2805
2793
2795
2791
2788
2789
2778
2793
2803
2791
2793
2789
2795
2779
2778
2802
2789
2794
2795
2794
2778
2789
2779
2790
2785
2803
2788
2795
2789
2778
2915
2793
2787
2823
2795
2803
2823
2779
2837
2778
2795
2788
2786
2793
2789
2786
2776
2779
2787
2795
2798
2794
2786
2778
2780
2778
2801
2785
2791
2795
2786
2780
2780
2783
2804
2788
2793
2790
2799
2786
2778
2791
