312
312
311
313
330
311
312
311
313
312
321
312
313
311
311
322
311
311
313
312
311
341
313
312
312
312
324
311
321
311
371
312
313
314
312
312
312
312
317
312
312
311
312
312
312
312
312
324
311
310
312
326
311
312
311
311
328
313
312
313
312
312
314
312
326
312
311
313
325
312
312
313
312
312
333
312
312
320
311
311
313
352
311
313
313
314
311
312
313
323
312
312
312
311
312
313
313
312
320
312
312
314
323
313
312
312
311
313
310
314
312
312
312
312
313
313
311
312
312
356
312
311
313
312
311
311
313
342
312
311
313
312
312
312
311
311
341
312
311
313
312
313
312
311
313
311
311
313
312
311
322
313
312
312
312
313
312
356
311
311
311
319
311
312
313
339
311
313
313
323
312
313
312
311
321
313
312
311
311
312
313
312
312
312
312
312
312
324
311
359
312
323
312
312
312
311
358
312
311
322
313
312
312
310
320
313
312
312
312
311
312
311
312
312
313
312
318
313
313
317
311
322
311
311
314
347
312
311
312
313
312
312
312
374
328
313
316
310
319
312
313
317
312
312
311
312
310
312
312
312
312
312
312
311
356
325
312
312
324
312
311
312
343
310
312
312
328
312
312
311
312
312
320
312
311
311
311
311
311
312
312
312
312
311
311
311
312
339
313
311
313
323
312
311
311
312
311
312
312
312
312
313
313
311
313
311
310
319
311
312
311
312
324
310
312
312
361
312
312
312
312
311
311
312
311
312
313
311
310
312
311
312
311
312
311
311
312
323
313
312
315
313
315
312
313
313
312
310
313
312
311
312
312
312
312
313
313
312
339
322
311
313
325
313
312
312
311
313
312
312
311
311
312
312
312
312
312
312
311
313
312
312
310
347
313
312
313
323
312
313
311
312
312
312
327
312
363
311
311
311
313
312
312
312
312
312
312
320
311
311
312
312
313
312
312
311
335
312
349
312
322
311
319
313
325
319
311
312
313
310
311
311
313
311
312
311
313
313
317
312
310
324
313
311
312
321
316
312
311
313
313
312
311
312
312
312
313
312
325
312
311
313
313
312
314
312
311
312
310
311
312
322
311
313
312
319
312
312
312
313
312
312
313
311
311
311
311
312
321
311
312
312
364
311
311
336
324
312
310
311
311
312
312
312
313
311
312
312
313
312
312
311
320
322
312
312
311
312
313
312
313
311
313
312
320
314
339
311
313
312
313
313
311
311
311
312
313
311
312
324
312
311
312
313
311
312
312
312
312
312
310
312
313
311
312
312
323
312
311
313
343
320
311
311
311
313
311
312
312
311
311
312
313
312
312
311
313
321
312
312
367
313
311
312
311
311
311
311
312
312
358
314
312
312
319
354
323
312
312
312
313
311
312
312
312
312
313
311
310
311
310
312
311
310
311
313
312
322
313
318
312
329
313
312
312
312
327
312
313
312
311
312
320
312
339
312
312
312
311
311
312
311
312
312
335
312
313
362
311
312
311
322
311
311
310
312
320
313
313
312
314
312
318
312
324
311
312
311
313
320
312
312
312
312
312
312
312
357
312
312
312
322
312
311
312
311
311
312
312
316
312
311
312
311
341
313
313
315
323
313
312
311
342
313
311
314
312
311
311
312
311
313
312
310
313
313
312
312
319
321
311
312
313
312
313
311
312
313
311
311
311
311
321
311
310
312
320
312
311
311
316
312
313
326
311
312
312
311
313
312
329
312
313
323
310
313
312
312
312
313
313
312
312
312
331
311
310
314
315
312
326
312
311
317
312
312
312
313
345
311
312
312
311
313
352
312
312
361
324
313
312
311
385
312
312
339
321
312
313
311
312
312
312
322
311
311
312
312
312
312
310
312
312
346
311
312
311
312
312
310
312
311
311
311
313
311
329
312
312
313
343
311
320
312
312
311
311
320
319
312
311
311
311
311
312
313
331
317
312
312
312
313
312
312
311
341
311
312
312
312
312
310
313
312
311
312
313
328
311
313
312
345
312
312
321
313
311
312
313
311
312
312
325
313
312
312
311
312
311
312
312
312
325
311
313
312
345
312
311
311
312
312
311
311
312
311
312
312
311
313
316
312
310
312
312
312
312
329
311
312
312
311
313
313
312
313
313
311
311
312
326
317
311
312
313
313
312
311
310
312
312
312
312
338
313
312
312
318
312
312
312
312
312
312
311
312
315
312
312
314
333
312
313
313
311
312
312
312
312
349
312
317
316
326
311
312
312
311
312
316
312
312
312
313
313
312
368
312
311
312
312
311
312
311
311
312
311
312
312
326
313
312
311
310
318
312
313
311
311
311
320
312
311
311
313
312
310
310
312
313
321
311
312
313
330
311
313
312
312
312
312
312
311
312
312
312
311
313
311
312
312
324
312
312
312
336
315
312
311
312
312
313
311
313
312
311
312
312
322
313
311
312
312
313
311
311
311
313
312
311
312
334
313
312
312
312
312
312
312
312
313
312
312
313
324
311
312
312
312
313
312
311
314
312
311
322
311
313
312
311
312
328
312
313
312
311
312
311
312
312
312
311
311
336
342
311
313
312
311
312
311
315
313
312
312
311
313
326
312
312
312
341
313
311
312
311
311
311
312
312
312
312
333
312
314
313
321
312
334
312
312
319
336
313
312
313
313
310
321
312
311
311
312
312
312
328
334
311
312
312
320
312
312
311
312
311
311
313
336
314
317
311
312
322
340
312
310
312
312
312
312
357
316
312
312
333
311
311
311
311
311
311
336
312
313
312
311
312
346
311
315
312
312
312
313
313
313
311
319
312
340
326
312
312
311
311
312
312
315
312
311
312
313
313
339
311
312
311
337
312
311
313
311
311
312
314
316
312
312
312
311
340
312
311
313
312
326
312
315
312
313
312
312
311
313
312
311
312
326
312
318
312
312
311
312
312
312
313
310
311
312
314
312
316
317
360
312
313
312
312
311
342
313
314
312
312
311
313
313
315
311
312
329
312
312
311
312
313
312
312
311
313
313
312
314
312
316
311
312
326
313
311
312
312
312
313
312
312
311
311
312
312
312
313
313
312
340
