3108
3100
3130
3145
3109
3112
3171
3110
3097
3125
3108
3096
3099
3094
3097
3104
3093
3087
3101
3090
3098
3095
3112
3096
3108
3102
3095
3116
3125
3104
3118
3121
3098
3109
3098
3113
3094
3089
3086
3087
3101
3090
3095
3104
3110
3095
3111
3096
3101
3106
3114
3095
3103
3122
3126
3104
3087
3116
3096
3091
3088
3117
3121
3103
3115
3103
3124
3108
3104
3100
3135
3099
3106
3104
3105
3124
3113
3086
3086
3088
3135
3086
3086
3190
3165
3114
3088
3107
3136
3173
3110
3104
3138
3102
3102
3096
3135
3095
3105
3097
3100
3132
3103
3098
3086
3118
3087
3086
3099
3103
3099
3107
3099
3111
3110
3119
3095
3095
3109
3112
3095
3100
3104
3109
3116
3096
3087
3108
3111
3112
3098
3129
3095
3117
3104
3105
3114
3120
3095
3099
3121
3100
3118
3113
3087
3100
3113
3087
3162
3125
3113
3112
3094
3116
3097
3129
3094
3104
3109
3152
3112
3129
3110
3116
3104
3099
3112
3106
3110
3088
3096
3101
3103
3102
3164
3111
3097
3097
3101
3092
3104
3251
3136
3304
3103
3107
3109
3128
3106
3115
3110
3098
3102
3098
3140
3088
3086
3090
3103
3098
3106
3097
3110
3126
3104
3105
3102
3120
3110
3099
3104
3101
3108
3087
3095
3086
3111
3094
3099
3104
3121
3098
3105
3110
3100
3106
3109
3101
3101
3129
3103
3102
3093
3103
3094
3112
3086
3103
3125
3102
3097
3102
3115
3111
3102
3102
3098
3149
3101
3100
3086
3124
3088
3499
3086
3105
3115
3106
3097
3105
3144
3108
3099
3101
3115
3096
3098
3101
3098
3134
3099
3101
3087
3133
3087
3087
3092
3115
3126
3097
3104
3097
3150
3103
3095
3102
3139
3100
3096
3103
3101
3117
3086
3092
3086
3150
3100
3107
3102
3119
3124
3103
3096
3103
3140
3103
3106
3170
3144
3194
3097
3100
3134
3112
3091
3087
3085
3182
3094
3098
3098
3162
3097
3103
3097
3116
3125
3102
3100
3102
3144
3100
3100
3101
3102
3086
3086
3087
3100
3145
3101
3101
3099
3142
3103
3098
3100
3097
3132
3101
3099
3096
3135
3086
3086
3087
3115
3119
3106
3097
3099
3140
3106
3097
3100
3118
3105
3097
3102
3087
3117
3107
3087
3087
3150
3101
3105
3098
3118
3124
3101
3097
3101
3146
3102
3146
3103
3147
3109
3097
3100
3112
3116
3086
3093
3102
3145
3110
3096
3102
3124
3099
3098
3108
3101
3132
3105
3111
3097
3238
3123
3102
3189
3118
3094
3164
3111
3099
3229
3156
3097
3103
3104
3134
3105
3096
3086
3088
3123
3096
3103
3096
3129
3097
3106
3104
3102
3097
3115
3103
3096
3130
3098
3102
3104
3115
3086
3096
3088
3095
3137
3098
3093
3108
3124
3107
3102
3103
3104
3112
3094
3109
3105
3133
3087
3097
3086
3119
3095
3100
3095
3111
3118
3100
3105
3101
3128
3100
3095
3101
3104
3101
3088
3087
3095
3115
3101
3098
3107
3143
3116
3097
3101
3108
3133
3096
3109
3102
3131
3103
3115
3086
3098
3088
3087
3108
3099
3134
3107
3101
3103
3137
3097
3100
3112
3094
3110
3104
3099
3092
3137
3096
3087
3097
3116
3086
3111
3096
3103
3124
3107
3096
3091
3131
3094
3106
3094
3099
3101
3111
3086
3087
3107
3087
3208
3103
3157
3100
3093
3099
3097
3154
3101
3297
3100
3111
3097
3106
3096
3142
3118
3098
3102
3105
3099
3098
3104
3087
3117
3096
3094
3096
3139
3096
3098
3104
3103
3125
3117
3097
3096
3112
3154
3116
3101
3110
3118
3106
3095
3100
3109
3100
3099
3087
3108
3086
3087
3115
3092
3114
3111
3095
3099
3128
3096
3103
3104
3096
3104
3105
3085
3086
3107
3087
3097
3105
3115
3097
3111
3096
3103
3117
3104
3100
3110
3113
3093
3096
3087
3087
3093
3086
3109
3095
3128
3096
3099
3106
3112
3098
3109
3095
3095
3136
3101
3096
3095
3127
3086
3086
3088
3087
3102
3098
3104
3097
3130
3097
3104
3097
3130
3098
3110
3106
3105
3106
3100
3098
3087
3111
3087
3086
3097
3119
3096
3101
3102
3107
3120
3101
3106
3103
3121
3105
3097
3088
3095
3113
3086
3106
3105
3252
3122
3103
3102
3164
3102
3357
3394
3095
3133
3101
3100
3100
3113
3099
3094
3103
3107
3096
3113
3087
3087
3103
3086
3097
3105
3120
3119
3112
3095
3093
3117
3093
3102
3103
3100
3103
3102
3087
3087
3094
3087
3094
3101
3131
3092
3113
3098
3107
3099
3102
3154
3115
3101
3100
3103
3105
3135
3103
3095
3096
3120
3092
3085
3094
3096
3104
3095
3096
3102
3116
3107
3100
3102
3135
3098
3114
3120
3096
3096
3109
3100
3095
3119
3099
3086
3096
3113
3176
3166
3095
3097
3098
3093
3094
3095
3100
3098
3092
3104
3086
3087
3086
3094
3087
3111
3098
3098
3098
3109
3098
3103
3101
3101
3103
3101
3110
3099
3104
3101
3099
3085
3104
3086
3125
3115
3107
3099
3111
3100
3100
3106
3101
3104
3109
3096
3094
3113
3100
3100
3119
3086
3087
3096
3105
3105
3117
3103
3096
3127
3100
3101
3108
3112
3099
3112
3097
3100
3108
3100
3087
3087
3099
3087
3093
3103
3109
3107
3104
3099
3096
3125
3095
3100
3105
3106
3101
3106
3122
3107
3113
3103
3123
3283
3096
3519
3098
3094
3141
3190
3086
3087
3109
3087
3086
3096
3115
3100
3099
3096
3102
3114
3096
3099
3105
3121
3097
3104
3095
3103
3095
3099
3086
3087
3102
3096
3101
3328
3114
3109
3099
3103
3098
3114
3097
3106
3098
3121
3097
3100
3096
3110
3086
3086
3085
3087
3118
3096
3101
3098
3112
3102
3096
3102
3095
3118
3097
3110
3096
3121
3103
3097
3087
3102
3086
3086
3088
3097
3111
3123
3098
3104
3115
3105
3098
3101
3104
3104
3106
3100
3099
3161
3098
3086
3095
3103
3088
3107
3099
3095
3130
3096
3099
3102
3111
3102
3107
3103
3110
3106
3099
3102
3096
3102
3088
3101
3087
3120
3104
3103
3094
3111
3100
3103
3107
3109
3116
3107
3098
3185
3117
3163
3117
3100
3110
3097
3095
3102
3087
3111
3087
3097
3095
3109
3097
3098
3107
3098
3113
3100
3098
3098
3131
3104
3099
3109
3113
3097
3094
3088
3085
3122
3086
3099
3104
3135
3099
3113
3098
3121
3101
3099
3095
3109
3126
3099
3105
3104
3129
3116
3086
3088
3094
3087
3099
3106
3105
3115
3110
3110
3114
3110
3111
3103
3094
3095
3113
3099
3114
3096
3102
3086
3102
3086
3102
3096
3530
3126
3102
3135
3095
3125
3108
3110
3099
3120
3098
3102
3111
3098
3097
3096
3122
3101
3086
3087
3104
3087
3096
3096
3098
3107
3095
3100
3106
3104
3097
3113
3094
3100
3109
3099
3107
3094
3087
3098
3095
3096
3102
3105
3106
3097
3109
3097
3102
3107
3094
3127
3115
3100
3102
3112
3109
3100
3137
3100
3516
3109
3108
3097
3125
3214
3121
3099
3101
3097
3124
3101
3097
3104
3094
3094
3103
3133
3095
3104
3098
3126
3095
3102
3094
3085
3089
3088
3087
3102
3098
3098
3100
3094
3100
3102
3101
3093
3107
3095
3108
3102
3100
3097
3094
3086
3087
3094
3087
3094
3100
3096
3103
3110
3096
3092
3109
3094
3103
3102
3100
3098
3107
3086
3086
3094
3086
3100
3100
3097
3095
3097
3097
3101
3094
3101
3093
3111
3101
3102
3092
3104
3087
3087
3088
3086
3100
3103
3107
3090
3099
3098
3095
3103
3099
3101
3112
3093
3102
3100
3088
3087
3101
3101
3105
3127
3097
3115
3108
3114
3098
3126
3096
3101
3113
3096
3117
3103
3105
3086
3103
3096
3096
3111
3103
3108
3173
3145
3191
3210
3099
3514
3095
3132
3103
3121
3096
3111
3095
3097
3114
3099
3114
3100
3110
3097
3103
3087
3107
3092
3096
3099
3114
3110
3107
3097
3095
3120
3097
3103
3104
3103
3109
3115
3101
3109
3103
3087
3089
3110
3105
3104
3107
3100
3098
3119
3100
3103
3107
3112
3099
3108
3096
3087
3103
3088
3108
3106
3122
3099
3104
3103
3100
3098
3111
3099
3100
3123
3101
3091
