3416
3409
3455
3448
3437
3395
3402
3395
3402
3401
3404
3406
3413
3405
3415
3406
3402
3424
3408
3402
3413
3407
3408
3420
3402
3406
3424
3406
3409
3401
3421
3414
3640
3422
3464
3395
3519
3412
3463
3421
3406
3477
3413
3407
3414
3415
3411
3403
3410
3427
3409
3415
3407
3407
3417
3405
3405
3411
3418
3402
3398
3395
3404
3395
3396
3411
3407
3405
3416
3418
3407
3405
3410
3417
3409
3406
3409
3417
3413
3407
3411
3417
3415
3413
3409
3419
3407
3412
3414
3422
3413
3411
3469
3428
3411
3414
3406
3419
3403
3395
3397
3403
3415
3410
3431
3417
3405
3416
3403
3412
3410
3410
3406
3427
3404
3409
3404
3410
3406
3411
3405
3423
3421
3404
3410
3411
3405
3419
3395
3396
3401
3396
3396
3394
3396
3410
3408
3406
3419
3407
3405
3413
3405
3405
3406
3407
3404
3413
3405
3412
3404
3418
3413
3757
3480
3476
3420
3439
3405
3446
3406
3425
3409
3449
3404
3415
3414
3406
3404
3411
3407
3409
3405
3403
3421
3410
3407
3418
3418
3403
3408
3525
3527
3445
3415
3440
3411
3411
3412
3445
3412
3405
3419
3423
3394
3402
3394
3414
3402
3395
3406
3433
3406
3406
3417
3420
3416
3408
3485
3431
3505
3406
3412
3591
3412
3414
3404
3454
3408
3413
3404
3455
3406
3399
3395
3424
3395
3393
3404
3410
3404
3406
3415
3409
3410
3404
3407
3412
3410
3404
3406
3418
3409
3409
3404
3404
3409
3406
3406
3408
3415
3412
3406
3411
3435
3412
3402
3410
3426
3395
3396
3396
3409
3398
3395
3396
3415
3408
3401
3410
3418
3420
3401
3406
3433
3416
3400
3417
3419
3594
3437
3402
3421
3416
3411
3409
3420
3412
3403
3421
3413
3395
3396
3393
3415
3395
3396
3408
3425
3414
3412
3405
3441
3407
3412
3414
3430
3406
3421
3405
3432
3416
3410
3413
3433
3407
3417
3405
3429
3414
3410
3404
3422
3406
3410
3416
3416
3399
3396
3394
3475
3424
3409
3407
3554
3415
3413
3413
3423
3406
3409
3401
3410
3400
3408
3407
3420
3409
3403
3406
3407
3394
3395
3397
3398
3395
3396
3402
3434
3417
3404
3411
3418
3423
3411
3409
3404
3423
3412
3403
3408
3416
3413
3407
3403
3430
3402
3408
3413
3440
3405
3415
3403
3447
3413
3409
3406
3447
3510
3406
3403
3422
3395
3396
3395
3412
3396
3395
3411
3423
3413
3402
3411
3421
3408
3405
3425
3413
3443
3469
3406
3425
3451
3429
3405
3413
3440
3413
3407
3426
3431
3395
3404
3395
3423
3404
3394
3411
3445
3478
3419
3416
3440
3420
3406
3405
3449
3404
3406
3412
3441
3405
3430
3411
3447
3427
3403
3418
3435
3424
3412
3408
3417
3411
3404
3412
3404
3398
3396
3403
3395
3409
3410
3404
3415
3422
3417
3417
3408
3427
3426
3402
3402
3441
3401
3408
3408
3431
3425
3406
3408
3436
3413
3408
3410
3440
3403
3421
3406
3439
3411
3396
3486
3406
3424
3423
3495
3479
3413
3756
3872
3429
3409
3407
3410
3406
3396
3396
3396
3407
3394
3406
3412
3422
3408
3406
3415
3422
3423
3403
3411
3425
3411
3405
3411
3420
3413
3414
3410
3420
3408
3407
3406
3425
3407
3432
3411
3424
3406
3409
3395
3413
3394
3394
3396
3410
3411
3410
3406
3426
3408
3416
3410
3420
3403
3409
3404
3425
3406
3411
3407
3426
3437
3409
3404
3479
3408
3425
3417
3477
3395
3403
3395
3425
3404
3402
3403
3428
3405
3411
3412
3422
3477
3410
3407
3429
3403
3406
3418
3423
3406
3420
3406
3433
3418
3404
3417
3423
3409
3416
3417
3418
3419
3407
3413
3427
3396
3400
3405
3394
3393
3395
3404
3407
3411
3399
3413
3410
3402
3413
3403
3670
3447
3406
3412
3430
3411
3408
3406
3436
3413
3414
3403
3421
3395
3396
3404
3413
3406
3401
3406
3420
3408
3405
3419
3408
3405
3405
3406
3405
3408
3406
3406
3404
3413
3404
3418
3404
3405
3402
3396
3395
3423
3395
3394
3395
3440
3395
3405
3413
3473
3409
3404
3411
3454
3409
3405
3411
3452
3414
3404
3410
3449
3411
3409
3408
3449
3409
3406
3403
3448
3405
3412
3416
3420
3417
3406
3412
3424
3410
3401
3421
3416
3395
3395
3403
3410
3403
3431
3414
3423
3408
3416
3402
3430
3422
3411
3402
3413
3405
3412
3409
3414
3416
3414
3406
3423
3410
3415
3418
3409
3413
3404
3400
3407
3397
3403
3414
3411
3410
3421
3405
3487
3413
3485
3410
3403
3451
3821
3408
3420
3408
3414
3402
3404
3395
3394
3396
3397
3406
3410
3408
3403
3411
3405
3408
3404
3424
3410
3406
3410
3405
3400
3404
3404
3406
3406
3404
3423
3550
3783
3433
3424
3417
3411
3414
3422
3413
3407
3412
3424
3404
3414
3410
3427
3404
3415
3409
3432
3408
3408
3403
3407
3410
3405
3413
3406
3394
3395
3398
3394
3409
3395
3399
3394
3412
3407
3412
3407
3427
3406
3415
3407
3426
3405
3419
3405
3427
3406
3415
3638
3431
3407
3503
3410
3421
3415
3458
3404
3418
3444
3395
3410
3411
3405
3408
3406
3414
3410
3409
3415
3407
3406
3423
3406
3411
3414
3406
3411
3406
3409
3412
3418
3403
3418
3405
3409
3433
3411
3406
3420
3421
3409
3402
3410
3407
3424
3408
3415
3395
3396
3406
3394
3396
3409
3404
3420
3406
3412
3408
3425
3407
3419
3408
3421
3410
3417
3409
3421
3409
3422
3408
3422
3408
3421
3410
3422
3409
3423
3412
3421
3406
3418
3407
3423
3404
3426
3404
3437
3396
3412
3402
3410
3405
3431
3401
3422
3403
3429
3402
3429
3402
3433
3406
3421
3411
3423
3405
3437
3402
3416
3417
3404
3418
3410
3403
3416
3404
3410
3416
3401
3413
3477
3407
3404
3482
3431
3418
3406
3412
3418
3411
3402
3428
3403
3406
3417
3404
3405
3434
3405
3422
3411
3440
3406
3417
3407
3433
3408
3409
3414
3435
3414
3415
3416
3430
3424
3399
3419
3426
3395
3399
3410
3444
3412
3414
3404
3447
3409
3412
3405
3445
3404
3412
3404
3440
3405
3413
3402
3439
3404
3412
3403
3440
3405
3407
3403
3432
3406
3409
3404
3416
3406
3855
3397
3431
3413
3408
3408
3426
3411
3408
3408
3409
3409
3406
3408
3403
3404
3410
3408
3409
3408
3411
3405
3416
3421
3404
3412
3409
3439
3404
3417
3408
3437
3395
3399
3395
3425
3403
3398
3395
3435
3403
3417
3413
3441
3405
3415
3404
3440
3405
3414
3499
3443
3442
3507
3410
3444
3414
3425
3407
3437
3407
3515
3395
3416
3400
3414
3394
3409
3394
3425
3404
3425
3405
3426
3405
3425
3403
3431
3402
3424
3405
3427
3403
3424
3408
3407
3404
3408
3416
3411
3418
3401
3407
3421
3417
3481
3410
3395
3396
3403
3394
3414
3405
3411
3413
3407
3405
3405
3411
3415
3410
3405
3422
3417
3417
3412
3421
3410
3420
3409
3421
3420
3410
3413
3419
3408
3412
3407
3421
3413
3394
3396
3415
3395
3395
3404
3407
3407
3411
3420
3422
3407
3411
3413
3420
3403
3430
3403
3422
3415
3407
3406
3431
3405
3407
3412
3430
3413
3409
3403
3427
3408
3415
3424
3418
3408
3408
3408
3403
3415
3404
3405
3550
3424
3421
3413
3430
3424
3412
3410
3436
3411
3408
3418
3405
3424
3413
3404
3416
3401
3405
3421
3403
3410
3414
3411
3396
3404
3395
3410
3395
3395
3419
3407
3406
3429
3406
3410
3430
3428
3406
3425
3406
3421
3422
3410
3410
3448
3416
3421
3405
3429
3414
3410
3422
3425
3405
3418
3415
3427
3400
3398
3395
3422
3395
3405
3414
3428
3406
3428
3406
3457
3443
3417
3435
3435
3409
3421
3407
3427
3416
3415
3405
3434
3408
3411
3420
3421
3471
3398
3395
3410
3399
3407
3419
3420
3409
3429
3415
3419
3414
3409
3409
3419
3411
3411
3412
3420
3423
3413
3410
3426
3410
3411
3417
3420
3408
3418
3409
3406
3404
3412
3396
3511
3416
3420
3472
3465
3417
3410
3414
3427
3408
3448
3409
3432
3422
3407
3414
3436
3415
3406
3417
3407
