3719
3721
3893
4104
3722
3723
3753
3718
3720
3710
3745
3735
3712
3713
3724
3714
3721
3728
3703
3719
3717
3727
3729
3713
3729
3719
3716
3712
3711
3721
3719
3757
3730
3714
3722
3722
3714
3724
3712
3720
3731
3732
3730
3736
3716
3735
3715
3748
3741
3721
3725
3743
3737
3726
3728
3753
3730
3715
3743
3721
3727
3726
3749
3727
3714
3717
3752
3732
3715
3726
3763
3732
3713
3704
3722
3714
3712
3734
3715
3729
3717
3727
3716
3720
3715
3715
3715
3714
3951
3800
3738
3723
4022
3760
3713
3729
3761
3750
3721
3726
3723
3739
3723
3759
3734
3713
3731
3745
3736
3714
3735
3745
3744
3723
3722
3720
3718
3713
3739
3716
3713
3723
3729
3726
3709
3711
3741
3712
3720
3720
3722
3722
3712
3726
3715
3720
3713
3736
3716
3726
3716
3731
3727
3710
3720
3722
3715
3722
3735
3719
3714
3723
3733
3737
3722
3743
3748
3726
3718
3714
3738
3716
3715
3747
3717
3727
3717
3749
3724
3723
3716
3744
3723
3724
3717
3731
3728
3715
3745
3744
3710
3906
3751
3757
3709
3717
3764
3732
3713
3717
3729
3738
3704
3713
3753
3711
3711
3739
3748
3719
3713
3739
3722
3722
3711
3716
3714
3719
3711
3755
3722
3711
3720
3761
3710
3719
3716
3745
3711
3712
3801
3744
3722
3722
3863
3763
3713
3725
3767
3708
3713
3756
3730
3739
3715
3749
3736
3708
3719
3751
3712
3726
3724
3744
3728
3715
3722
3732
3714
3720
3743
3715
3720
3713
3755
3714
3705
3721
3749
3719
3720
3718
3737
3715
3717
3740
3709
3723
3722
3745
3744
3715
3721
3751
3721
3711
3714
3745
3728
3717
3735
3726
3719
3722
3739
3703
3761
3736
3749
3714
3713
3711
3746
3718
3711
3733
3740
3714
3715
3754
3713
3726
3721
3740
3726
3714
3719
3754
3719
3725
3733
3731
3718
3718
3751
3715
3713
3723
3738
3718
3720
3703
3748
3715
3718
3721
3727
3712
3710
3716
3713
3710
3870
3756
3728
3720
3713
3801
3724
3712
3731
3709
3721
3719
3745
3714
3704
3709
3764
3715
3723
3720
3748
3720
3725
3710
3716
3719
3711
3752
3715
3724
3713
3743
3726
3704
3713
3741
3713
3722
3713
3745
3719
3716
3719
3703
3902
3725
3727
3721
3720
3712
3735
3711
3704
3719
3763
3714
3713
3711
3720
3717
3713
3719
3710
3722
3716
3716
3721
3716
3716
3721
3719
3722
3712
3719
3719
3712
3729
3750
3726
3724
3742
3713
3719
3713
3714
3718
3715
3734
3716
3704
3709
3729
3717
3711
3712
3734
3715
3719
3713
3727
3718
3714
3734
3712
3715
3716
3727
3787
3728
3731
3835
3729
3717
3727
3721
3704
3718
3738
3712
3714
3714
3739
3714
3717
3703
3726
3717
3714
3716
3720
3723
3713
3733
3704
3713
3717
3734
3716
3713
3718
3735
3717
3704
3712
3713
3720
3712
3742
3716
3718
3712
3735
3714
3711
3720
3729
3723
3719
3721
3714
3730
3704
3747
3712
3716
3718
3732
3716
3714
3722
3749
3715
3719
3717
3724
3716
3718
3741
3719
3706
3714
3736
3715
3716
3717
3732
3709
3712
3721
3727
3718
3731
3738
3717
3712
3718
3747
3723
3704
3719
3749
3718
3721
3723
3745
3728
3712
3723
3718
3712
3729
3745
3719
3724
3719
3748
3704
3714
3782
3748
3826
3725
3781
3760
3820
3725
3769
3715
3724
3717
3727
3728
3705
3719
3729
3719
3722
3752
3716
3726
3721
3756
3716
3714
3727
3744
3718
3714
3717
3713
3761
3777
3774
3785
3714
3718
3724
3718
3714
3714
3813
3713
3712
3731
3724
3712
3708
3710
3735
3712
3717
3712
3732
3723
3719
3703
3717
3722
3712
3729
3714
4145
3739
3721
3710
3719
3723
3726
3712
3726
3709
3729
3703
3709
3745
3716
3716
3722
3730
3722
3721
3704
3734
3718
3726
3714
3717
3727
3712
3728
3726
3713
3726
3737
3722
3722
3716
3729
3720
3718
3714
3712
3718
3719
3727
3720
3717
3737
3964
3730
3713
3722
3801
3725
3728
3748
3716
3712
3714
3728
3716
3717
3716
3733
3719
3716
3703
3727
3720
3712
3728
3738
3721
3712
3729
3703
3712
3718
3729
3717
3717
3717
3727
3718
3703
3757
3714
3730
3713
3731
3723
3720
3722
3724
3719
3721
3716
3727
3713
3712
3735
3715
3703
3721
3726
3721
3714
3717
3734
3723
3715
3724
3732
3718
3717
3733
3726
3711
3718
3723
3722
3722
3711
3737
3720
3720
3717
3733
3711
3716
3703
3712
3719
3728
3736
3714
3720
3718
3729
3711
3712
3713
3735
3717
3709
3724
3722
3713
3724
3727
3724
3710
3715
3739
3713
3723
3710
3732
3710
3710
3942
3716
3738
3718
3825
3716
3721
3762
3767
3714
3750
3733
3735
3729
3750
3722
3736
3709
3713
3744
3715
3718
3710
3725
3722
3717
3719
3801
3719
3721
3719
3702
3717
3720
3727
3716
3722
3729
3721
3722
3704
3719
3728
3720
3722
3719
3720
3718
3717
3721
3711
3711
3738
3728
3710
3725
3711
3728
3721
3705
3709
3718
3724
3720
3718
3712
3739
3713
3740
3701
3711
3738
3719
3725
3719
3744
3727
3733
3704
3718
3708
3721
3719
3736
3726
3713
3719
3723
3712
3725
3716
3731
3721
3717
3720
3712
3715
3719
3743
3723
3749
3717
4110
3714
3730
3722
3716
3723
3715
3721
3721
3718
3713
3734
3714
3725
3717
3737
3723
3717
3716
3722
3713
3720
3731
3715
3716
3715
3738
3715
3716
3737
3725
3717
3721
3715
3739
3726
3712
3729
3713
3739
3720
3725
3719
3729
3717
3723
3717
3743
3719
3719
3734
3729
3730
3718
3735
3723
3719
3703
3736
3717
3724
3910
3725
3724
3776
3704
3710
3743
3723
3718
3713
3751
3711
3720
3723
3750
3720
3717
3710
3739
3720
3728
3738
3714
3729
3711
3764
3710
3712
3721
3740
3714
3719
3718
3744
3715
3709
3719
3720
3714
3710
3744
3719
3718
3704
3745
3717
3710
3836
3757
3719
3826
3843
3750
3719
3728
3724
3711
3733
3714
3752
3710
3715
3726
3743
3719
3725
3718
3737
3725
3704
3756
3719
3713
3726
3743
3730
3716
3715
3728
3704
3712
3861
3750
3717
3712
3725
3719
3717
3715
3766
3733
3732
3711
3730
3718
3714
3732
3739
3716
3729
3741
3728
3732
3719
3746
3719
3729
3721
3747
3723
3736
3716
3754
3716
3743
3810
3714
3743
3716
3748
3725
3736
3722
3750
3723
3747
3718
3751
3720
3730
3754
3715
3739
3711
3742
3725
3733
3720
3732
3728
3719
3732
3733
3724
3712
3742
3724
3716
3718
3739
3719
3726
3709
3751
3727
3715
3726
3749
3714
3731
3972
3739
3750
3715
3890
3720
3759
3717
3714
3714
3752
3714
3732
3717
3718
3724
3718
3708
3715
3724
3713
3719
3728
3723
3721
3727
3704
3716
3723
3712
3741
3716
3723
3727
3723
3712
3725
3713
3732
3714
3719
3713
3763
3724
3704
3720
3729
3721
3717
3720
3719
3726
3730
3714
3712
3729
3717
3722
3715
3729
3725
3715
3734
3703
3722
3718
3732
3727
3720
3722
3732
3704
3721
3715
3721
3717
3719
3742
3721
3715
3732
3719
3723
3725
3724
3743
3721
3723
3721
3735
3717
3712
3732
3726
3719
3721
3738
3724
3728
3723
3720
3722
3723
3716
3735
3715
3731
3715
3717
3728
3703
3743
3816
3720
3736
3818
3742
3743
3704
3760
3722
3709
3728
3815
3756
3714
3731
3722
3729
3712
3745
3716
3740
3713
3743
3725
3704
3721
3715
3748
3724
3739
3715
3757
3714
3728
3718
3744
3727
3728
3728
3714
3717
3722
3734
3715
3748
3717
3758
3716
3732
3728
3748
3703
3741
3717
3719
3716
3719
3753
3714
3739
3702
3746
3726
3911
3719
3741
3716
3768
3728
3710
3746
3712
3753
3713
3736
3723
3748
3714
3727
3714
3757
3717
3733
3722
3729
3716
3725
3742
3723
3743
3712
3752
3718
3733
3715
3748
3727
3735
3717
3754
3717
3728
3723
3722
3740
3717
3743
3713
3735
3722
3740
3721
3746
3807
3774
3703
3830
3789
3713
3730
3718
3721
3722
3722
3708
3720
3716
3728
3711
3720
