4027
4024
4160
4051
4032
4024
4034
4025
4025
4031
4033
4037
4024
4035
4036
4020
4031
4034
4019
4036
4154
4187
4032
4027
4034
4171
4034
4040
4036
4025
4023
4040
4029
4027
4037
4025
4029
4026
4041
4028
4163
4029
4037
4031
4024
4035
4022
4025
4031
4032
4026
4019
4026
4029
4023
4042
4020
4024
4032
4029
4035
4274
4051
4034
4021
4029
4023
4038
4022
4049
4035
4017
4101
4028
4027
4028
4036
4033
4026
4022
4027
4466
4049
4041
4044
4022
4034
4022
4023
4032
4039
4043
4025
4097
4044
4022
4028
4041
4026
4035
4036
4036
4022
4030
4038
4031
4033
4031
4028
4024
4021
4045
4025
4033
4040
4022
4033
4022
4042
4027
4021
4047
4022
4042
4426
4037
4135
4028
4067
4198
4031
4025
4054
4033
4021
4057
4033
4021
4026
4061
4031
4023
4049
4030
4041
4036
4054
4022
4017
4051
4033
4024
4030
4053
4026
4035
4056
4037
4020
4016
4067
4022
4030
4049
4023
4021
4031
4038
4036
4026
4024
4041
4033
4020
4036
4038
4019
4043
4045
4022
4028
4120
4017
4042
4023
4084
4022
4017
4034
4022
4135
4023
4016
4038
4023
4031
4017
4044
4020
4026
4030
4027
4021
4229
4028
4034
4023
4031
4029
4021
4030
4024
4034
4023
4042
4023
4036
4230
4053
4038
4569
4022
4047
4018
4031
4045
4031
4028
4020
4047
4018
4029
4026
4022
4028
4022
4050
4024
4024
4036
4032
4025
4024
4043
4018
4033
4032
4026
4032
4018
4047
4028
4024
4036
4031
4021
4036
4044
4031
4022
4020
4031
4028
4028
4049
4017
4022
4035
4034
4027
4021
4034
4026
4029
4031
4041
4443
4032
4043
4028
4033
4025
4028
4028
4026
4042
4017
4027
4029
4022
4028
4028
4036
4030
4021
4097
4028
4021
4021
4035
4030
4021
4022
4038
4021
4021
4040
4034
4018
4028
4038
4020
4030
4050
4019
4026
4022
4043
4022
4411
4039
4024
4029
4039
4048
4036
4040
4066
4017
4030
4058
4029
4039
4020
4069
4031
4031
4043
4029
4027
4031
4056
4026
4025
4052
4032
4040
4023
4051
4024
4017
4051
4033
4031
4027
4050
4035
4026
4036
4032
4028
4034
4044
4037
4020
4031
4038
4020
4037
4046
4138
4032
4019
4038
4022
4024
4038
4019
4028
4026
4038
4024
4030
4038
4027
4032
4020
4036
4033
4021
4046
4034
4026
4031
4032
4035
4022
4033
4021
4017
4034
4034
4024
4025
4023
4038
4023
4030
4030
4164
4020
4063
4025
4036
4052
4031
4029
4019
4058
4027
4028
4055
4022
4036
4022
4058
4027
4022
4030
4020
4035
4024
4045
4020
4022
4044
4209
4032
4024
4042
4024
4021
4089
4051
4036
4022
4060
4028
4024
4061
4021
4021
4037
4054
4035
4026
4052
4032
4021
4036
4047
4032
4025
4055
4032
4027
4028
4050
4033
4032
4053
4025
4022
4027
4057
4041
4043
4053
4021
4042
4031
4058
4029
4032
4063
4022
4121
4037
4129
4024
4029
4061
4018
4033
4024
4054
4027
4027
4064
4028
4021
4031
4052
4025
4027
4048
4028
4028
4033
4051
4030
4030
4036
4027
4025
4031
4053
4024
4034
4030
4040
4019
4022
4051
4019
4041
4039
4031
4022
4021
4059
4022
4030
4021
4064
4019
4031
4054
4019
4027
4023
4036
4029
4019
4057
4027
4017
4034
4037
4025
4020
4069
4032
4020
4024
4051
4025
4029
4050
4030
4024
4023
4049
4019
4023
4055
4020
4026
4018
4053
4036
4026
4051
4032
4021
4022
4055
4025
4024
4033
4090
4576
4026
4036
4041
4040
4044
4021
4033
4015
4034
4025
4028
4021
4016
4027
4035
4029
4021
4020
4031
4022
4030
4021
4026
4027
4027
4036
4021
4032
4022
4021
4034
4021
4033
4024
4019
4131
4025
4031
4023
4025
4025
4025
4031
4023
4023
4029
4027
4029
4022
4031
4028
4020
4028
4029
4034
4445
4035
4022
4025
4030
4023
4022
4024
4025
4038
4026
4036
4026
4020
4031
4024
4030
4024
4025
4033
4022
4031
4025
4022
4032
4019
4044
4021
4028
4024
4022
4033
4033
4027
4026
4023
4028
4017
4032
4029
4033
4045
4026
4117
4102
4030
4025
4075
4317
4023
4398
4022
4025
4028
4051
4036
4022
4049
4022
4030
4034
4035
4035
4027
4040
4040
4022
4035
4036
4023
4035
4038
4032
4022
4025
4042
4023
4042
4037
4026
4021
4036
4036
4020
4026
4035
4026
4021
4018
4042
4021
4023
4035
4031
4021
4024
4045
4022
4023
4025
4022
4023
4021
4040
4023
4018
4028
4023
4025
4023
4042
4023
4022
4026
4036
4026
4026
4039
4026
4029
4025
4036
4020
4026
4034
4025
4021
4020
4045
4029
4023
4043
4026
4022
4032
4038
4029
4029
4038
4027
4019
4027
4124
4021
4065
4020
4023
4017
4023
4023
4024
4038
4018
4029
4018
4026
4025
4020
4042
4020
4026
4019
4027
4025
4059
4052
4024
4028
4015
4020
4028
4022
4042
4022
4026
4029
4018
4030
4019
4035
4030
4021
4025
4020
4018
4070
4047
4018
4026
4021
4020
4033
4021
4024
4023
4023
4030
4022
4021
4062
4023
4034
4021
4033
4024
4019
4033
4029
4041
4021
4018
4032
4026
4030
4031
4026
4036
4028
4029
4033
4026
4027
4024
4057
4032
4035
4041
4026
4043
4286
4112
4035
4029
4310
4025
4028
4030
4028
4023
4082
4060
4021
4023
4029
4024
4032
4029
4054
4026
4021
4029
4015
4032
4021
4059
4021
4016
4027
4023
4016
4026
4054
4018
4027
4021
4025
4025
4020
4055
4030
4022
4019
4023
4027
4040
4032
4039
4023
4023
4038
4028
4033
4034
4025
4037
4024
4030
4034
4023
4040
4030
4060
4027
4017
4030
4024
4046
4025
4035
4024
4023
4036
4022
4023
4020
4038
4020
4033
4088
4018
4030
4023
4035
4039
4026
4036
4033
4030
4023
4034
4017
4034
4037
4021
4030
4037
4048
4019
4034
4020
4028
4027
4027
4055
4262
4101
4057
4038
4077
4024
4181
4020
4029
4023
4022
4045
4023
4034
4026
4027
4036
4017
4041
4033
4043
4034
4019
4045
4025
4035
4028
4044
4027
4031
4039
4022
4035
4019
4043
4036
4028
4045
4016
4035
4044
4038
4019
4016
4038
4031
4035
4023
4041
4018
4030
4034
4031
4053
4017
4045
4034
4035
4026
4034
4049
4405
4046
4027
4049
4037
4019
4038
4025
4045
4029
4031
4038
4022
4043
4021
4041
4037
4022
4047
4027
4042
4023
4037
4044
4020
4043
4022
4035
4030
4034
4031
4025
4039
4028
4035
4030
4040
4028
4029
4033
4030
4034
4027
4044
4255
4031
4073
4039
4045
4021
4041
4055
4029
4028
4135
4025
4020
4041
4022
4024
4038
4020
4029
4021
4034
4036
4021
4038
4033
4028
4024
4034
4024
4029
4035
4026
4059
4023
4035
4034
4021
4038
4020
4055
4068
4025
4044
4017
4029
4023
4052
4033
4023
4025
4021
4038
4033
4051
4028
4046
4025
4024
4038
4030
4059
4021
4043
4036
4032
4043
4028
4052
4027
4050
4031
4033
4039
4032
4042
4022
4054
4027
4018
4028
4016
4041
4024
4020
4023
4021
4028
4022
4059
4038
4023
4023
4026
4031
4025
4037
4027
4021
4034
4025
4021
4028
4034
4030
4020
4097
4025
4077
4030
4065
4030
4028
4034
4042
4024
4030
4029
4032
4031
4037
4027
4019
4019
4048
4021
4034
4019
4018
4030
4020
4048
4022
4024
4034
4023
4035
4021
4057
4017
4035
4022
4020
4042
4025
4037
4060
4023
4033
4022
4022
4022
4057
4021
4024
4023
4022
4020
4036
4035
4029
4026
4030
4029
4026
4030
4033
4036
4025
4024
4036
4020
4037
4032
4030
4030
4018
4024
4021
4028
4050
4017
4036
4024
4019
4019
4018
4037
4022
4020
4031
4017
4022
4019
4042
4026
4024
4029
4029
4020
4018
4037
4022
4019
4025
4029
4026
4020
4031
4027
4018
4132
4047
4023
4087
4039
4039
4030
4018
4034
4023
4088
4039
4026
4031
4025
4033
4027
4021
4049
4023
4034
4033
4034
4018
4020
4058
4020
4028
4030
4034
4038
4020
4046
4021
4017
4031
4033
4027
4024
4036
4028
4028
4035
4033
4024
4033
4036
4034
4019
4030
4032
