4345
4333
4415
4365
4324
4360
4374
4343
4346
4356
4335
4361
4345
4340
4342
4339
4359
4329
4356
4351
4330
4356
4350
4336
4341
4339
4364
4336
4345
4356
4349
4352
4353
4329
4341
4342
4326
4338
4341
4398
4329
4367
4349
4342
4343
4341
4358
4656
4361
4352
4352
4350
4370
4330
4344
4386
4337
4351
4355
4342
4336
4335
4355
4327
4357
4347
4342
4338
4340
4337
4342
4341
4331
4344
4333
4358
4333
4329
4350
4336
4340
4342
4354
4338
4331
4352
4334
4369
4354
4330
4362
4345
4333
4355
4331
4333
4398
4369
4352
4332
4371
4345
4336
4358
4352
4350
4352
4349
4334
4327
4374
4346
4336
4365
4377
4333
4408
4333
4325
4328
4331
4329
4329
4356
4333
4331
4357
4331
4331
4356
4339
4328
4329
4341
4346
4329
4344
4332
4339
4345
4343
4334
4345
4328
4333
4655
4370
4389
4349
4758
4352
4327
4335
4372
4324
4343
4346
4342
4331
4333
4357
4337
4345
4346
4360
4337
4355
4332
4332
4336
4340
4341
4340
4358
4329
4334
4348
4332
4346
4337
4362
4393
4379
4361
4334
4332
4366
4329
4332
4327
4353
4341
4329
4351
4333
4391
4383
4347
4329
4394
4401
4332
4340
4352
4338
4332
4346
4339
4329
4362
4338
4337
4329
4340
4330
4334
4347
4329
4330
4334
4331
4328
4339
4332
4340
4328
4345
4330
4322
4329
4335
4330
4338
4335
4339
4333
4343
4330
4334
4343
4330
4343
4331
4352
4330
4335
4329
4330
4341
4338
4341
4331
4340
4372
4352
4352
4334
4341
4329
4329
4336
4339
4356
4334
4340
4360
4341
4331
4353
4342
4330
4355
4351
4338
4344
4359
4330
4326
4372
4330
4352
4332
4354
4336
4355
4353
4335
4338
4342
4344
4330
4355
4336
4330
4424
4391
4338
4336
4464
4715
4328
4415
4325
4337
4345
4344
4330
4335
4343
4332
4327
4338
4344
4331
4344
4335
4329
4338
4336
4337
4329
4345
4328
4344
4336
4325
4334
4328
4342
4326
4338
4362
4329
4328
4347
4339
4342
4354
4328
4341
4339
4343
4441
4329
4353
4328
4335
4345
4327
4344
4331
4388
4333
4340
4346
4334
4330
4349
4340
4346
4345
4326
4341
4324
4346
4345
4330
4350
4336
4347
4349
4333
4339
4340
4361
4328
4343
4352
4342
4335
4342
4339
4329
4340
4349
4332
4327
4344
4348
4330
4357
4332
4348
4534
4379
4342
4335
4357
4334
4362
4344
4341
4332
4336
4329
4336
4345
4328
4340
4367
4376
4349
4332
4406
4329
4338
4365
4465
4334
4368
4376
4506
4344
4386
4342
4327
4394
4342
4330
4396
4336
4347
4361
4330
4331
4327
4346
4344
4341
4339
4335
4331
4351
4336
4332
4330
4344
4333
4334
4340
4328
4333
4339
4333
4324
4331
4343
4333
4324
4356
4349
4341
4344
4336
4342
4346
4332
4337
4341
4336
4342
4333
4348
4348
4346
4393
4337
4339
4343
4338
4333
4330
4380
4330
4340
4383
4339
4333
4366
4335
4332
4336
4385
4340
4333
4385
4326
4333
4364
4329
4341
4331
4390
4330
4331
4389
4329
4352
4378
4339
4332
4330
4351
4333
4337
4373
4571
4344
4512
4355
4375
4347
4337
4330
4330
4347
4331
4329
4367
4355
4333
4354
4332
4329
4334
4333
4333
4328
4353
4336
4339
4362
4329
4341
4345
4329
4340
4328
4364
4333
4336
4351
4328
4335
4351
4337
4328
4338
4350
4333
4332
4351
4341
4330
4354
4335
4330
4339
4333
4336
4334
4353
4401
4343
4348
4342
4341
4332
4341
4331
4333
4337
4453
4341
4332
4381
4330
4329
4596
4396
4332
4392
4418
4329
4351
4355
4330
4344
4337
4338
4325
4343
4332
4334
4344
4335
4338
4337
4350
4331
4332
4343
4336
4339
4331
4336
4332
4338
4337
4329
4339
4336
4340
4331
4345
4330
4332
4425
4330
4341
4334
4352
4331
4329
4345
4334
4336
4340
4337
4333
4336
4348
4327
4343
4346
4351
4748
4360
4336
4327
4336
4329
4350
4329
4372
4329
4335
4366
4330
4346
4336
4338
4333
4337
4333
4344
4329
4344
4338
4332
4339
4323
4336
4328
4332
4340
4329
4357
4329
4340
4345
4337
4338
4352
4340
4334
4341
4349
4346
4364
4403
4338
4824
4380
4338
4343
4386
4338
4335
4328
4330
4327
4351
4363
4339
4327
4366
4337
4330
4354
4332
4333
4334
4350
4331
4327
4355
4329
4332
4346
4335
4338
4335
4357
4329
4340
4349
4334
4330
4365
4341
4331
4343
4342
4350
4335
4353
4330
4334
4373
4327
4337
4328
4340
4325
4344
4362
4330
4339
4357
4340
4333
4358
4326
4332
4348
4343
4336
4336
4366
4324
4338
4363
4334
4335
4359
4350
4327
4331
4370
4331
4344
4357
4343
4332
4373
4328
4332
4340
4470
4342
4346
4362
4328
4330
4326
4335
4340
4352
4353
4331
4332
4347
4337
4347
4345
4339
4329
4344
4344
4334
4330
4342
4337
4328
4362
4326
4335
4333
4336
4337
4333
4355
4332
4338
4344
4329
4335
4342
4336
4331
4338
4344
4329
4337
4343
4339
4329
4484
4361
4466
4345
4915
4341
4345
4373
4368
4341
4359
4344
4332
4367
4336
4333
4351
4344
4345
4338
4369
4329
4333
4370
4337
4341
4342
4343
4339
4341
4333
4327
4345
4352
4337
4334
4351
4330
4340
4353
4329
4345
4329
4351
4333
4336
4349
4343
4339
4347
4340
4327
4336
4344
4331
4344
4344
4374
4334
4355
4334
4330
4353
4329
4343
4326
4371
4336
4330
4369
4336
4346
4358
4333
4356
4330
4367
4332
4331
4371
4332
4357
4366
4334
4349
4334
4331
4348
4336
4367
4330
4351
4361
4331
4360
4360
4343
4350
4463
4372
4343
4338
4483
4920
4365
4377
4342
4346
4440
4332
4325
4328
4335
4338
4330
4341
4339
4336
4358
4328
4339
4336
4330
4337
4330
4335
4328
4331
4348
4332
4339
4342
4335
4337
4332
4334
4331
4341
4337
4333
4332
4338
4335
4337
4337
4336
4338
4325
4344
4330
4333
4340
4330
4333
4338
4327
4329
4339
4345
4328
4331
4346
4331
4325
4346
4330
4335
4328
4328
4348
4339
4345
4336
4330
4348
4335
4330
4337
4339
4333
4331
4342
4341
4328
4343
4331
4346
4333
4331
4334
4339
4337
4333
4329
4347
4345
4328
4588
4342
4435
4338
4360
4331
4330
4361
4330
4336
4334
4338
4328
4330
4329
4335
4336
4345
4336
4371
4351
4335
4329
4357
4329
4340
4331
4344
4331
4334
4346
4340
4342
4335
4340
4333
4327
4348
4330
4336
4352
4335
4332
4334
4327
4329
4348
4342
4337
4333
4341
4329
4336
4359
4327
4340
4337
4347
4774
4364
4361
4335
4344
4362
4340
4327
4359
4335
4334
4339
4339
4342
4338
4376
4331
4334
4375
4334
4347
4338
4340
4334
4334
4360
4328
4351
4360
4343
4335
4365
4336
4336
4327
4371
4339
4340
4362
4330
4337
4482
4339
4437
4339
4921
4339
4338
4362
4335
4336
4423
4328
4335
4346
4335
4333
4337
4346
4344
4336
4353
4332
4344
4351
4334
4335
4339
4336
4334
4330
4345
4330
4338
4345
4330
4336
4330
4331
4331
4327
4360
4341
4329
4354
4329
4325
4355
4328
4339
4330
4355
4335
4334
4343
4333
4335
4343
4333
4334
4367
4339
4334
4337
4345
4336
4328
4356
4328
4323
4344
4331
4350
4333
4346
4328
4331
4342
4344
4344
4356
4337
4344
4335
4352
4356
4334
4342
4334
4344
4368
4331
4352
4332
4326
4351
4333
4352
4330
4389
4346
4401
4486
4698
4719
4343
4357
4337
4335
4332
4344
4345
4330
4346
4329
4331
4347
4328
4334
4334
4329
4334
4330
4346
4372
4331
4341
4334
4329
4351
4335
4329
4327
4345
4330
4339
4344
4326
4364
4372
4330
4330
4329
4350
4332
4335
4348
4340
4328
4348
4331
4328
4335
4334
4334
4328
4348
4359
4351
4359
4330
4339
4338
4346
4331
4334
4336
4336
4335
4345
4340
4331
4346
4334
4337
4343
4348
4335
4329
4352
4329
4347
4354
4331
4340
4347
4335
4335
4334
4355
4333
4338
4343
4336
4328
4332
4334
4328
4425
4425
4343
4418
4372
4343
4342
4353
4337
4371
4387
4339
4347
4327
4349
4331
