4655
4703
4726
4723
4638
4669
4667
4638
4646
4634
4639
4639
4638
4644
4638
4653
4650
4642
4669
4652
4646
4679
4665
4637
4667
4663
4634
4668
4657
4640
4667
4661
4636
4686
4663
4638
4672
4667
4639
4682
4663
4639
4671
4656
4637
4662
4646
4635
4643
4643
4644
4638
4643
4648
4635
4643
4645
4639
4645
4648
4650
4665
4708
4670
4676
4662
4636
4667
4671
4639
4663
4667
4650
4659
4681
4643
4665
4663
4650
4668
4635
4634
4640
4635
4637
4653
4639
4650
4641
4663
4650
4657
4652
4651
4644
4661
4643
4652
4667
4664
4656
4654
4654
4635
4664
4643
4644
4660
4643
4636
4655
4648
4637
4666
4645
4671
4643
4656
4640
4650
4645
4654
4647
4652
4655
4639
4713
4646
4639
4651
4646
4642
4651
4643
4639
4654
4643
4640
4658
4641
4646
4653
4644
4637
4665
4648
4640
4639
4638
4643
4635
4667
4645
4753
4729
4665
4649
4684
4648
4644
4679
4831
4642
4678
4643
4641
4676
4653
4640
4675
4650
4643
4677
4646
4643
4684
4645
4641
4661
4646
4726
4755
4645
4638
4670
4640
4644
4638
4646
4646
4647
4653
4637
4672
4647
4646
4645
4669
4637
4654
4647
4639
4649
4649
4647
4648
4660
4640
4650
4646
4663
4636
4647
4647
4638
4642
4645
4642
4635
4659
4671
4656
4647
4643
4647
4665
4644
4643
4667
4640
4649
4654
4651
4638
4662
4642
4650
4702
4655
4640
4657
4637
4646
4646
4640
4657
4637
4658
4643
4646
4650
4655
4632
4658
4642
4640
4660
4648
4754
4681
4649
4636
4736
4967
4650
4668
4665
4641
4653
4639
4637
4657
4638
4651
4642
4645
4637
4648
4645
4646
4646
4643
4636
4638
4651
4643
4649
4650
4652
4652
4655
4640
4657
4650
4640
4646
4644
4644
4645
4655
4639
4655
4645
4648
4740
4644
4638
4642
4639
4651
4639
4645
4661
4637
4644
4649
4637
4645
4652
4637
4639
4654
4635
4639
4647
4637
4639
4648
4643
4641
4649
4636
4637
4638
4633
4638
4636
4642
4639
4635
4641
4651
4638
4640
4642
4644
4649
4636
4640
4717
4636
4640
4643
4709
4647
4725
4848
4646
4715
4643
4633
4649
4637
4636
4656
4650
4647
4637
4653
4641
4643
4656
4659
4637
4653
4638
4639
4654
4636
4649
4655
4642
4643
4651
4639
4649
4644
4648
4639
4640
4644
4636
4662
4645
4650
4656
4648
4639
4645
4669
4650
4644
4675
4646
4638
4665
4681
4655
4723
4748
4638
4720
4643
4651
4721
4640
4650
4697
4649
4654
4700
4641
4650
4694
4651
4651
4699
4651
4641
4703
4642
4652
4674
4650
4643
4650
4640
4645
4735
4644
4740
4715
4759
4660
4649
4712
4650
4638
4711
4648
4649
4695
4647
4637
4689
4651
4636
4699
4644
4646
4700
4650
4645
4722
4643
4644
4697
4652
4682
4665
4653
4640
4643
4662
4646
4640
4687
4637
4643
4687
4651
4638
4696
4648
4639
4702
4666
4646
4691
4656
4638
4696
4715
4648
5082
4647
4643
4672
4645
4643
4674
4640
4651
4652
4646
4644
4658
4652
4649
4649
4655
4647
4653
4664
4644
4649
4656
4652
4638
4668
4643
4649
4659
4643
4641
4658
4643
4640
4671
4643
4649
4655
4652
4642
4665
4644
4647
4672
4634
4641
4639
4637
4636
4642
4647
4637
4639
4637
4642
4637
4651
4649
4639
4644
4643
4647
4651
4643
4648
4648
4639
4643
4657
4640
4644
4667
4639
4646
4657
4656
4642
4650
4638
4643
4644
4656
4634
4642
4650
4641
4644
4688
4641
4652
4716
4642
4656
4880
4668
4659
4647
4725
4655
4649
4700
4658
4646
4658
4646
4640
4669
4637
4649
4661
4648
4639
4674
4674
4652
4667
4651
4640
4666
4641
4641
4668
4641
4649
4652
4869
4650
4666
4644
4645
4729
4648
4643
4638
4641
4646
4643
4641
4638
4640
4666
4633
4645
4684
4634
4650
4672
4744
4669
4677
4641
4653
4659
4651
4644
4661
4645
4654
4654
4651
4640
4649
4649
4645
4659
4649
4649
4641
4646
4640
4652
4647
4651
4638
4684
4646
4639
4680
4649
4653
4669
4658
4640
4678
4635
4650
4808
4719
4642
4742
4906
4639
4692
4644
4655
4668
4651
4644
4663
4642
4653
4660
4648
4646
4644
4648
4680
4649
4658
4663
4642
4668
4654
4647
4662
4664
4641
4664
4655
4642
4665
4652
4651
4658
4661
4644
4663
4637
4652
4657
4638
4648
4639
4646
4653
4646
4653
4650
4640
4662
4644
4674
4656
4645
4645
4657
4652
4640
4662
4644
4647
4664
4650
4640
4657
4645
4645
4659
4645
4649
4639
4652
4640
4648
4673
4652
4646
4667
4643
4644
4675
4650
4653
4670
4657
4641
4664
4655
4653
4895
4660
4643
4749
4646
4703
4681
4684
4680
4641
4658
4667
4647
4642
4671
4643
4645
4680
4637
4653
4646
4649
4636
4647
4638
4649
4638
4652
4636
4637
4653
4637
4640
4660
4644
4637
4664
4644
4645
4666
4636
4646
4668
4640
4644
4655
4638
4643
4655
4639
4644
4652
4641
4640
4638
4641
4637
4638
4651
4658
4646
4650
4675
4640
4657
4652
4648
4658
4658
4658
4653
4656
4658
4662
4645
4666
4654
4660
4685
4664
4639
4667
4757
4667
4741
4708
4652
4689
4659
4639
4679
4635
4662
4655
4643
4675
4666
4637
4680
4664
4641
4662
4647
4639
4658
4651
4642
4665
4654
4648
4664
4655
4642
4662
4659
4642
4661
4654
4692
4663
4646
4646
4647
4638
4653
4639
4655
4639
4644
4670
4640
4653
4659
4644
4642
4664
5052
4648
4658
4656
4661
4652
4649
4652
4658
4637
4656
4657
4648
4649
4675
4637
4653
4636
4643
4652
4632
4682
4654
4648
4677
4662
4645
4680
4636
4646
4676
4637
4661
4679
4650
4652
4683
4645
4663
4699
4669
4743
4712
4644
4694
4652
4639
4646
4726
4648
4634
4656
4644
4645
4644
4651
4645
4659
4656
4640
4638
4649
4645
4641
4664
4640
4653
4659
4650
4642
4687
4640
4640
4661
4640
4677
4659
4656
4644
4671
4643
4655
4646
4644
4644
4657
4649
4642
4652
4651
4655
4639
4654
4642
4657
4649
4657
4638
4654
4645
4644
4660
4650
4651
4645
4658
4641
4659
4646
4661
4645
4657
4643
4638
4647
4647
4654
4672
4647
4640
4672
4642
4646
4665
4653
4638
4667
4644
4638
4680
4640
4652
4759
4732
4708
5041
4652
4663
4649
4645
4640
4643
4655
4638
4647
4643
4639
4643
4654
4639
4661
4652
4641
4642
4651
4640
4642
4650
4643
4642
4638
4643
4642
4640
4643
4642
4637
4642
4645
4640
4643
4642
4640
4642
4645
4639
4641
4646
4639
4639
4647
4640
4650
4647
4640
4659
4693
4670
4651
4662
4639
4660
4654
4647
4653
4648
4639
4651
4638
4640
4663
4640
4650
4654
4651
4640
4657
4639
4640
4643
4642
4645
4649
4654
4641
4647
4647
4651
4635
4657
4644
4637
4648
4640
4646
4708
4680
4672
5060
4638
4656
4648
4644
4636
4679
4645
4638
4658
4650
4638
4653
4654
4638
4648
4643
4645
4638
4651
4642
4637
4654
4642
4638
4658
4646
4637
4659
4640
4646
4658
4638
4647
4658
4641
4641
4667
4642
4646
4656
4653
4641
4666
4643
4653
4649
4647
4638
4638
4642
4651
4639
4660
4657
4640
4675
4654
4659
4663
4647
4640
4673
4641
4655
4671
4644
4662
4675
4649
4657
4670
4649
4662
4660
4645
4654
4654
4639
4652
4657
4659
4662
4650
4659
4638
4660
4653
4644
5052
4667
4655
4730
4709
4648
4706
4659
4650
4643
4654
4638
4646
4646
4633
4643
4645
4634
4649
4643
4639
4653
4636
4636
4651
4642
4644
4656
4636
4647
4639
4640
4654
4650
4650
4646
4655
4656
4654
4649
4646
4644
4648
4639
4656
4639
4646
4661
4641
4652
4647
4656
4639
4653
4651
5058
4641
4650
4643
4636
4642
4640
4659
4634
4655
4637
4643
4646
4648
4635
4650
4648
4643
4637
4651
4650
4643
4661
4640
4647
4640
4652
4646
4654
4638
4648
4647
4635
4652
4650
4657
4643
4657
4970
4676
4656
4651
4679
4647
4638
4660
4638
4642
4774
4637
4654
4642
4647
4639
4662
4643
