4953
5077
5002
4999
4950
4961
4978
4952
4982
4963
4960
4972
4967
4952
4964
4980
4954
4977
4965
4965
5052
4978
4966
4958
4974
4964
4951
4953
4955
4957
4953
4965
4968
4947
4955
4965
4960
4960
4971
4950
4961
4961
4949
4967
4966
4948
4963
4967
4945
4959
4971
4951
4958
4960
4950
4973
4965
4958
4962
4964
4945
4965
4973
5046
4967
4978
5009
4988
4946
4957
5004
4959
4973
4970
4947
4962
4974
4949
4990
4968
4953
4967
4974
4941
4975
4972
4956
4964
4972
4949
5010
4966
4967
4965
4991
4944
4969
4963
4957
4950
4959
4967
4971
4958
4969
4963
4966
4990
4972
4947
4973
4971
4960
4970
5314
4955
4967
4963
4954
4960
4982
4952
4974
4965
4959
5019
4977
4958
4957
4975
4960
4948
4944
4959
4953
4946
4965
4949
4946
4967
4951
4957
4963
4956
4950
4967
4965
4949
4976
4959
4949
4966
4995
4961
5538
4969
4946
4962
4981
4971
4946
4959
4943
4959
4968
4960
4984
4958
4950
4968
4961
4969
4972
4964
4956
4974
4942
4976
4975
4958
5004
4992
4948
4973
4948
4967
4952
4965
4965
4956
4940
4980
4957
4952
4965
5004
4947
4962
4949
4963
4962
4964
4944
4971
4945
4952
4970
4956
4946
4961
4945
4962
4961
4968
5058
5003
4947
4959
5002
5618
5036
4946
4957
4961
4957
4944
4963
4945
4948
4969
4955
4949
4961
4960
4942
4962
4957
4946
4958
4942
4955
4964
4955
4950
4969
4951
4946
4980
4969
4949
4977
4947
4957
4959
4964
4976
4973
5144
4956
4942
4958
4964
4961
4944
4984
4949
4953
4959
4954
4953
4959
4960
4948
4958
4962
4943
4974
4951
4951
4949
4951
4956
4957
4955
4945
4961
4960
4956
4965
4944
4944
4958
4950
4975
4954
4983
4947
4964
4945
4957
4962
4952
5072
5051
4944
5054
5097
4964
5008
4962
4946
5016
4944
4959
4976
4950
4958
4982
4949
4949
4977
4964
4947
4994
4947
4951
4981
4951
4952
4995
4946
4950
4988
4957
4953
4987
4946
4947
4948
4952
4963
4954
4953
4974
4958
4945
4980
4962
4956
4978
4956
4949
4994
4992
4988
4981
4956
4947
4981
4962
4961
4987
4955
4950
4980
4953
4963
4976
4966
4950
5077
4948
4950
4980
4947
4951
4975
4954
4958
4946
4951
4956
4947
4950
4967
4958
4952
4971
4945
4953
5034
4972
4955
5048
5295
4955
5007
4947
4950
4980
4946
4967
4980
4958
4952
4983
4946
4957
5010
5000
4955
4980
4946
4969
4967
4958
4946
4956
4942
4980
4956
4953
4984
4953
4951
4999
4944
4963
4989
4974
4950
5002
4943
4963
5010
4952
4957
5007
4947
4952
5003
4962
4948
5004
4949
4954
4998
4959
4955
5095
5038
5051
5066
5308
4989
4948
4955
4988
4952
4963
4990
4946
4945
4982
4958
4955
5003
4965
4950
4978
4952
4956
4991
4956
4960
4984
4947
4947
4995
4946
4964
4980
4958
4961
4983
4966
4956
4960
4955
4981
4969
4949
5004
4955
4959
4974
4963
4957
4986
4964
4955
5045
4978
4950
4998
4950
4960
4981
4962
4946
4982
4961
4958
4985
4962
4948
4990
4953
4954
4981
4953
4965
4974
4958
4951
4983
4946
4958
4955
4959
4972
4966
4950
4978
4952
4966
4974
5030
4972
5028
4946
4963
4987
4970
4958
4978
4947
4961
4962
4957
4950
4982
4947
4954
4978
4968
4956
4975
4955
4961
4966
4958
4945
4969
4949
4957
4977
4958
4959
4974
4958
4967
4969
4952
4964
4955
4954
4971
4953
4952
5177
5268
4965
5065
4950
5174
4960
4960
4968
4957
4945
4963
4962
4948
4969
4982
4945
4954
4957
4944
4970
4945
4988
4950
4960
4948
4956
4956
4958
4952
4959
5131
4955
4945
4965
4948
4964
4948
4957
4961
4961
5039
4965
4954
4956
4962
5196
5361
4968
4956
4959
4952
4948
4945
4957
4962
4948
4972
4949
4947
4953
4968
4955
4954
4956
4946
4955
4959
4950
4968
4950
4950
4950
4952
4957
4964
4951
4953
4956
4978
4948
4973
4947
4956
5169
4969
4959
5027
4967
4954
4962
4950
4950
4970
4951
4994
4948
4961
4964
4961
4956
4969
4958
5072
4956
4950
4947
4968
4951
4954
4954
4953
4954
4965
4958
4961
4956
4954
4955
4962
4945
4950
4949
4948
4964
4952
4964
4944
4970
4945
4947
4965
4949
4945
4957
4942
4955
4961
4951
4945
4952
4956
4947
4949
4944
4946
4968
4951
5004
4957
4968
4986
4961
4948
4990
4960
4965
4981
4950
4951
4998
4949
4956
4992
4949
4943
4985
4965
4948
5003
4948
4957
5092
4976
4958
5081
4966
4957
4978
4952
4951
4963
4947
5000
4949
4970
4973
4955
4953
5010
4952
4962
4982
4961
4949
5001
4951
4961
5077
4991
4992
4984
4949
5001
4964
4947
4953
5004
4985
4957
4966
4970
4943
4956
4957
4948
4958
4952
4954
4955
4953
4960
4955
4951
4954
4956
4960
4964
4962
4953
4963
4948
4959
4972
4952
4959
4965
4988
4949
4966
4960
4953
4967
4953
4953
4974
4951
4959
4966
4952
4947
4965
4958
4947
4967
4954
4946
4972
4952
4956
4964
4956
4942
4963
4960
4951
4947
4949
5184
4968
5052
5169
5231
5158
4954
4967
4956
4961
4949
4958
4965
4959
4959
4970
4953
4958
4954
4964
4954
4959
4943
4963
4964
4959
4976
4963
4954
4953
4958
4968
4948
4960
4952
4990
4985
4957
4986
4953
4946
4966
4944
4957
4971
4971
4948
4963
4948
4969
4968
4974
4964
4963
4962
4948
4972
4960
4962
4960
4958
4950
4975
4955
4966
4962
4960
4945
4965
4960
4957
4960
4958
4948
4980
4951
4973
4948
4962
4946
4949
4950
4967
4946
4944
4966
4951
4952
5092
4964
5039
5201
4960
4959
4950
4949
4949
4985
4951
4947
4951
4947
5004
4950
4963
4955
4952
4958
4947
4968
4953
4957
4950
4962
4944
4955
4958
4965
4950
4957
4964
4965
4957
5036
4952
4956
4959
4945
4957
4962
4947
4951
4962
4960
4952
4962
4944
4954
4957
4949
4957
4962
4955
4947
4958
4958
4954
4952
4947
4948
4964
4951
4951
4957
4945
4945
4973
4960
4958
4965
4954
4952
4973
4951
4967
4945
4956
4959
4950
4970
4995
4952
4968
4974
4954
4966
5088
4953
5053
5516
5633
4944
4967
4957
4951
4964
4955
4945
4965
4972
4950
4947
4958
4966
4952
4946
4970
4943
4966
4950
4965
4940
4967
4960
4951
4969
4950
4959
4980
4949
4951
4966
4951
4942
4962
4964
4952
4974
4945
4961
4961
4962
4952
4966
4956
4953
4962
4988
4950
4978
4948
4953
4943
4951
4989
4959
4954
4984
4945
4952
4977
4964
4943
4986
4942
4951
4984
4958
4946
4989
4947
4951
4979
4952
4944
4972
4944
4949
4991
4954
4964
4976
4956
5053
5059
4955
4956
5030
4991
4999
4957
4980
4951
5059
4962
4954
4959
4951
4961
4943
4968
4968
4954
4961
4965
4971
4957
4954
4963
4949
4960
4943
4961
4974
4954
4961
4962
4948
4949
5011
4963
4944
4973
4952
4951
4950
4969
4952
4954
4953
4956
4947
4960
4945
4953
4964
4954
4950
4955
4966
4948
4960
4954
4958
4963
4961
4956
4963
4956
4977
4955
4977
4950
4959
4956
4957
4959
4962
4956
4961
4956
4956
4953
4964
4949
4963
4954
4964
4947
4960
4958
5068
4996
5052
4962
4959
5173
4971
4948
4967
4973
4965
4949
4966
4944
4963
4975
4956
4955
4977
4946
4958
4955
4953
4962
4954
4949
4963
4970
4981
4963
4954
4966
4946
4958
4977
4949
4995
4964
4945
4942
4976
4962
4946
4965
4954
4947
4970
4965
4957
4966
4953
4963
4983
4966
4974
4970
4954
4951
4963
4953
4961
4964
4959
4949
4973
4968
4950
4971
4967
4949
4943
4958
4956
4951
4961
4970
4959
4951
4978
4951
4965
4969
4959
4950
4987
4948
4967
4969
5050
4956
5041
4994
4961
5000
4961
4951
4989
4952
5063
4951
4959
4948
4953
4949
4952
4958
4955
4958
5000
4956
4945
4954
4962
4955
4954
4956
4954
4941
4955
4960
4952
4952
4948
4952
4993
4956
4958
4951
4957
4966
4948
4962
4958
4950
4953
4965
4957
4955
