5267
5358
5769
5260
5284
5265
5284
5264
5273
5263
5275
5263
5294
5272
5265
5281
5267
5276
5280
5271
5272
5296
5293
5283
5277
5272
5274
5274
5279
5280
5269
5273
5279
5277
5270
5277
5272
5266
5289
5261
5277
5266
5292
5268
5280
5281
5284
5264
5294
5266
5278
5276
5279
5278
5284
5263
5417
5308
5290
5803
5395
5264
5264
5267
5263
5285
5266
5283
5266
5271
5264
5289
5267
5272
5263
5277
5264
5276
5265
5294
5263
5271
5264
5277
5264
5284
5260
5275
5263
5284
5267
5263
5274
5261
5272
5276
5274
5271
5295
5269
5278
5279
5275
5277
5657
5294
5280
5273
5270
5279
5274
5282
5270
5274
5281
5343
5265
5278
5266
5278
5272
5280
5271
5284
5261
5291
5264
5278
5277
5287
5260
5295
5266
5277
5265
5276
5266
5286
5262
5402
5337
5262
5308
5274
5274
5260
5274
5265
5276
5258
5275
5267
5273
5271
5274
5259
5281
5263
5271
5260
5265
5292
5268
5263
5295
5258
5267
5284
5271
5253
5274
5268
5278
5266
5263
5284
5260
5264
5288
5280
5349
5307
5274
5261
5257
5275
5265
5261
5267
5259
5267
5263
5266
5264
5276
5257
5264
5262
5268
5275
5268
5268
5274
5317
5262
5268
5270
5267
5267
5263
5261
5268
5271
5269
5262
5262
5401
5274
5262
5270
5259
5275
5259
5277
5260
5276
5257
5301
5260
5269
5257
5269
5265
5271
5259
5278
5259
5269
5260
5273
5261
5272
5260
5264
5259
5261
5483
5348
5284
5335
5850
5306
5263
5278
5277
5273
5276
5276
5259
5271
5280
5269
5263
5280
5268
5282
5261
5273
5275
5265
5259
5280
5261
5262
5269
5268
5264
5266
5264
5274
5260
5265
5272
5269
5257
5271
5269
5266
5260
5263
5269
5267
5259
5269
5300
5285
5274
5255
5268
5264
5264
5271
5268
5257
5284
5260
5270
5271
5263
5257
5297
5261
5268
5255
5264
5275
5262
5273
5282
5255
5258
5275
5255
5274
5272
5267
5271
5263
5258
5352
5275
5270
5395
5270
5277
5298
5271
5268
5270
5270
5271
5268
5270
5264
5267
5269
5275
5262
5271
5262
5268
5267
5271
5262
5281
5261
5268
5266
5269
5258
5274
5260
5272
5265
5271
5270
5322
5263
5277
5265
5295
5270
5273
5263
5268
5263
5282
5277
5273
5275
5270
5267
5282
5257
5267
5274
5265
5277
5267
5261
5286
5258
5275
5281
5372
5263
5280
5259
5269
5269
5266
5266
5270
5265
5269
5266
5265
5284
5383
5258
5304
5263
5274
5315
5420
5265
5289
5264
5290
5257
5272
5282
5278
5266
5285
5267
5287
5265
5293
5268
5283
5265
5285
5273
5271
5276
5272
5282
5269
5272
5346
5274
5255
5285
5258
5273
5265
5273
5261
5382
5293
5371
5262
5270
5282
5286
5273
5350
5283
5276
5272
5267
5299
5267
5271
5289
5274
5275
5284
5273
5282
5282
5270
5291
5270
5272
5288
5274
5284
5265
5263
5269
5274
5275
5262
5274
5264
5272
5266
5271
5264
5269
5264
5274
5266
5269
5265
5345
5327
5301
5263
5303
5262
5270
5298
5269
5261
5301
5265
5293
5265
5269
5294
5272
5258
5303
5271
5269
5291
5396
5264
5274
5264
5287
5271
5265
5290
5267
5271
5292
5271
5268
5279
5504
5306
5278
5362
5413
5262
5259
5299
5271
5272
5286
5263
5302
5265
5259
5297
5272
5268
5288
5271
5268
5286
5263
5289
5261
5271
5292
5264
5256
5300
5257
5262
5295
5257
5260
5275
5257
5285
5263
5270
5270
5285
5271
5273
5263
5275
5268
5267
5339
5319
5303
5303
5273
5281
5263
5276
5307
5512
5285
5293
5266
5264
5299
5261
5297
5260
5267
5290
5272
5265
5299
5279
5287
5309
5269
5261
5268
5260
5300
5262
5268
5290
5298
5259
5316
5270
5269
5301
5263
5314
5266
5277
5360
5289
5270
5307
5269
5270
5304
5270
5301
5273
5269
5305
5271
5280
5618
5283
5269
5327
5972
5293
5264
5267
5297
5267
5260
5306
5267
5268
5279
5276
5301
5271
5270
5305
5267
5275
5293
5271
5272
5311
5264
5305
5261
5268
5293
5269
5263
5306
5267
5271
5294
5269
5258
5286
5272
5301
5267
5270
5295
5270
5259
5297
5264
5277
5282
5276
5280
5274
5266
5291
5260
5269
5283
5268
5271
5287
5270
5273
5272
5269
5289
5283
5269
5290
5270
5262
5286
5269
5268
5299
5273
5298
5269
5267
5299
5271
5265
5537
5269
5277
5318
5983
5307
5281
5260
5306
5267
5269
5285
5268
5270
5301
5267
5296
5273
5272
5293
5269
5271
5286
5287
5260
5302
5265
5299
5264
5280
5287
5286
5263
5309
5263
5264
5272
5267
5264
5267
5260
5279
5271
5268
5275
5271
5261
5287
5293
5269
5273
5270
5275
5271
5275
5280
5357
5310
5298
5861
5278
5265
5293
5264
5261
5272
5262
5255
5284
5264
5269
5266
5263
5285
5261
5278
5265
5295
5262
5275
5290
5277
5265
5301
5259
5270
5274
5272
5291
5258
5268
5392
5264
5299
5309
5282
5272
5257
5299
5263
5271
5278
5288
5267
5300
5282
5282
5283
5295
5284
5295
5266
5301
5277
5281
5282
5303
5263
5300
5284
5276
5261
5276
5283
5283
5269
5284
5283
5267
5290
5278
5263
5260
5291
5277
5266
5264
5283
5278
5282
5298
5288
5267
5264
5322
5275
5269
5268
5287
5289
5279
5267
5312
5261
5285
5288
5281
5440
5276
5277
5306
5264
5279
5292
5277
5266
5307
5264
5275
5293
5288
5290
5273
5263
5406
5276
5297
5307
5479
5259
5283
5298
5288
5367
5275
5291
5264
5283
5293
5265
5264
5304
5273
5306
5260
5286
5287
5269
5278
5289
5259
5278
5287
5290
5258
5267
5281
5293
5296
5290
5297
5265
5281
5317
5306
5281
5289
5285
5287
5273
5278
5470
5261
5310
5290
5268
5272
5293
5296
5292
5260
5302
5296
5274
5438
5333
5264
5272
5291
5301
5296
5263
5263
5289
5263
5272
5290
5330
5260
5288
5264
5262
5262
5263
5293
5257
5272
5289
5279
5375
5354
5305
5292
5265
5322
5276
5282
5278
5291
5263
5272
5280
5286
5265
5265
5268
5295
5269
5269
5280
5271
5272
5314
5271
5269
5282
5265
5279
5269
5297
5283
5313
5272
5282
5271
5266
5283
5270
5290
5270
5271
5275
5271
5267
5294
5692
5282
5274
5271
5272
5267
5262
5285
5261
5272
5280
5268
5266
5281
5269
5268
5277
5272
5271
5265
5275
5284
5264
5271
5283
5262
5286
5278
5278
5278
5280
5265
5294
5264
5296
5329
5276
5288
5308
5281
5298
5261
5284
5278
5330
5259
5288
5264
5264
5281
5259
5283
5260
5268
5289
5274
5260
5286
5264
5268
5289
5272
5503
5266
5259
5280
5255
5270
5270
5273
5257
5284
5255
5262
5269
5265
5283
5260
5269
5273
5263
5261
5277
5259
5265
5280
5264
5265
5260
5260
5279
5263
5265
5275
5268
5259
5284
5257
5262
5277
5263
5269
5260
5263
5270
5269
5258
5277
5253
5265
5269
5268
5252
5264
5259
5277
5260
5257
5385
5268
5284
5413
5268
5268
5257
5275
5270
5269
5266
5282
5264
5266
5273
5332
5267
5288
5272
5302
5262
5264
5286
5266
5264
5286
5268
5267
5279
5263
5268
5261
5267
5277
5333
5267
5289
5264
5265
5273
5261
5266
5278
5267
5271
5262
5260
5281
5267
5268
5297
5307
5277
5312
5278
5279
5264
5296
5293
5279
5279
5312
5265
5297
5296
5294
5263
5302
5288
5316
5261
5298
5293
5272
5282
5270
5274
5275
5307
5285
5271
5265
5310
5527
5290
5409
5302
5268
5269
5285
5270
5294
5268
5294
5279
5254
5259
5279
5329
5264
5279
5266
5270
5267
5261
5281
5261
5271
5271
5386
5267
5287
5275
5269
5269
5266
5290
5295
5269
5318
5274
5261
5299
5268
5278
5290
5287
5294
5276
5263
5307
5260
5289
5294
5274
5263
5297
5266
5270
5260
5272
5294
5271
5263
5303
5260
5270
5295
5267
5257
5292
5266
5306
5264
5271
5296
5271
5269
5300
5265
5271
5301
5271
5264
5266
5265
5463
5357
5379
5778
5260
5269
5285
5276
5288
5263
5271
5295
5267
5270
5299
5267
5282
5292
5268
5270
5265
5276
5286
5260
5281
5292
