5582
5615
6084
5569
5600
5574
5579
5592
5584
5592
5569
5575
5590
5583
5573
5596
5575
5589
5585
5576
5594
5578
5570
5796
5579
5597
5573
5566
5599
5575
5597
5578
5574
5590
5568
5576
5595
5574
5597
5580
5580
5660
5740
5630
5617
5584
5602
5574
5582
5597
5578
5595
5585
5579
5598
5580
5566
5596
5573
5609
5584
5565
5590
5571
5589
5574
5585
5601
5577
5578
5604
5588
5603
5579
5585
5609
5581
5577
5617
5586
5598
5615
5580
5609
5585
5575
5594
5586
5619
5578
5580
5607
5577
5610
5580
5582
5602
5649
5580
5609
5583
5606
5569
5582
5609
5581
5586
5595
5578
5597
5584
5574
5617
5574
5608
5577
5573
5616
5578
5685
5679
5605
5875
5594
5580
5575
5578
5583
5595
5578
5585
5571
5583
5586
5580
5586
5574
5581
5579
5581
5573
5591
5579
5599
5580
5574
5591
5597
5570
5580
5575
5580
5576
5573
5582
5574
5650
5569
5578
5602
5601
5763
5575
5588
5578
5581
5572
5600
5585
5571
5594
5582
5588
5586
5577
5580
5584
5581
5583
5603
5750
5574
5589
5579
5698
5578
5581
5631
5598
5588
5614
5581
5570
5593
5575
5590
5576
5587
5568
5580
5595
5580
5595
5574
5577
5586
5582
5577
5587
5587
5594
5579
5585
5589
5580
5596
5566
5592
5576
5588
5587
5581
5580
5571
5590
5573
5597
5568
5589
5589
5607
5592
5573
5579
5601
5582
5581
5594
5579
5603
5570
5603
5596
5591
5602
5586
5585
5596
5596
5572
5627
5578
5605
5587
5582
5613
5574
5597
5596
5581
5605
5588
5705
5621
5763
5699
5597
5581
5601
5572
5599
5598
5593
5598
5581
5598
5585
5592
5581
5598
5580
5609
5572
5581
5595
5583
5585
5586
5580
5592
5584
5586
5601
5584
5589
5571
5586
5634
5594
5582
5602
5588
5661
5594
5574
5607
5580
5590
5592
5579
5595
5577
5593
5593
5584
5577
5588
5584
5599
5581
5587
5583
5794
5592
5595
5589
5601
5594
5574
5622
5581
5595
5576
5574
5591
5578
5591
5581
5580
5593
5585
5823
5596
5582
5586
5597
5588
5687
5573
5590
5582
5582
5583
5593
5585
5587
5595
5632
5594
5576
5592
5587
5577
5598
5570
5611
5574
5577
5604
5580
5583
5602
5584
5596
5569
5587
5622
5598
5583
5625
5578
5613
5590
5573
5634
5575
5576
5627
5991
5639
5572
5576
5629
5582
5596
5579
5580
5619
5576
5581
5628
5578
5605
5579
5587
5585
5588
5623
5647
5594
5575
5612
5574
5576
5617
5573
5593
5576
5585
5587
5584
5589
5591
5579
5598
5593
5575
5587
5585
5594
5574
5589
5582
5589
5580
5575
5588
5580
5591
5574
5702
5819
5598
5605
6039
5659
5585
5580
5578
5574
5585
5591
5577
5592
5571
5581
5590
5577
5592
5574
5591
5584
5578
5591
5584
5589
5585
5592
5575
5593
5581
5589
5597
5598
5581
5589
5576
5577
5587
5589
5598
5570
5597
5574
5602
5574
5589
5609
5581
5596
5587
5590
5590
5578
5581
5600
5581
5585
5591
5576
5592
5579
5582
5592
5594
5580
5593
5571
5603
5576
5588
5588
5571
5575
5574
5580
5590
5583
5573
5583
5774
5606
5593
6229
5596
5577
5574
5580
5573
5584
5633
5578
5606
5575
5581
5596
5574
5592
5575
5583
5591
5574
5595
5571
5597
5587
5578
5584
5575
5580
5596
5592
5577
5590
5578
5584
5579
5575
5583
5588
5575
5604
5577
5597
5583
5607
5600
5586
5590
5592
5581
5599
5583
5582
5601
5580
5577
5578
5580
5595
5584
5609
5577
5635
5572
5621
5573
5589
5610
5570
5592
5607
5593
5611
5575
5569
5609
5577
5576
5583
5581
5606
5585
5576
5615
5576
5681
5593
5582
5708
5587
5569
5628
5576
5608
5584
5579
5589
5574
5580
5576
5584
5589
5567
5580
5595
5580
5600
5582
5572
5586
5574
5575
5605
5568
5597
5579
5776
5613
5575
5582
5603
5570
5617
5573
5590
5610
5587
5574
5580
5581
5622
5580
5601
5602
5576
5633
5579
5575
5624
5588
5579
5632
5573
5627
5579
5574
5639
5573
5601
5575
5586
5632
5578
5579
5625
5580
5617
5575
5577
5621
5586
5580
5636
5576
5945
5581
5575
5679
5631
5573
5608
5576
5630
5581
5579
5624
5573
5657
5574
5576
5628
5595
5619
5578
5573
5629
5576
5582
5620
5570
5590
5576
5586
5620
5584
5572
5679
5577
5580
5596
5575
5597
5575
5594
5589
5590
5590
5580
5574
5605
5982
5591
5584
5570
5627
5576
5590
5610
5583
5621
5578
5593
5604
5590
5585
5613
5587
5614
5583
5572
5630
5581
5579
5579
5576
5621
5573
5577
5616
5578
5619
5575
5570
5720
5656
5580
5619
5581
5628
5582
5578
5597
5564
5592
5575
5581
5580
5608
5680
5606
5598
5580
5582
5589
5700
5603
5576
5588
5585
5583
5574
5583
5585
5587
5588
5583
5606
5599
5583
5599
5575
5609
5578
5584
5598
5584
5576
5585
5581
5598
5574
5581
5596
5582
5590
5570
5585
5594
5598
5582
5597
5581
5582
5591
5578
5597
5575
5580
5580
5585
5715
5657
5598
6326
5620
5579
5591
5573
5595
5655
5593
5573
5587
5605
5574
5592
5592
5578
5602
5582
5580
5602
5581
5576
5590
5577
5598
5580
5582
5595
5587
5570
5603
5580
5603
5586
5579
5598
5571
5589
5585
5592
5584
5600
5576
5601
5584
5577
5577
5576
5597
5580
5587
5594
5586
5596
5583
5573
5599
5581
5585
5595
5579
5592
5571
5597
5590
5590
5577
5597
5588
5587
5592
5575
5605
5572
5588
5582
5582
5824
5646
5684
5637
5595
5596
5592
5582
5593
5679
5591
5583
5594
5597
5577
5582
5593
5577
5575
5589
5573
5582
5579
5572
5598
5571
5579
5573
5575
5614
5575
5575
5603
5575
5614
5578
5578
5607
5580
5575
5601
5580
5604
5585
5578
5615
5593
5589
5624
5579
5616
5579
5577
5619
5580
5586
5581
5582
5599
5579
5582
5613
5587
5606
5573
5586
5605
5593
5583
5613
5579
5601
5590
5573
5615
5576
5585
5603
5579
5719
5589
5631
5687
5591
5607
5578
5582
5615
5629
5589
5604
5582
5612
5579
5584
5606
5588
5574
5626
5571
5617
5578
5571
5620
5570
5588
5605
5589
5601
5579
5573
5612
5582
5581
5591
5574
5610
5579
5581
5612
5587
5580
5581
5572
5616
5575
5594
5611
5571
5616
5582
5589
5600
5587
5569
5607
5580
5599
5590
5572
5616
5575
5579
5611
5583
5608
5587
5591
5608
5569
5578
5596
5582
5603
5582
5582
5586
5585
5817
5670
5633
5609
5589
5584
5619
5574
5604
5582
5579
5613
5581
5584
5609
5577
5617
5582
5577
5609
5564
5583
5567
5585
5598
5578
5583
5597
5592
5602
5586
5570
5616
5570
5576
5621
5575
5615
5577
5577
5614
5582
5580
5611
5581
5609
5581
5604
5605
5582
5578
5568
5594
5603
5584
5578
5616
5575
5605
5590
5568
5623
5571
5581
5609
5579
5608
5589
5578
5600
5576
5576
5597
5579
5605
5583
5584
5605
5588
5835
5596
5609
5609
5590
5588
5616
5574
5607
5577
5627
5612
5572
5577
5586
5586
5612
5586
5580
5615
5576
5603
5582
5581
5609
5571
5584
5602
5591
5610
5583
5583
5602
5581
5571
5621
5575
5621
5578
5580
5615
5576
5577
5586
5569
5619
5575
5601
5812
5572
5609
5577
5584
5602
5590
5582
5596
5584
5600
5585
5575
5618
5572
5575
5604
5573
5619
5574
5573
5589
5576
5582
5581
5579
5579
5574
5569
5579
5582
5691
5660
5604
5590
5590
5587
5597
5578
5596
5588
5572
5601
5575
5589
5581
5583
5603
5580
5574
5605
5570
5584
5573
5582
5603
5577
5583
5580
5585
5581
5582
5573
5574
5582
5595
5589
5583
5591
5585
5593
5590
5584
5580
5569
5576
5597
5603
5580
5589
5567
5595
5574
5588
5582
5580
5583
5585
5590
5591
5589
5573
5586
5581
5571
5589
5577
5595
5570
5569
5584
5574
5587
5574
5584
5589
5571
5577
5591
5588
5825
5587
5645
5689
5734
5573
5595
5587
5588
5601
5633
5587
5572
5584
5580
5578
5594
5574
5570
5596
5579
5608
5577
5571
5597
5579
5749
5575
5569
5594
5587
5587
