6320
6045
5916
5894
5902
5904
5892
5902
5893
6020
5898
5893
5883
5889
5891
5881
5885
5905
5975
6096
5916
5914
5938
5921
5891
5879
5907
5889
5895
5891
5887
5896
5889
5907
5876
5896
5899
5887
5897
5887
5884
5916
5883
5898
6210
5890
5888
5897
5913
5878
5891
5892
5973
5900
5889
5879
5932
5888
5902
5894
5883
5895
5988
5897
5883
5890
5893
5876
5889
5891
5877
5895
5946
5899
5896
5895
5886
5899
5894
5881
6119
5897
5879
5897
5882
5877
5896
5906
5892
5894
5887
5892
5888
6033
5984
5885
6630
5886
5894
5909
5887
5902
5902
5906
5881
5890
5910
5880
5917
5887
5884
5909
5891
5911
5896
5891
5909
5902
5899
5900
5893
5894
5947
5903
5895
5907
5905
5895
5906
5897
5884
5918
5904
5896
5905
5891
5905
5905
5908
5894
5891
5913
5885
5911
5896
5888
5910
5892
5902
5897
5890
5899
5903
5901
5887
5900
5894
5888
5903
5894
5876
5911
5887
5893
5899
5881
5904
5895
6134
5960
5899
5904
5880
5910
5903
5877
5915
5893
5898
5881
5947
6194
5908
5893
5889
5919
5892
5907
5893
5888
5890
5963
5904
5892
5889
5918
5893
5936
5885
5887
5898
5893
5908
5887
5895
5892
5888
5898
5885
5901
5883
5899
5889
5885
5897
5891
5898
5903
5890
5880
5899
5885
5898
5892
5883
5906
5886
5893
5889
6071
5901
5875
5905
5886
5895
5912
5921
5889
5902
5887
5892
5894
5900
5891
5899
5903
5898
5914
5885
5887
5909
5961
5907
5888
5881
5912
5898
5902
5890
5894
5900
5889
5907
5883
5893
5899
5880
6017
5969
5880
5956
5888
5921
5891
5893
5910
5884
5913
5885
5891
5900
5890
5914
5884
5886
5909
5888
5890
5906
5893
5894
5899
5895
5881
5909
5901
5876
5904
5884
5887
5912
5883
5917
5893
5881
5912
5886
5901
5886
5889
5900
6304
5911
5884
5897
5907
5890
5915
5899
5887
5904
5887
5885
5900
5886
5881
5899
5882
5889
5884
5898
5877
5885
5890
5874
5897
5884
5896
5889
5879
5889
5884
6030
5966
5895
5933
5885
5900
5887
5885
5899
5887
5886
5897
5890
5880
5907
5879
5894
5895
5887
5900
5891
5890
5885
5896
5896
5885
5891
5884
5896
5878
5882
5893
5883
5886
5889
5888
5886
5896
5998
5885
5900
5886
5895
5891
5891
5896
5895
5891
5886
5896
5888
5895
5888
5881
5890
5881
5892
5892
5886
5875
5889
5891
5877
5903
5878
5892
6076
5970
5904
5906
5881
5888
5902
5885
5904
5900
5888
5905
5896
5896
5898
5890
5996
6053
5998
5888
5888
5921
5892
5895
5901
5888
5891
5887
5900
5884
5885
5906
5899
5917
5887
5899
5908
5885
5908
5885
5888
5895
5892
5884
5888
5886
5883
5909
5887
5883
5888
5890
5887
5894
5889
5892
5905
5883
5893
5899
5880
5923
5903
5903
5894
5875
5896
5885
5887
5886
5888
5897
5880
5898
5883
5879
5901
5897
5885
5892
5881
5888
5890
5881
5877
5893
5891
5889
5890
5883
5886
5904
6011
5894
5997
5882
5939
5896
5889
5890
5885
5933
5884
5885
5884
5882
5919
5891
5891
5892
5890
5920
5891
5879
5888
5889
5920
5894
5894
5918
5883
5957
5883
5884
5936
5887
5933
5890
5881
5929
5887
5932
5893
5880
5924
5900
5927
5908
5894
5926
5877
5935
5886
5888
5932
5877
5935
5888
5888
5944
5903
5928
5898
5889
5942
5905
5938
5889
5888
5941
5886
5941
6074
5886
5942
5915
5940
6023
5915
6075
5919
5954
5903
6019
5903
5889
5896
5927
5882
5882
5889
5897
5895
5896
5893
5878
5891
5891
5895
5896
5891
5892
5907
5890
5890
5901
5885
5897
5893
5879
5905
5883
5892
5888
5878
5895
5887
5893
5879
5897
5899
5895
5905
5888
5909
5890
5887
5901
5889
5888
5899
5899
5891
5900
5880
5883
5898
5890
5896
5886
5903
5875
5894
5888
5885
6020
5910
5891
5900
5896
5946
5892
5932
5883
5901
5916
5877
5921
5899
5884
5934
5888
5924
5895
5891
5923
5899
5927
5884
5894
5926
5885
5914
5887
5874
5940
5911
5878
5891
5882
5911
5892
5884
5891
5893
5908
5885
5893
5878
5912
5925
5885
5894
5886
5883
5930
5905
5892
5876
5896
5928
5894
5890
5883
5895
5939
5894
5886
5887
5882
5928
5901
5882
5886
5885
5914
5881
5886
5893
5885
6055
5886
5895
5908
6074
6168
5889
5949
5881
5901
5940
5885
5930
5888
5888
5932
5886
5959
5889
5894
5928
5887
5933
5877
5889
5923
5885
5931
5883
5883
5934
5884
5919
5886
5877
5927
5888
5920
5884
5891
5931
5877
5925
5885
5877
5946
5883
5910
5888
5894
5925
5893
5914
5875
5900
5924
5885
5919
5888
5896
6001
6595
5902
5896
5892
5897
5891
5912
5899
5884
5887
5894
5883
5889
5897
5883
5895
5893
5881
5894
5883
5892
5893
5890
5886
5902
5890
5878
5887
5891
5879
5914
5884
5891
5906
5890
5889
5903
5890
5901
5897
5893
5898
5953
5983
5912
5929
5899
6054
5927
5893
5910
5898
5893
5916
5890
5916
5882
5902
5922
5878
5927
5889
5887
5928
5881
5910
5899
5889
5908
5900
5910
5879
5899
5897
5896
5906
5895
5895
5906
5889
5899
5900
5889
5909
5899
5897
5904
5902
5904
5888
5912
5897
5888
5918
5878
5910
5887
5881
5912
5888
5903
5894
5889
5892
5903
5903
5883
5900
5907
5889
5891
5914
5896
5916
5891
5877
5893
5900
5989
5898
5959
6200
5917
5924
5916
5912
5897
5993
5906
5888
5899
5887
5885
5904
5902
5917
5911
5914
5908
5899
5913
5880
5902
5904
5892
5898
5890
5913
5893
5901
6009
5890
5915
5898
5909
5904
5888
5895
5905
5890
5882
5899
5908
5892
5901
5878
5884
5888
5906
5876
5893
5878
5877
5906
5886
5874
5888
5891
5907
5889
5878
5889
5893
5897
5898
5891
5885
5899
5921
5882
5886
5902
5883
6003
5899
5949
5897
5907
5904
5888
5904
5900
5890
5904
5885
5904
5902
5894
5908
5886
5895
5908
5900
5889
5892
5898
5897
5907
5892
5900
5895
5903
5898
5909
5896
5904
5914
5887
5908
5901
5883
5916
5888
5904
5894
5896
5906
6324
5927
5882
5907
5901
5910
5911
5894
5891
5905
5896
5891
5897
5891
5892
5904
5896
5888
5896
5895
5889
5909
5890
5882
5915
5885
5901
5900
5883
5911
5890
6006
5903
6040
5909
5913
5913
5886
5889
5899
5878
5997
5893
5896
5896
5899
5892
5886
5903
5887
5895
5894
5889
5895
5898
5886
5885
5884
5899
5915
5882
5883
5900
5896
5897
5885
5890
5887
5890
5899
5876
5899
5885
5890
5896
5875
5893
5898
5893
5889
5898
5882
5881
5903
5892
5878
5903
5892
5940
5900
5891
5909
5907
5898
5905
5902
5895
5904
5910
5897
5901
5913
5897
5904
5906
5883
6004
5899
6035
5951
5899
5890
5910
5933
5895
5907
5914
5893
5919
5915
5887
5906
5907
5913
5914
5909
5896
5911
5904
5894
5900
5897
5898
5907
5896
5875
5942
5907
5898
5931
5879
5907
5902
5909
5903
5889
5904
5906
5921
5901
6136
5896
5891
5908
5892
5888
5891
5903
5907
5888
5898
5895
5916
5905
5898
5901
5920
5898
5904
5906
5890
5913
5906
5897
5909
5889
5911
5901
5893
5895
5891
5910
5893
5943
6072
5881
5904
5912
5933
5907
5896
6001
5911
5890
5912
5889
5893
5913
5891
5918
5881
5893
5919
5886
5915
5880
5885
5926
5894
5907
5894
5887
5905
5890
5894
5874
5895
5907
5879
5892
5876
5893
5921
5888
5893
5893
5909
5920
5893
5882
5897
5895
5913
5885
5891
5880
5898
5915
5883
5900
5900
5897
5916
5891
5899
5903
5902
5906
5891
5901
5892
5906
5917
5880
5908
5910
5894
5994
5900
6033
6662
5923
5899
5889
5899
5890
5900
5897
5894
5879
5904
5896
5918
5889
5883
5876
5891
5914
5887
5885
5888
5901
5931
5887
5898
5884
5905
5928
5900
5895
5883
5919
5912
5874
5902
5882
5915
5916
5894
5893
5883
6279
5910
5918
5915
5890
5902
5912
5892
5920
5897
5904
5932
5883
5904
5898
5912
5919
5888
5916
5879
