2588
2568
2569
2593
2583
2584
2585
2572
2589
2582
2589
2577
2585
2569
2571
2589
2578
2576
2578
2569
2575
2586
2578
2585
2568
2576
2569
2577
2582
2576
2571
2568
2582
2579
2581
2578
2568
2569
2578
2595
2589
2575
2568
2568
2587
2578
2583
2582
2573
2570
2581
2579
2599
2578
2568
2569
2579
2586
2577
2582
2569
2568
2585
2578
2577
2577
2569
2569
2578
2582
2590
2568
2569
2582
2577
2576
2579
2568
2569
2576
2582
2584
2582
2569
2571
2585
2586
2584
2569
2568
2586
2585
2584
2578
2571
2569
2586
2587
2580
2585
2568
2571
2585
2578
2586
2571
2571
2569
2578
2587
2593
2570
2576
2579
2605
2588
2583
2577
2574
2573
2590
2582
2584
2586
2568
2569
2604
2577
2585
2580
2568
2569
2579
2584
2581
2569
2569
2580
2583
2582
2583
2569
2569
2579
2581
2582
2569
2571
2569
2588
2577
2593
2568
2569
2588
2577
2583
2578
2569
2569
2586
2581
2585
2580
2568
2571
2580
2583
2582
2568
2569
2578
2587
2580
2576
2569
2568
2586
2573
2579
2572
2594
2643
2569
2568
2578
2594
2591
2576
2568
2568
2578
2592
2579
2569
2569
2593
2585
2585
2580
2568
2569
2582
2586
2579
2569
2569
2585
2577
2587
2571
2568
2583
2585
2580
2575
2569
2569
2578
2582
2594
2580
2574
2568
2582
2577
2586
2578
2569
2569
2576
2589
2579
2570
2569
2575
2576
2575
2601
2568
2569
2576
2580
2600
2580
2569
2577
2588
2600
2591
2568
2568
2573
2599
2581
2578
2568
2569
2603
2576
2591
2575
2568
2611
2577
2590
2576
2568
2593
2579
2587
2576
2569
2592
2579
2589
2576
2587
2592
2569
2585
2577
2614
2592
2576
2569
2585
2587
2616
2570
2572
2588
2582
2621
2578
2569
2569
2577
2586
2585
2577
2568
2568
2581
2584
2578
2569
2568
2577
2580
2577
2581
2576
2569
2578
2577
2586
2575
2568
2572
2582
2584
2576
2585
2590
2568
2585
2577
2584
2592
2570
2585
2578
2588
2603
2568
2568
2579
2577
2611
2571
2569
2585
2577
2607
2585
2569
2568
2587
2602
2576
2588
2568
2577
2610
2578
2588
2568
2571
2611
2578
2585
2606
2568
2594
2581
2586
2577
2568
2593
2579
2582
2578
2581
2573
2569
2579
2583
2579
2589
2569
2569
2582
2581
2586
2569
2570
2585
2580
2585
2592
2568
2583
2579
2585
2601
2569
2572
2581
2577
2607
2568
2569
2595
2578
2605
2586
2571
2569
2578
2637
2654
2578
2569
2571
2582
2578
2578
2578
2575
2572
2593
2580
2587
2580
2571
2569
2580
2578
2582
2569
2573
2581
2583
2576
2580
2568
2569
2597
2577
2587
2571
2568
2575
2580
2579
2595
2568
2568
2576
2578
2598
2582
2569
2570
2577
2604
2574
2582
2569
2580
2608
2580
2577
2568
2569
2599
2585
2579
2576
2570
2583
2583
2620
2608
2575
2580
2577
2582
2578
2581
2584
2568
2587
2585
2584
2582
2569
2568
2578
2576
2609
2577
2569
2568
2587
2582
2586
2568
2569
2589
2580
2586
2587
2569
2585
2579
2578
2585
2569
2569
2585
2579
2594
2573
2569
2593
2578
2581
2576
2568
2568
2582
2584
2577
2568
2569
2582
2588
2578
2586
2568
2574
2579
2589
2581
2569
2573
2575
2589
2584
2583
2572
2569
2588
2582
2577
2584
2570
2569
2594
2579
2592
2569
2569
2591
2578
2590
2580
2568
2569
2578
2616
2584
2605
2568
2569
2585
2592
2582
2575
2568
2568
2594
2576
2586
2571
2568
2593
2573
2570
2594
2579
2600
2584
2568
2570
2593
2585
2609
2584
2570
2568
2577
2584
2574
2598
2568
2570
2592
2578
2583
2568
2568
2580
2578
2588
2580
2569
2569
2581
2585
2579
2587
2568
2570
2586
2580
2580
2570
2569
2587
2581
2581
2577
2575
2570
2579
2594
2579
2586
2569
2569
2595
2578
2579
2569
2569
2592
2577
2591
2576
2569
2590
2578
2578
2576
2571
2573
2577
2585
2580
2568
2568
2578
2617
2578
2591
2571
2568
2597
2593
2620
2587
2568
2609
2584
2579
2585
2590
2572
2569
2583
2578
2593
2582
2569
2573
2583
2578
2584
2568
2569
2584
2578
2585
2597
2568
2569
2577
2575
2580
2568
2570
2584
2577
2593
2588
2570
2568
2576
2594
2586
2576
2570
2568
2610
2578
2594
2569
2568
2595
2594
2575
2570
2568
2599
2588
2579
2590
2568
2608
2579
2599
2587
2579
2588
2569
2579
2581
2585
2589
2570
2585
2581
2585
2586
2568
2569
2582
2587
2581
2586
2569
2696
2592
2584
2587
2581
2569
2569
2580
2588
2588
2568
2568
2581
2601
2582
2586
2571
2568
2617
2580
2585
2568
2568
2602
2582
2586
2577
2569
2587
2583
2586
2577
2586
2592
2577
2588
2578
2580
2597
2579
2577
2569
2571
2598
2581
2577
2571
2569
2582
2586
2577
2576
2569
2571
2581
2619
2583
2569
2569
2575
2581
2579
2581
2571
2568
2579
2579
2589
2569
2568
2580
2578
2580
2579
2571
2568
2581
2581
2580
2569
2569
2587
2583
2576
2579
2570
2569
2587
2578
2579
2569
2568
2596
2577
2578
2586
2569
2584
2579
2582
2576
2569
2568
2581
2599
2577
2589
2595
2568
2573
2580
2584
2577
2571
2572
2583
2578
2581
2578
2572
2570
2577
2587
2577
2573
2569
2575
2582
2593
2590
2569
2570
2581
2592
2580
2569
2569
2581
2600
2583
2585
2569
2569
2595
2589
2579
2569
2569
2593
2588
2579
2573
2570
2602
2578
2590
2577
2569
2586
2579
2589
2580
2584
2585
2568
2590
2577
2588
2569
2569
2585
2577
2584
2582
2568
2575
2579
2585
2580
2585
2592
2573
2580
2586
2615
2624
2569
2570
2581
2586
2584
2570
2569
2580
2610
2594
2577
2569
2571
2594
2594
2580
2568
2568
2593
2593
2579
2586
2569
2586
2590
2578
2589
2568
2585
2583
2578
2588
2576
2584
2569
2575
2585
2577
2591
2568
2570
2586
2578
2596
2568
2568
2591
2579
2598
2577
2572
2570
2578
2598
2580
2572
2568
2569
2578
2584
2587
2570
2568
2580
2584
2586
2584
2569
2571
2584
2598
2596
2571
2568
2598
2586
2582
2576
2568
2587
2585
2583
2576
2572
2589
2573
2590
2594
2584
2583
2575
2569
2577
2584
2598
2574
2569
2578
2582
2595
2594
2569
2568
2582
2597
2587
2569
2571
2584
2596
2584
2575
2568
2568
2600
2584
2579
2568
2570
2600
2582
2580
2584
2569
2584
2584
2588
2577
2570
2569
2588
2584
2584
2579
2568
2569
2582
2584
2580
2570
2585
2583
2584
2581
2584
2585
2585
2592
2583
2585
2652
2612
2569
2585
2577
2618
2586
2571
2569
2577
2621
2585
2568
2569
2582
2600
2583
2591
2569
2569
2594
2585
2589
2568
2595
2583
2586
2578
2586
2568
2569
2580
2584
2578
2584
2571
2568
2585
2579
2585
2569
2568
2580
2587
2577
2582
2569
2571
2590
2580
2586
2578
2571
2569
2578
2587
2588
2571
2568
2579
2587
2580
2592
2571
2569
2586
2577
2593
2568
2568
2580
2587
2599
2578
2571
2568
2585
2584
2587
2568
2568
2592
2584
2585
2569
2568
2579
2583
2589
2578
2569
2569
2582
2578
2578
2571
2569
2582
2586
2580
2584
2569
2570
2579
2584
2579
2590
2568
2570
2590
2578
2587
2568
2573
2579
2577
2601
2577
2571
2568
2579
2586
2578
2571
2569
2580
2584
2579
2589
2568
2569
2587
2578
2579
2571
2569
2588
2578
2587
2569
2569
2583
2579
2588
2578
2570
2569
2578
2609
2594
2574
2568
2598
2580
2587
2578
2569
2601
2579
2576
2577
2579
2576
2568
2594
2578
2587
2592
2568
2571
2579
2580
2592
2578
2573
2569
2577
2597
2591
2572
2571
2569
2586
2580
2581
2569
2569
2580
2577
2593
2577
2568
2569
2577
2607
2576
2585
2568
2570
2590
2580
2591
2568
2584
2593
2580
2584
2578
2585
2573
2580
2578
2589
2597
2573
2582
2586
2578
2604
2572
2569
2590
2581
2605
2583
2569
2570
2580
2602
2577
2569
2569
2579
2605
2578
2569
2568
2588
2605
2581
2590
2568
2586
2602
2579
2588
2578
2570
2585
2578
2586
2579
2569
2569
2579
2588
2577
