255
253
253
254
253
253
254
254
254
254
254
258
260
253
264
253
253
253
254
254
254
254
254
254
254
254
254
271
254
253
256
253
253
253
253
253
253
254
253
254
253
254
254
253
278
253
254
254
256
254
254
253
254
263
254
254
253
253
253
253
254
254
254
254
255
253
263
253
253
253
254
253
254
254
253
254
255
254
254
254
253
254
253
254
253
255
253
253
302
253
254
254
263
253
254
253
254
254
254
254
254
263
254
253
253
279
253
254
253
255
254
253
253
254
280
254
254
254
254
253
253
254
254
254
254
253
254
255
254
253
253
262
253
253
254
253
253
254
253
253
254
254
254
254
254
253
253
253
254
254
253
254
254
282
253
253
253
256
253
253
253
254
306
254
254
254
254
253
254
253
254
254
253
253
253
301
254
254
253
254
254
266
253
254
253
254
254
254
253
253
263
257
253
254
254
254
254
253
253
254
254
253
253
263
254
253
253
254
253
254
254
253
264
253
254
259
254
254
254
254
253
254
253
254
253
254
253
254
254
253
253
254
253
254
271
254
253
254
254
254
253
254
254
283
254
253
254
254
254
253
253
256
270
254
254
254
253
253
253
254
254
253
253
253
254
254
254
254
253
254
253
258
254
254
266
253
254
254
254
253
253
253
253
262
254
253
254
254
254
254
253
254
254
253
254
254
253
254
254
254
254
253
253
254
254
254
254
254
253
254
254
254
253
253
267
254
254
254
254
253
253
253
254
253
253
253
258
253
286
255
254
254
253
254
253
253
253
265
254
254
254
253
255
254
253
269
254
253
254
254
253
286
253
254
254
256
253
253
253
253
258
262
253
253
257
253
254
257
257
254
253
253
253
264
253
254
254
254
254
254
253
254
258
254
253
254
265
253
253
254
254
253
253
253
253
269
254
254
254
254
286
254
254
253
253
253
255
254
253
253
258
254
254
254
254
253
254
254
257
253
253
253
266
253
253
253
253
254
258
253
253
253
254
253
254
260
254
253
254
253
253
253
254
254
254
253
255
255
253
253
253
253
292
253
253
253
254
254
253
254
253
254
253
253
257
254
253
253
253
253
254
253
253
255
283
253
254
254
253
254
254
253
254
254
254
253
254
254
253
254
254
253
253
253
253
254
254
270
254
254
254
253
253
254
254
254
265
254
254
253
254
253
253
254
254
254
254
253
254
254
254
255
254
254
254
254
255
254
254
254
254
254
253
254
254
254
254
253
266
253
255
254
253
254
254
254
254
271
253
253
253
253
253
254
254
254
263
254
254
253
254
253
253
253
254
254
253
253
254
254
254
253
253
254
253
253
253
254
253
254
253
254
253
264
256
253
254
253
254
254
253
260
254
254
254
254
279
254
254
253
253
253
254
254
254
254
254
254
253
255
254
253
254
254
254
254
253
253
262
253
253
253
253
253
253
254
253
276
255
254
253
254
254
254
254
254
289
254
254
254
253
254
254
254
254
254
254
254
256
254
254
254
258
254
264
253
254
253
253
254
254
253
253
266
253
254
259
253
253
253
254
254
263
254
256
254
253
254
254
253
253
289
254
254
257
253
254
254
254
254
263
253
253
253
253
254
253
254
254
254
254
254
253
256
254
253
253
254
254
253
254
254
254
264
254
253
253
253
254
254
254
253
264
253
253
253
253
258
253
254
253
284
254
254
254
254
254
253
254
254
254
256
254
254
253
253
253
253
253
253
253
253
254
254
306
254
253
253
254
253
257
254
254
264
254
254
254
253
254
253
253
254
265
254
254
254
254
259
253
253
253
253
254
253
253
253
253
254
260
254
254
253
253
261
254
253
253
291
298
253
253
254
263
253
253
254
254
254
254
254
254
280
254
254
253
254
254
254
254
254
254
254
253
254
253
263
254
254
254
256
254
254
253
254
284
253
254
253
254
253
254
254
254
290
254
254
254
254
253
254
254
254
254
253
254
253
265
253
254
253
253
253
254
253
254
267
254
256
253
253
254
254
254
253
264
253
254
254
254
254
253
253
254
274
253
254
255
253
253
253
254
254
254
254
253
253
254
284
253
254
253
254
254
254
254
253
253
254
254
254
253
254
254
254
254
268
254
254
254
254
254
254
254
254
255
253
254
254
254
253
254
254
254
254
254
253
254
289
254
254
254
254
259
254
253
254
253
254
254
253
253
253
253
253
253
273
254
254
254
253
254
260
254
254
283
254
254
254
253
254
254
253
253
254
253
253
254
267
254
258
254
254
253
254
255
254
264
268
253
254
283
254
253
254
253
253
253
259
254
254
253
253
253
254
254
254
253
253
265
254
254
253
254
254
253
253
255
265
253
254
254
254
254
254
253
253
267
254
254
253
253
254
253
254
254
255
253
253
254
253
254
254
254
253
254
254
254
254
254
256
254
254
254
254
259
253
254
253
264
254
253
254
254
256
254
253
253
265
254
254
253
254
253
256
253
253
254
253
254
254
253
254
254
259
254
253
253
254
253
254
283
254
260
253
254
253
253
253
254
289
254
254
255
254
254
254
254
253
300
254
254
260
254
253
254
253
256
253
254
253
253
254
254
254
253
253
253
253
254
255
259
254
253
253
254
253
254
254
253
253
253
253
254
254
254
253
253
254
253
268
253
254
253
254
253
255
254
254
265
253
254
254
253
254
253
254
253
254
257
256
254
253
254
253
253
253
254
254
254
253
254
283
255
254
253
254
254
258
254
254
287
254
254
254
254
254
253
254
254
254
253
253
253
254
305
253
256
254
254
254
254
254
253
254
253
253
254
254
255
254
254
255
253
254
257
253
253
254
254
253
254
254
253
254
262
254
260
253
253
254
254
254
261
254
254
254
254
253
254
253
254
254
284
254
253
253
254
254
254
254
253
257
254
253
253
253
254
253
254
254
300
254
256
253
254
254
254
254
253
263
254
253
253
254
254
253
253
254
253
253
254
254
259
253
253
253
253
254
258
265
256
253
254
253
254
253
253
253
253
254
253
254
254
253
253
260
254
255
254
254
254
253
253
254
254
253
254
254
254
253
254
254
254
254
253
253
253
