407
383
382
382
392
383
382
382
382
387
388
382
392
385
382
382
382
382
383
382
382
382
381
382
382
382
413
382
383
383
382
382
382
383
383
382
383
382
382
382
382
382
382
382
382
388
382
381
382
383
382
382
382
382
382
383
382
382
383
385
413
383
382
382
383
383
382
383
383
383
382
383
382
382
382
388
382
383
382
383
383
383
382
382
382
383
383
383
383
383
383
382
382
382
382
382
382
382
384
382
382
383
382
382
381
382
382
382
386
383
383
422
382
382
383
391
383
383
382
393
382
383
382
413
383
382
382
396
382
382
382
411
383
383
382
392
382
382
383
429
383
386
382
383
384
383
382
383
382
383
382
382
382
382
383
383
382
382
382
382
382
383
382
383
382
382
396
382
382
382
400
382
382
382
383
383
382
382
383
382
382
382
382
382
381
382
382
382
382
425
382
395
382
383
383
408
383
382
383
390
382
382
382
408
382
383
382
382
382
382
382
382
383
382
382
382
382
383
382
382
382
382
384
384
382
382
382
382
382
382
382
382
382
382
382
383
383
382
382
382
382
382
381
382
382
382
399
382
382
382
393
382
383
381
410
382
382
382
383
382
382
382
383
382
381
382
382
382
382
382
384
382
382
396
382
382
382
382
382
382
383
383
383
383
382
382
398
382
381
382
383
382
383
382
381
382
382
383
382
381
382
382
383
382
394
382
382
382
383
382
382
382
382
382
382
382
382
382
382
382
382
382
382
382
382
382
382
392
382
382
382
382
382
382
382
382
382
382
382
382
382
382
388
382
382
382
404
382
382
382
382
381
382
382
382
383
382
382
382
382
382
382
382
382
382
410
391
382
382
382
382
382
382
382
382
382
382
382
383
382
382
382
392
381
428
382
382
382
396
382
382
387
418
382
381
382
383
382
391
384
382
382
382
382
382
383
382
382
382
382
382
382
382
382
382
382
382
399
383
382
382
398
382
382
382
382
382
382
381
382
382
382
381
383
382
382
397
382
382
385
394
382
382
382
392
382
382
381
391
382
382
382
391
384
383
383
394
382
382
383
390
382
383
382
429
382
382
383
390
382
382
382
412
382
382
382
382
382
382
383
382
382
382
382
382
382
383
383
383
382
382
382
382
382
382
383
382
382
382
382
415
382
382
383
382
382
383
382
382
383
382
382
391
382
383
383
390
382
382
383
394
382
383
383
383
382
382
382
383
382
382
382
397
382
382
394
382
382
383
428
382
382
384
389
382
382
382
382
382
382
382
382
382
382
383
383
382
382
382
382
382
382
382
383
382
384
396
382
383
382
414
381
381
382
382
382
382
382
383
382
383
382
382
382
382
382
382
391
383
384
388
383
382
383
383
382
382
394
382
382
382
382
398
382
382
382
395
382
383
382
408
382
382
384
382
385
382
382
383
383
382
382
382
383
382
382
384
382
382
382
382
382
382
389
382
382
382
413
384
383
382
391
382
382
382
393
384
382
382
419
382
382
383
382
382
382
382
382
382
383
382
383
386
382
382
382
382
383
382
382
382
382
384
382
382
382
382
383
382
382
382
382
382
382
423
383
382
382
395
382
383
382
406
382
382
383
382
382
382
382
382
382
383
383
382
383
385
382
382
382
382
389
382
382
382
408
383
381
382
382
382
384
382
382
382
382
382
383
382
383
382
382
382
382
383
383
382
382
382
383
383
383
383
384
382
382
382
382
381
382
382
382
382
382
401
382
382
382
409
385
388
382
395
382
382
382
382
382
382
383
382
383
382
383
383
402
382
392
382
381
381
382
382
382
382
382
382
382
388
382
382
382
394
382
382
382
383
382
382
382
382
382
382
382
382
382
382
382
382
388
382
382
382
382
383
382
382
382
383
382
382
382
382
382
386
382
382
382
382
382
382
383
382
382
382
382
382
382
382
383
382
382
382
391
381
382
382
420
382
382
382
394
382
382
382
382
383
382
382
383
383
382
382
382
382
382
382
382
382
382
381
382
383
384
382
382
383
383
382
382
382
382
382
382
382
382
382
382
381
382
387
382
383
383
382
382
382
382
382
382
382
382
382
382
382
382
382
382
384
382
382
381
382
382
382
382
382
382
382
382
382
382
382
386
382
382
382
382
382
382
436
382
382
382
391
382
382
382
390
383
382
382
394
382
382
383
415
382
382
382
382
382
382
382
382
383
382
382
382
387
382
390
382
382
382
392
382
383
382
382
382
387
382
382
381
381
382
383
382
382
381
382
382
382
390
382
382
382
406
382
382
383
387
382
382
382
382
382
382
382
382
382
382
382
384
382
381
394
382
382
382
403
382
382
382
397
382
382
382
393
385
382
382
396
382
382
382
424
382
383
383
392
382
383
383
382
382
382
381
422
382
383
382
392
382
382
382
446
382
382
382
382
382
382
382
382
383
382
382
382
382
382
382
399
382
382
382
382
382
383
399
382
382
382
421
382
382
382
395
382
382
382
418
382
382
385
400
382
382
382
413
383
383
383
393
384
399
382
414
383
382
382
401
382
382
382
392
385
382
382
415
382
383
382
393
382
382
382
412
382
382
382
395
382
382
382
414
382
382
382
392
382
382
383
414
384
382
382
394
382
382
382
392
382
383
382
408
382
382
382
382
382
382
383
382
382
381
382
382
382
382
383
383
381
389
402
390
388
382
382
382
383
382
382
382
382
381
382
389
382
394
382
382
387
386
382
382
402
382
382
382
388
382
385
383
393
387
382
382
396
382
382
382
383
382
383
382
393
382
382
383
383
382
382
382
397
382
382
382
383
382
382
382
383
381
382
383
382
382
382
404
386
382
382
394
382
382
381
382
382
382
381
382
382
383
382
382
381
383
382
381
381
382
387
382
381
382
402
382
381
382
390
383
382
382
395
382
382
382
404
383
382
382
393
383
382
382
392
382
382
383
391
381
381
382
382
382
382
382
382
382
382
383
382
382
382
382
382
382
383
382
382
383
382
383
382
382
383
382
382
382
381
383
382
382
382
382
383
382
383
382
383
382
397
382
382
382
382
382
389
382
382
383
383
382
382
383
