511
510
534
511
510
511
511
510
517
512
511
511
510
510
510
521
511
511
511
511
511
511
520
511
511
511
511
511
544
520
510
510
510
510
511
510
539
511
511
510
511
510
510
519
510
511
511
511
512
511
542
510
515
511
511
511
511
519
510
511
511
511
511
510
530
515
513
511
512
512
510
511
511
510
511
524
511
522
513
510
522
511
511
510
511
514
510
513
510
511
540
510
511
510
513
511
510
518
511
511
511
511
511
511
520
511
511
511
513
510
511
522
511
511
510
511
510
513
553
510
511
510
510
515
510
511
511
510
535
510
510
510
511
511
510
521
511
520
511
511
511
511
518
511
510
511
511
511
511
518
511
510
511
511
511
511
519
511
511
511
510
511
510
534
510
510
514
511
517
511
519
510
510
510
511
510
511
518
511
511
511
511
511
543
510
511
517
518
511
510
521
511
511
511
511
511
511
511
511
546
510
511
511
511
513
511
545
511
510
511
510
511
511
557
512
511
511
510
511
511
530
511
511
511
511
515
511
544
513
511
511
511
511
511
566
511
510
511
511
510
510
544
527
510
511
511
511
511
533
510
510
510
511
511
511
561
511
513
516
511
510
511
511
510
516
520
510
510
510
511
511
511
521
510
511
590
510
511
510
511
511
518
520
511
511
511
511
510
511
511
511
511
527
511
511
511
511
510
510
511
511
512
511
519
521
511
518
510
510
521
510
510
510
511
526
510
511
511
511
510
510
541
510
510
510
511
518
511
511
511
511
511
512
510
511
511
510
510
511
511
511
511
511
510
511
522
511
510
510
510
510
510
548
510
510
516
511
511
511
534
511
511
512
511
511
511
530
511
511
516
511
515
511
510
510
511
542
511
511
511
511
510
512
551
513
511
510
511
560
510
511
514
510
521
510
510
510
517
510
511
511
512
510
523
511
511
511
510
510
511
514
512
511
513
511
549
511
511
523
510
510
511
511
515
512
538
511
511
511
511
511
511
542
511
511
510
511
511
511
521
511
510
511
510
511
511
525
510
510
511
511
511
511
528
527
510
511
510
511
511
526
511
511
511
513
511
511
524
516
527
511
511
510
511
513
511
510
511
525
511
510
511
511
511
510
511
511
511
548
511
511
510
511
511
511
543
511
517
527
511
511
511
543
511
513
511
511
511
511
511
510
510
511
511
511
511
544
511
511
511
511
510
510
511
511
511
512
511
511
511
541
511
511
511
511
513
510
536
510
511
510
511
511
511
537
512
511
510
511
510
510
536
511
510
510
510
511
511
538
511
510
511
511
511
519
523
511
511
511
511
518
527
527
511
510
515
511
511
510
510
519
510
511
510
511
511
511
522
515
512
540
510
517
511
510
510
511
511
510
510
520
510
511
511
511
511
511
566
511
510
510
511
511
511
522
511
511
511
511
510
511
512
511
511
511
511
510
511
521
510
511
511
510
510
511
520
527
511
511
510
511
511
517
511
510
510
511
511
510
531
550
510
511
511
510
510
513
510
516
522
511
510
524
511
517
513
511
511
510
510
511
511
511
511
511
511
514
510
520
552
510
510
514
510
510
511
511
511
510
550
511
510
545
511
511
510
520
511
510
511
510
511
510
516
511
511
557
510
511
520
511
511
510
510
511
512
554
510
511
511
529
510
511
511
511
510
535
511
510
511
510
511
510
519
514
512
511
511
511
510
520
511
511
511
510
510
516
511
511
511
532
511
511
521
511
510
511
511
511
511
520
511
516
510
511
511
511
524
511
511
511
511
511
511
535
511
510
510
510
511
511
511
511
512
511
512
545
511
511
547
511
511
510
513
511
511
522
510
511
511
510
511
511
521
511
510
511
510
511
511
519
511
511
517
510
511
510
518
511
519
511
510
510
512
522
511
511
510
511
510
510
517
510
510
511
511
510
526
520
511
511
511
518
510
511
540
511
510
510
511
511
511
519
510
517
511
511
511
511
526
511
510
510
510
512
511
534
511
511
511
511
512
511
519
511
511
511
510
511
511
511
511
511
522
512
512
510
511
511
511
537
511
511
511
511
511
511
541
511
510
516
510
511
510
535
510
510
511
510
528
511
552
511
511
512
510
511
511
531
511
510
511
510
511
511
511
510
511
532
511
511
510
511
510
511
538
510
511
511
510
510
511
510
515
511
524
511
511
511
511
510
511
535
510
510
510
511
517
511
510
511
511
523
510
511
511
527
511
511
536
511
512
511
511
511
511
534
510
510
511
511
510
511
521
511
511
511
510
510
510
511
510
510
519
511
526
511
510
511
511
546
511
510
511
510
511
511
510
511
528
520
510
511
511
517
510
511
556
510
510
511
511
511
511
517
510
511
540
512
511
511
511
511
511
537
511
511
511
511
511
511
510
510
517
510
511
511
511
511
511
511
511
521
513
511
518
510
518
526
511
514
511
510
512
511
511
549
511
529
511
511
513
513
511
511
522
511
511
511
510
512
511
511
510
510
542
511
511
510
510
511
510
531
511
511
511
511
511
511
525
511
511
511
511
511
510
511
511
510
520
511
511
511
511
514
511
531
511
510
510
511
511
511
521
510
510
510
510
517
511
511
510
510
520
511
510
510
511
511
511
536
517
510
511
511
511
510
530
511
511
511
511
512
511
521
511
511
517
511
510
511
520
511
515
511
511
511
510
511
511
510
511
526
511
511
510
511
511
510
526
511
511
511
511
510
511
522
510
510
510
511
510
511
511
513
511
521
510
511
511
510
510
511
523
511
511
511
512
511
510
511
511
511
526
511
516
511
511
511
511
544
510
511
510
511
510
510
537
510
512
510
511
511
513
558
511
511
511
511
510
511
534
511
513
516
510
511
511
537
511
517
517
511
513
511
511
511
511
552
510
511
511
511
512
511
535
511
511
511
511
511
510
546
511
511
510
511
511
511
520
510
511
512
512
511
511
537
517
511
511
511
510
511
536
513
511
511
511
511
511
554
511
515
511
510
511
511
538
511
511
511
511
511
511
534
511
514
510
511
511
511
544
510
511
514
511
510
511
536
511
511
515
511
511
511
540
510
