639
665
639
639
647
639
639
704
640
640
655
640
639
648
640
639
664
640
639
640
639
639
640
640
639
642
639
640
640
639
640
639
679
639
640
647
640
639
670
639
642
649
640
640
639
640
639
639
640
639
640
639
639
644
648
639
640
672
639
640
650
639
640
667
639
644
643
639
639
639
639
641
640
640
639
639
639
639
640
672
639
639
649
640
640
660
639
639
653
639
639
639
643
639
640
639
639
639
652
639
639
639
639
640
639
639
643
639
639
639
639
639
639
640
639
639
639
641
640
640
640
639
663
640
641
639
639
639
639
639
640
640
639
641
639
639
639
652
640
639
662
639
641
650
639
639
640
639
639
639
639
640
639
639
640
639
640
639
639
665
642
639
656
639
639
662
639
639
649
639
639
674
639
639
652
640
651
649
642
639
639
639
641
642
639
639
649
647
639
639
666
646
640
649
639
643
674
639
639
651
639
639
675
640
639
649
639
639
654
639
639
646
639
639
639
639
639
639
639
639
639
640
639
639
659
640
641
648
639
639
647
640
639
639
641
639
639
639
640
640
639
639
639
639
639
639
663
639
639
653
639
640
649
639
640
684
639
639
649
639
639
668
639
639
653
639
639
639
639
639
640
639
640
639
640
639
639
639
639
639
640
639
639
648
639
643
649
639
640
650
639
639
666
639
639
652
639
640
653
640
640
640
639
639
639
639
640
646
639
639
639
656
639
640
649
639
639
666
639
640
651
639
639
639
640
639
639
640
638
639
639
639
639
639
639
641
639
687
639
640
639
639
644
639
639
664
639
639
648
639
643
640
640
640
640
639
640
640
639
639
639
639
640
642
639
640
639
640
639
640
640
640
640
639
639
639
673
639
640
650
639
639
679
639
640
651
640
639
679
639
639
650
639
639
659
640
639
649
640
639
639
647
639
639
639
639
642
639
639
639
639
657
639
639
656
639
643
686
640
640
649
639
646
668
639
639
648
643
640
651
683
640
668
639
639
667
639
639
653
639
640
663
639
639
640
640
640
640
639
639
639
639
639
639
639
639
639
639
639
639
656
640
639
648
646
639
661
639
639
648
639
639
649
640
640
651
639
639
639
639
639
639
642
639
639
639
640
655
639
639
640
639
639
639
667
639
639
650
639
640
683
639
639
651
640
639
663
639
639
649
639
639
639
656
640
639
639
639
641
640
639
639
651
639
639
659
655
639
652
639
639
671
639
639
652
639
641
640
640
656
639
639
639
639
640
642
639
655
639
639
639
641
640
641
639
639
665
639
639
651
639
639
653
641
640
663
640
639
639
639
639
639
639
639
639
639
639
639
639
640
641
639
639
639
639
639
639
645
646
664
639
639
661
640
639
650
639
639
639
639
640
639
639
639
642
646
639
639
639
640
639
640
639
639
649
639
640
654
645
640
650
639
642
639
651
642
650
640
639
639
639
645
639
639
639
639
640
639
639
640
641
639
639
639
640
639
640
639
639
639
639
653
639
640
667
639
640
650
641
640
651
639
639
650
639
640
639
639
639
639
640
639
640
640
640
639
642
640
639
640
639
639
682
640
639
649
639
639
650
640
640
651
639
641
659
641
639
639
639
639
649
639
642
686
640
640
650
640
639
687
639
639
650
639
639
667
639
639
651
639
645
651
639
640
673
640
640
650
642
640
639
640
640
645
639
639
640
639
639
639
639
639
639
640
639
639
639
639
640
639
639
639
639
640
639
641
639
639
645
639
639
651
639
639
649
639
639
663
639
640
653
646
639
652
639
640
649
639
650
639
639
665
639
642
664
642
639
665
639
639
652
639
643
669
639
640
639
641
639
639
639
642
639
640
640
640
640
640
640
666
644
639
651
639
639
667
639
640
639
640
639
639
640
644
639
640
639
639
646
639
639
664
639
639
657
639
642
657
639
639
651
639
639
659
640
640
656
639
640
639
639
639
639
639
639
639
640
639
639
639
639
639
640
639
650
639
639
639
660
639
639
648
640
640
657
639
639
650
640
639
640
639
640
639
639
639
639
640
639
639
639
641
639
648
639
639
655
640
640
648
639
639
647
639
639
640
640
639
639
639
639
639
647
640
639
639
645
639
639
639
639
639
645
639
639
640
645
640
640
639
643
639
640
639
669
639
646
639
639
639
640
639
649
640
640
658
639
673
654
639
639
639
643
639
641
640
639
639
639
639
639
650
639
642
651
643
639
669
639
639
640
639
639
639
639
640
639
639
643
640
653
640
639
659
639
640
669
639
639
650
642
641
640
639
639
639
640
639
639
640
641
639
651
639
639
659
639
639
659
640
639
684
639
639
639
639
639
639
640
639
639
639
639
639
640
639
639
639
640
639
653
639
639
650
640
640
681
640
640
655
639
639
640
639
640
641
639
639
639
640
639
640
665
639
639
650
639
641
646
639
639
649
639
641
666
639
639
649
639
646
639
639
640
640
640
639
639
640
639
639
639
647
643
639
639
639
661
639
639
649
640
639
665
639
639
656
639
639
667
642
639
648
639
655
647
640
639
639
641
640
640
639
640
639
640
639
654
642
639
639
672
643
639
651
639
639
670
640
639
639
639
639
640
639
643
639
639
639
639
639
640
639
655
639
641
640
639
639
639
639
639
657
639
642
651
656
640
657
639
639
651
640
642
668
639
640
639
639
656
639
639
639
640
639
639
639
640
639
639
665
642
655
661
639
639
671
639
639
650
639
639
692
639
640
654
639
639
639
646
640
640
639
639
639
639
639
639
659
640
639
648
644
639
648
639
639
658
639
639
648
639
639
655
639
646
648
639
639
640
640
639
639
639
639
639
639
639
647
639
639
639
640
639
639
640
639
639
640
640
640
652
640
639
649
639
639
660
639
640
652
639
639
669
639
639
648
639
639
639
639
639
639
639
640
639
639
639
639
639
639
639
639
639
639
639
639
640
639
646
639
639
639
639
647
640
639
660
641
640
660
640
646
664
643
639
651
639
639
661
642
639
650
639
639
652
639
639
649
639
639
666
639
640
652
639
639
643
639
639
639
639
639
641
639
640
639
639
