768
792
769
768
781
768
767
769
768
779
771
768
802
779
768
772
767
777
768
767
793
768
768
777
768
769
768
767
767
801
767
782
768
768
848
768
768
778
768
767
768
767
768
767
768
780
768
775
776
767
767
768
768
768
767
768
777
767
768
785
767
767
768
768
768
768
768
768
768
768
787
772
768
777
768
768
796
768
768
767
768
768
768
771
777
768
768
800
768
768
778
768
768
807
768
768
769
771
797
778
768
780
768
768
798
768
772
768
768
768
767
768
778
768
768
768
768
768
770
768
778
768
773
785
768
768
777
768
768
768
768
768
768
768
768
768
770
787
768
768
777
769
767
768
770
768
768
768
768
767
767
788
767
768
779
768
768
767
768
768
768
768
768
768
772
776
768
768
798
768
768
768
767
768
768
768
779
767
768
768
767
768
767
768
778
768
772
785
768
779
768
768
768
767
770
777
768
773
787
768
767
768
768
768
767
768
767
768
768
770
768
768
778
768
768
811
768
768
776
768
768
767
767
767
767
768
789
770
768
779
768
768
775
768
768
768
768
788
768
767
778
767
767
780
768
767
768
768
768
767
768
788
768
768
777
774
768
768
767
768
768
767
773
768
767
776
768
774
768
768
768
768
767
773
767
768
775
768
774
780
768
768
768
770
768
768
768
779
768
768
796
772
768
768
768
773
767
767
794
770
768
789
768
768
767
767
796
769
768
782
768
768
795
768
768
769
768
767
768
768
768
767
767
794
768
768
781
768
768
781
768
768
768
767
768
767
769
778
768
768
782
768
767
768
767
767
768
768
782
768
768
780
768
768
796
768
768
786
768
768
768
768
768
768
768
768
767
768
768
768
768
781
768
768
775
768
767
768
768
768
768
773
768
777
768
773
767
767
795
767
768
768
768
768
768
769
774
767
768
793
768
768
768
768
768
768
770
767
768
767
767
767
767
787
795
768
774
767
768
768
790
768
768
772
803
768
768
784
770
768
768
767
768
767
768
797
768
768
782
769
770
768
768
768
768
768
802
768
768
787
774
768
768
770
780
768
768
794
768
768
768
770
784
768
768
768
767
768
794
768
768
779
768
772
809
768
768
768
768
768
770
767
768
768
768
794
768
768
780
768
768
795
767
767
777
768
768
768
768
774
768
768
768
768
768
792
768
768
777
785
768
768
768
770
768
768
767
768
767
793
770
786
781
768
768
797
768
768
778
768
768
768
770
784
768
767
794
768
768
778
768
768
792
768
770
778
770
768
768
768
768
768
768
768
770
768
779
768
768
795
768
768
777
768
768
768
768
768
768
768
767
768
768
792
768
768
779
768
768
791
768
767
777
768
770
768
774
779
767
768
782
768
771
771
768
776
768
773
781
767
768
768
768
768
767
768
781
768
768
780
768
768
802
768
768
768
774
768
768
767
796
768
768
779
768
768
797
768
768
768
768
768
772
768
768
768
767
780
768
768
792
768
768
792
768
767
767
771
773
767
768
782
768
768
768
809
778
767
767
792
768
768
768
767
770
768
771
778
767
767
792
767
770
768
768
767
768
768
772
768
767
795
768
767
777
768
768
781
768
767
801
768
768
768
768
768
768
768
768
768
768
805
768
768
774
768
768
767
768
768
768
768
779
773
768
778
767
768
768
768
768
768
768
767
767
784
788
768
768
768
768
767
768
768
776
767
774
791
768
768
777
768
767
768
767
768
767
767
779
768
768
780
768
776
768
768
773
768
768
770
768
769
779
768
768
778
767
767
778
767
768
778
768
768
768
768
779
768
768
774
769
796
768
768
786
768
800
771
770
781
774
768
813
768
768
768
768
767
768
767
779
768
768
778
768
768
768
768
768
768
768
768
768
768
768
768
768
777
768
768
790
768
768
781
768
770
793
768
768
768
767
768
768
768
767
767
768
771
768
768
794
768
768
778
768
768
803
768
768
784
768
768
768
768
768
768
768
768
768
768
767
774
770
791
768
768
779
768
768
792
769
768
768
774
768
768
768
768
768
769
781
768
768
793
768
774
780
769
768
768
768
768
768
768
768
768
768
777
768
767
777
768
768
805
768
768
777
768
767
768
767
768
770
768
778
767
783
811
768
768
776
768
768
768
767
774
768
767
778
768
767
793
770
767
768
768
770
768
767
768
768
768
768
768
771
792
767
768
778
768
768
790
767
770
778
767
768
768
768
768
768
768
768
783
768
778
768
768
792
769
768
780
768
768
791
783
768
768
767
768
767
768
774
768
767
783
769
783
767
768
768
776
767
768
768
767
778
768
768
799
768
768
779
768
768
768
767
768
768
768
795
768
767
780
770
768
768
768
768
768
768
768
784
768
779
767
773
781
768
768
768
768
767
768
771
768
768
767
776
768
767
808
768
767
768
768
767
767
768
783
770
767
793
767
767
769
768
768
767
768
778
768
768
774
768
768
777
767
768
768
768
768
770
768
778
770
768
792
768
768
778
768
767
797
771
768
768
768
767
768
767
767
769
768
782
768
768
768
770
778
768
768
777
780
783
768
773
771
768
768
791
768
768
777
768
768
768
768
768
768
768
774
768
768
797
767
801
768
767
768
772
770
777
768
767
791
768
768
777
770
768
790
768
768
768
768
768
767
768
768
768
768
775
768
769
793
767
768
768
768
768
783
768
768
770
777
773
768
767
803
768
768
779
783
768
768
768
772
768
768
778
767
768
774
768
768
781
767
770
768
768
767
768
768
776
768
786
801
767
768
787
768
768
768
768
768
768
768
784
768
768
784
774
768
781
767
768
768
768
768
768
768
796
768
768
783
768
768
768
768
768
784
768
768
768
777
783
768
767
792
768
767
768
768
768
768
767
796
768
767
780
768
768
794
768
768
778
768
767
768
768
770
767
768
778
767
783
793
767
769
775
768
768
768
768
789
768
769
780
768
768
800
768
768
768
770
768
767
768
814
767
768
782
771
767
768
768
768
771
773
801
770
768
782
768
769
767
767
767
768
768
778
783
768
795
768
777
770
768
768
768
768
778
768
768
799
767
768
768
767
767
768
768
780
768
784
793
