919
896
901
896
896
919
909
919
896
896
897
898
909
896
896
909
897
909
898
901
916
896
907
896
896
914
897
896
900
897
932
896
897
896
897
921
896
897
897
896
921
896
896
896
897
919
896
896
896
905
911
896
896
897
896
915
898
897
897
897
900
897
896
905
897
897
897
897
904
897
896
900
896
909
896
897
906
897
896
897
897
905
897
896
897
896
906
896
896
928
897
896
897
896
918
896
896
896
897
910
896
899
897
905
932
897
896
906
897
920
897
898
906
897
897
897
897
902
897
896
896
896
926
896
896
897
897
908
897
896
908
896
896
896
897
916
896
896
897
897
909
896
896
897
896
908
897
896
896
897
920
896
896
896
897
921
903
896
896
896
908
896
896
902
896
921
897
897
911
897
897
897
896
922
897
898
897
903
929
906
898
897
923
897
896
903
899
896
938
902
896
897
908
896
896
896
896
905
897
931
897
897
907
896
896
897
896
920
896
896
926
896
896
896
897
907
896
896
896
897
909
901
897
925
897
897
897
896
930
896
896
897
900
922
896
896
909
896
896
896
897
911
896
897
901
896
908
896
896
921
897
897
897
914
908
896
896
912
907
914
896
897
896
896
915
896
898
897
896
908
897
896
918
897
898
896
896
919
897
896
896
899
921
896
896
924
897
922
896
898
908
896
896
896
897
907
919
896
897
897
925
896
897
913
896
897
896
919
923
896
896
897
896
928
896
897
896
896
926
896
896
909
897
897
896
897
918
896
914
897
896
914
896
896
896
896
906
896
897
940
900
898
896
896
921
896
896
896
896
906
902
897
920
897
896
896
897
922
896
897
896
897
924
896
897
897
896
922
896
896
896
917
919
897
897
911
896
897
897
896
909
896
900
897
896
923
899
896
896
897
943
897
912
902
896
914
896
896
896
896
922
896
896
926
897
911
934
911
896
896
896
923
897
902
896
896
905
903
896
897
899
924
897
896
896
896
897
899
925
897
896
897
897
906
896
896
896
897
907
896
896
907
899
897
896
896
907
897
903
899
897
906
897
897
923
897
897
899
896
912
897
896
897
897
907
896
897
906
896
896
902
897
921
897
896
896
897
896
896
897
910
902
897
897
897
908
903
898
943
897
896
896
896
907
897
897
896
897
903
897
897
897
898
927
896
896
896
896
905
897
896
896
896
908
896
896
921
896
896
897
897
921
896
897
896
896
924
896
897
896
896
906
896
896
902
896
924
896
897
897
896
906
896
896
897
897
910
896
896
939
897
906
901
897
921
902
913
896
897
922
896
897
897
896
911
896
900
896
897
926
896
896
897
896
912
896
898
913
896
897
901
897
897
898
910
918
898
896
896
908
896
919
896
896
917
903
906
896
896
919
896
896
897
896
918
896
897
896
896
906
897
897
897
896
936
896
901
896
897
917
896
896
896
896
941
897
898
896
897
906
896
896
896
897
915
897
896
901
897
911
896
897
897
896
931
897
897
910
898
916
896
897
907
896
923
896
896
907
907
896
896
896
906
897
896
897
896
919
897
897
897
896
918
896
897
897
896
922
896
898
907
897
896
897
896
921
896
898
896
896
911
896
897
897
897
921
896
897
896
897
917
896
896
897
896
909
896
897
896
896
906
906
898
897
897
907
896
896
896
897
909
897
897
917
896
906
896
898
920
897
896
897
907
920
898
896
896
896
916
897
897
898
896
905
897
896
897
896
905
898
896
897
896
910
896
897
917
897
909
896
896
925
896
897
898
896
906
897
897
897
896
921
896
900
907
896
907
897
896
907
896
926
896
913
897
897
907
897
898
901
896
905
896
896
900
897
908
896
897
896
900
906
896
897
905
896
896
897
896
908
899
896
897
897
904
897
896
915
899
897
896
896
922
897
897
899
896
897
897
896
905
896
902
898
896
905
903
896
897
896
912
897
896
902
896
906
896
897
907
896
897
897
897
918
903
896
897
896
914
896
896
905
896
897
897
898
905
896
897
924
896
896
896
896
918
896
897
896
897
903
896
920
899
896
897
898
926
897
896
905
897
897
896
901
936
897
897
897
897
923
898
897
905
896
896
896
896
902
897
896
896
896
907
896
896
924
896
896
900
897
919
911
897
897
896
929
897
896
897
900
907
897
896
921
896
896
912
896
908
896
896
896
897
906
896
896
896
896
906
896
905
897
897
924
896
896
907
896
905
897
896
923
897
897
897
896
905
899
896
897
896
924
896
897
898
896
919
896
896
896
897
928
903
896
911
896
896
897
896
906
897
896
896
898
921
896
896
897
897
910
896
896
919
897
896
896
896
921
896
897
896
896
906
896
899
896
896
923
896
896
897
897
922
896
897
910
896
896
896
898
934
896
896
896
896
921
897
897
897
897
905
896
899
906
896
896
905
896
905
897
896
896
896
919
897
896
898
898
913
897
896
897
897
903
898
903
909
896
897
896
896
907
896
896
915
896
897
896
896
915
896
896
896
896
920
897
897
897
896
915
897
896
897
903
905
897
897
910
897
897
897
898
937
897
897
896
896
916
898
896
898
897
920
897
897
906
909
915
897
896
923
899
896
896
897
917
897
896
897
896
897
904
902
907
896
897
897
897
918
897
896
897
896
906
897
896
920
896
897
896
896
918
896
896
896
896
917
896
897
897
896
923
896
897
913
897
896
896
897
907
896
896
896
896
909
903
896
919
896
897
896
896
915
896
897
897
902
918
896
896
906
898
897
896
897
943
896
896
896
899
918
897
897
896
897
925
896
902
896
897
921
896
897
899
897
919
897
897
896
896
925
896
897
896
896
920
896
896
913
897
910
896
897
906
897
896
897
896
905
902
897
916
896
897
897
896
922
896
896
896
902
919
897
897
908
896
897
896
896
913
897
899
896
896
906
896
898
922
897
897
897
897
918
898
896
896
897
897
897
896
907
898
897
896
897
907
896
898
898
897
923
897
897
914
897
903
898
897
910
897
896
896
897
897
903
897
921
896
897
896
896
919
896
896
907
903
920
896
896
909
896
896
896
896
908
896
898
896
896
909
897
897
918
897
896
897
896
