1025
1038
1025
1027
1025
1025
1043
1024
1057
1024
1035
1027
1024
1025
1025
1047
1027
1025
1025
1024
1025
1057
1043
1026
1035
1024
1025
1031
1025
1043
1025
1039
1025
1024
1025
1025
1040
1025
1037
1025
1025
1025
1025
1038
1024
1052
1030
1025
1025
1026
1025
1024
1034
1024
1051
1038
1030
1025
1030
1059
1026
1036
1039
1053
1024
1073
1025
1025
1035
1026
1035
1025
1025
1025
1025
1042
1027
1044
1025
1025
1026
1025
1050
1025
1025
1031
1025
1047
1025
1034
1027
1025
1025
1025
1034
1031
1045
1027
1025
1025
1025
1048
1025
1025
1027
1028
1035
1025
1049
1025
1025
1027
1025
1042
1025
1028
1025
1025
1038
1024
1056
1025
1025
1025
1025
1050
1025
1035
1041
1025
1025
1026
1037
1025
1025
1025
1025
1036
1042
1050
1025
1025
1026
1025
1045
1024
1025
1025
1024
1025
1025
1045
1026
1025
1029
1024
1025
1025
1033
1026
1026
1025
1025
1030
1029
1034
1026
1025
1024
1025
1025
1025
1037
1027
1025
1025
1025
1025
1025
1051
1025
1025
1025
1024
1056
1025
1041
1025
1032
1025
1062
1025
1025
1048
1038
1048
1025
1024
1025
1025
1052
1025
1025
1025
1026
1025
1027
1035
1025
1025
1025
1025
1051
1025
1040
1025
1025
1025
1025
1045
1027
1037
1025
1041
1025
1025
1034
1027
1033
1025
1025
1025
1025
1055
1027
1025
1025
1025
1036
1025
1048
1025
1025
1046
1025
1062
1025
1024
1027
1025
1048
1025
1039
1046
1025
1025
1025
1034
1025
1034
1025
1025
1038
1046
1047
1025
1025
1025
1025
1034
1025
1038
1025
1044
1025
1025
1034
1025
1025
1025
1025
1056
1026
1058
1024
1025
1025
1025
1033
1025
1025
1025
1025
1076
1025
1035
1027
1025
1024
1025
1049
1025
1035
1030
1025
1025
1025
1034
1025
1036
1027
1025
1054
1040
1035
1024
1025
1024
1024
1036
1026
1034
1025
1029
1026
1024
1035
1025
1025
1025
1025
1048
1025
1035
1025
1024
1025
1025
1034
1025
1034
1025
1025
1054
1025
1035
1025
1025
1025
1025
1032
1025
1025
1025
1025
1031
1024
1053
1025
1024
1025
1026
1051
1026
1026
1025
1026
1039
1025
1034
1025
1025
1025
1026
1035
1025
1025
1025
1026
1044
1026
1037
1025
1028
1025
1025
1034
1024
1025
1024
1024
1048
1024
1041
1025
1025
1024
1025
1030
1025
1058
1032
1027
1025
1025
1031
1025
1025
1025
1025
1025
1047
1024
1047
1025
1025
1025
1026
1034
1025
1033
1025
1025
1035
1027
1036
1025
1025
1025
1025
1033
1025
1049
1032
1025
1025
1032
1048
1025
1034
1025
1025
1025
1032
1034
1025
1025
1024
1024
1025
1025
1040
1025
1025
1025
1025
1044
1025
1035
1024
1026
1026
1024
1032
1024
1035
1024
1024
1025
1025
1036
1025
1044
1041
1025
1025
1025
1035
1025
1025
1025
1025
1035
1025
1034
1025
1026
1025
1025
1034
1025
1024
1034
1026
1035
1025
1045
1025
1026
1035
1025
1036
1026
1026
1025
1025
1039
1026
1046
1024
1025
1025
1034
1057
1026
1026
1025
1025
1042
1025
1036
1025
1028
1025
1025
1038
1025
1026
1025
1025
1043
1025
1037
1025
1025
1025
1025
1036
1025
1025
1025
1026
1051
1024
1036
1025
1025
1025
1031
1038
1025
1054
1028
1026
1025
1026
1068
1025
1036
1025
1026
1025
1025
1026
1025
1031
1025
1029
1032
1025
1025
1029
1042
1024
1025
1027
1025
1037
1025
1034
1030
1084
1025
1036
1025
1025
1028
1032
1041
1025
1032
1025
1024
1025
1027
1034
1031
1037
1025
1027
1034
1025
1026
1024
1033
1025
1058
1027
1026
1025
1025
1036
1025
1025
1026
1026
1025
1025
1033
1025
1025
1027
1025
1053
1025
1033
1026
1025
1027
1025
1033
1025
1025
1025
1025
1047
1026
1034
1026
1025
1026
1025
1035
1025
1025
1026
1025
1040
1026
1034
1025
1025
1025
1025
1033
1025
1040
1025
1025
1026
1025
1034
1025
1037
1025
1032
1025
1025
1048
1028
1034
1024
1024
1025
1025
1042
1027
1045
1025
1025
1025
1025
1033
1027
1025
1028
1025
1036
1025
1032
1027
1025
1045
1025
1034
1027
1025
1027
1025
1050
1029
1041
1025
1025
1027
1027
1035
1024
1024
1024
1024
1025
1024
1035
1025
1025
1024
1025
1047
1025
1034
1025
1025
1025
1025
1031
1025
1049
1025
1025
1025
1025
1033
1025
1038
1025
1041
1025
1033
1030
1025
1043
1025
1025
1043
1025
1043
1025
1034
1030
1025
1025
1027
1053
1025
1036
1025
1025
1031
1025
1025
1025
1035
1031
1025
1026
1025
1040
1025
1036
1025
1025
1025
1031
1036
1025
1066
1047
1025
1037
1025
1026
1025
1039
1052
1064
1043
1027
1025
1025
1025
1034
1025
1039
1026
1024
1026
1024
1047
1025
1034
1026
1025
1025
1025
1037
1025
1025
1025
1025
1025
1025
1049
1025
1025
1026
1025
1053
1025
1033
1027
1025
1041
1026
1035
1031
1035
1025
1025
1024
1025
1025
1025
1036
1025
1036
1025
1026
1038
1025
1025
1025
1026
1057
1025
1040
1025
1025
1025
1025
1034
1025
1026
1025
1025
1040
1026
1057
1025
1025
1026
1026
1045
1025
1025
1031
1025
1039
1024
1048
1025
1025
1025
1025
1046
1032
1025
1025
1025
1036
1025
1025
1040
1025
1050
1032
1044
1025
1026
1025
1025
1037
1040
1026
1025
1030
1039
1025
1047
1025
1025
1025
1041
1041
1025
1026
1025
1025
1034
1025
1033
1025
1027
1025
1025
1034
1025
1032
1025
1028
1025
1025
1032
1025
1032
1027
1025
1025
1026
1046
1025
1025
1027
1025
1033
1027
1046
1025
1025
1027
1025
1025
1025
1079
1031
1032
1025
1025
1025
1024
1050
1045
1035
1025
1037
1025
1025
1025
1025
1046
1026
1036
1025
1025
1025
1024
1058
1025
1040
1025
1026
1036
1025
1039
1025
1025
1025
1025
1034
1025
1045
1025
1025
1031
1025
1035
1044
1034
1025
1025
1025
1024
1031
1034
1036
1024
1024
1024
1025
1053
1032
1035
1025
1026
1025
1024
1047
1024
1039
1040
1026
1025
1026
1038
1025
1034
1025
1024
1025
1025
1030
1025
1037
1025
1026
1025
1025
1042
1025
1051
1025
1025
1026
1024
1056
1025
1039
1025
1041
1025
1025
1038
1025
1050
1024
1025
1025
1025
1065
1025
1036
1025
1025
1025
1025
1039
1025
1025
1042
1026
1036
1030
1048
1025
1026
1025
1025
1052
1025
1037
1025
1029
1025
1025
1042
1026
1045
1025
1025
1025
1025
1052
1025
1039
1025
1026
1025
1041
1035
1025
1025
1025
1024
1025
1025
1047
1025
1040
1025
1025
1046
1025
1041
1025
1026
1025
1025
1066
1025
1038
1028
1025
1025
1024
1036
1025
1051
1024
1025
1025
1028
1050
1025
1043
1025
1025
1026
1025
1036
1026
1052
1025
1025
1025
1025
1049
1041
1025
1025
1025
1025
1025
1032
1027
1027
1024
1024
1032
1025
1047
1026
1024
1027
1024
1040
1024
1033
1026
1025
1027
1025
1034
1025
1025
1025
1025
1053
1025
1047
1029
1025
1024
1025
1025
1025
1037
1025
1025
1026
1029
1025
1025
1044
1025
1026
1025
1024
1048
1025
1031
1025
1025
1025
1025
1025
1026
1036
1024
1033
1026
1025
1034
1025
1037
1025
1026
1025
1026
1057
1025
1033
1025
1025
1025
1025
1044
1025
1031
1030
1026
1025
1025
1033
1025
1037
1027
1025
1025
1025
1034
1025
1038
1025
1025
1025
1025
1099
1028
1034
1025
1045
1025
1026
1025
1033
1044
1025
1041
1025
1025
1025
1026
1053
1027
1034
1026
1025
1025
1026
1034
1025
1052
1025
1026
1025
1026
1048
1026
1025
1025
1025
1048
1026
1034
1025
1025
1027
1025
1035
1026
1026
1025
1025
1031
1025
1034
1026
1026
1025
1025
1034
1025
1025
1027
1025
1034
1027
1034
1025
1025
1025
1025
1053
1026
1025
1025
1027
1041
1024
1047
1025
1025
1025
1025
1052
1025
1033
1025
1025
1025
1025
1041
1025
1025
1024
1025
1029
1025
1042
1025
1047
1024
1025
1033
1026
1058
1025
