1178
1153
1163
1154
1169
1172
1155
1154
1154
1154
1154
1153
1154
1171
1153
1165
1183
1171
1153
1166
1154
1153
1156
1154
1154
1187
1174
1162
1165
1154
1166
1156
1155
1154
1153
1164
1154
1163
1153
1163
1155
1153
1159
1153
1162
1156
1154
1154
1172
1165
1175
1153
1162
1154
1162
1154
1161
1153
1165
1154
1154
1153
1154
1171
1153
1162
1153
1182
1154
1169
1153
1153
1154
1153
1153
1153
1179
1154
1169
1153
1188
1153
1216
1154
1153
1164
1154
1153
1154
1164
1154
1163
1153
1164
1155
1154
1154
1153
1154
1154
1162
1154
1174
1153
1165
1154
1153
1154
1154
1177
1154
1163
1154
1170
1154
1153
1153
1154
1154
1153
1180
1154
1169
1154
1163
1153
1154
1154
1153
1179
1153
1169
1154
1172
1153
1154
1153
1153
1154
1153
1163
1153
1176
1153
1164
1154
1154
1154
1154
1154
1160
1173
1154
1168
1154
1177
1154
1153
1172
1160
1154
1157
1160
1154
1169
1154
1176
1154
1168
1154
1176
1157
1154
1153
1154
1172
1154
1168
1156
1163
1154
1154
1153
1153
1164
1153
1189
1167
1162
1154
1180
1155
1162
1155
1171
1154
1154
1154
1155
1161
1154
1181
1158
1177
1155
1154
1153
1153
1154
1154
1161
1160
1182
1154
1162
1154
1154
1156
1153
1154
1154
1165
1153
1160
1155
1174
1153
1155
1154
1162
1159
1153
1153
1153
1154
1154
1175
1154
1182
1153
1189
1153
1168
1154
1154
1154
1153
1187
1161
1154
1154
1174
1154
1172
1154
1161
1156
1153
1154
1154
1153
1155
1182
1154
1161
1154
1175
1153
1154
1154
1153
1154
1153
1167
1154
1180
1153
1175
1154
1167
1154
1153
1153
1153
1153
1153
1183
1153
1169
1153
1177
1153
1165
1155
1154
1153
1153
1154
1154
1185
1153
1167
1154
1178
1153
1166
1153
1154
1153
1153
1153
1154
1154
1153
1173
1153
1163
1154
1162
1154
1155
1154
1154
1154
1155
1166
1154
1181
1154
1169
1155
1178
1154
1153
1154
1153
1163
1155
1171
1153
1182
1153
1165
1155
1153
1154
1154
1158
1154
1184
1154
1166
1153
1177
1154
1154
1159
1154
1154
1154
1177
1154
1166
1153
1179
1157
1154
1154
1153
1155
1153
1165
1153
1177
1154
1167
1154
1154
1154
1153
1164
1154
1163
1153
1163
1154
1154
1228
1154
1153
1154
1153
1154
1154
1161
1161
1153
1182
1153
1163
1156
1154
1155
1154
1153
1153
1177
1154
1157
1155
1154
1154
1164
1153
1154
1171
1154
1168
1154
1159
1153
1168
1153
1153
1154
1153
1154
1154
1163
1154
1164
1153
1177
1153
1164
1154
1153
1153
1153
1154
1155
1174
1153
1163
1155
1175
1153
1154
1153
1153
1171
1154
1165
1155
1175
1154
1154
1153
1153
1155
1154
1165
1154
1176
1154
1164
1155
1154
1153
1153
1154
1153
1168
1154
1164
1154
1153
1154
1154
1156
1154
1166
1154
1170
1153
1164
1153
1154
1154
1154
1161
1154
1167
1153
1167
1153
1163
1154
1160
1154
1156
1153
1153
1163
1154
1179
1153
1154
1154
1156
1154
1155
1165
1153
1178
1154
1162
1155
1179
1153
1154
1154
1153
1172
1155
1163
1153
1178
1153
1154
1155
1153
1153
1154
1163
1154
1173
1153
1163
1153
1154
1154
1154
1163
1154
1163
1161
1174
1154
1165
1154
1176
1153
1153
1153
1153
1154
1154
1162
1154
1163
1154
1155
1154
1157
1154
1153
1168
1154
1164
1154
1175
1154
1155
1153
1155
1154
1153
1162
1154
1154
1154
1154
1154
1154
1169
1153
1154
1162
1153
1163
1153
1182
1153
1181
1154
1153
1153
1153
1200
1155
1165
1153
1187
1153
1170
1155
1153
1153
1154
1154
1154
1190
1155
1166
1154
1174
1153
1164
1155
1153
1153
1154
1166
1154
1175
1155
1165
1154
1154
1154
1160
1155
1154
1174
1154
1165
1154
1178
1155
1160
1153
1153
1154
1153
1166
1153
1179
1154
1173
1154
1155
1154
1153
1153
1154
1178
1154
1167
1154
1176
1154
1154
1153
1155
1177
1153
1515
1154
1176
1161
1168
1154
1175
1153
1163
1158
1163
1154
1154
1154
1153
1154
1155
1168
1157
1164
1153
1175
1156
1166
1153
1154
1153
1156
1165
1153
1167
1154
1184
1154
1163
1154
1154
1153
1153
1154
1153
1182
1154
1165
1154
1177
1153
1155
1153
1154
1154
1153
1177
1153
1166
1155
1176
1154
1154
1154
1156
1154
1154
1164
1157
1176
1155
1167
1153
1154
1153
1154
1154
1160
1164
1154
1173
1154
1163
1156
1153
1153
1157
1154
1153
1179
1155
1164
1154
1173
1154
1153
1155
1154
1154
1154
1173
1154
1163
1154
1175
1154
1154
1153
1153
1155
1154
1164
1153
1174
1161
1154
1162
1153
1153
1161
1154
1154
1159
1153
1156
1163
1154
1171
1153
1165
1163
1169
1154
1153
1154
1153
1154
1153
1164
1154
1171
1153
1163
1154
1154
1154
1158
1154
1153
1166
1154
1173
1154
1168
1153
1178
1154
1154
1156
1153
1153
1153
1172
1157
1177
1153
1164
1157
1156
1154
1153
1154
1153
1173
1156
1163
1157
1175
1154
1167
1159
1156
1153
1153
1154
1158
1154
1154
1168
1153
1174
1153
1162
1155
1158
1154
1153
1154
1154
1173
1153
1163
1153
1167
1153
1154
1156
1154
1155
1153
1178
1154
1168
1154
1181
1154
1163
1154
1154
1154
1154
1158
1153
1176
1153
1163
1154
1175
1153
1159
1153
1154
1153
1153
1163
1153
1163
1153
1177
1153
1154
1153
1153
1159
1158
1164
1154
1164
1154
1164
1153
1165
1154
1154
1154
1154
1163
1153
1178
1153
1163
1153
1164
1156
1155
1153
1153
1160
1153
1165
1154
1169
1153
1163
1154
1153
1157
1153
1154
1154
1173
1154
1162
1154
1174
1156
1154
1153
1153
1172
1154
1165
1153
1187
1163
1165
1158
1175
1153
1153
1155
1156
1153
1158
1154
1153
1162
1154
1166
1155
1164
1153
1167
1155
1154
1154
1153
1164
1154
1175
1155
1166
1154
1186
1153
1153
1158
1153
1162
1153
1163
1154
1175
1153
1166
1154
1163
1153
1153
1154
1154
1164
1153
1162
1153
1171
1154
1164
1154
1154
1154
1153
1153
1154
1163
1154
1173
1153
1166
1154
1153
1153
1154
1153
1155
1173
1154
1170
1154
1181
1153
1155
1154
1154
1170
1154
1166
1154
1169
1154
1154
1154
1154
1154
1154
1165
1153
1179
1154
1163
1155
1175
1154
1153
1154
1153
1164
1153
1162
1154
1180
1154
1154
1155
1159
1154
1154
1160
1153
1175
1154
1163
1154
1160
1153
1153
1161
1153
1180
1154
1176
1154
1158
1154
1154
1153
1154
1175
1154
1163
1153
1174
1153
1153
1153
1160
1153
1154
1164
1154
1164
1156
1167
1154
1153
1154
1153
1154
1155
1163
1155
1180
1153
1166
1155
1153
1153
1153
1154
1156
1184
1154
1165
1153
1180
1153
1164
1153
1156
1153
1154
1153
1153
1165
1154
1178
1153
1180
1153
1154
1153
1154
1153
1169
1153
1154
1172
1154
1180
1153
1163
1153
1172
1153
1154
1160
1154
1182
1155
1163
1154
1189
1154
1153
1159
1155
1154
1153
1163
1154
1178
1154
1164
1154
1180
1153
1153
1154
1154
1153
1154
1170
1153
1158
1156
1164
1153
1153
1153
1153
1156
1154
1163
1154
1163
1154
1169
1155
1153
1154
1154
1164
1153
1163
1154
1178
1154
1154
1153
1153
1158
1153
1181
1154
1161
1153
1155
1153
1154
1153
1154
1178
1154
1161
1154
1167
1154
1160
1154
1159
1154
1154
1154
1153
1153
1160
1154
1155
1163
1153
1161
1155
1163
1154
1153
1153
1154
1154
1153
1154
1154
1162
1154
1163
1153
1162
1153
1153
1154
1154
1155
1153
1165
1153
1198
1154
1163
1153
1166
1153
1153
1153
1154
1153
1153
1165
1153
1163
1154
1171
1154
1163
1154
1153
1153
1154
1153
1153
1153
1154
1163
1153
1167
1153
1175
1153
1165
1154
1154
1154
1154
1154
1153
1163
1160
1175
1153
1163
1154
1172
1156
1154
1154
1153
1154
1153
1166
1154
1177
1154
1166
1154
1165
1154
1154
1153
1154
1154
1154
1153
1153
1173
1153
1163
