125
136
125
125
125
125
124
125
125
126
125
125
125
125
124
125
130
125
125
125
124
191
125
125
125
125
125
124
128
125
125
126
125
125
125
125
125
125
124
125
125
176
125
127
125
125
136
126
125
125
125
125
126
124
125
125
125
125
125
124
126
125
125
124
127
124
125
125
125
125
125
125
136
125
125
125
125
125
125
125
125
125
125
125
125
125
125
168
125
128
125
125
136
125
128
125
125
125
125
125
125
125
135
125
125
125
125
125
125
125
125
125
125
125
125
125
125
124
125
125
125
125
125
125
124
125
125
125
125
125
125
125
125
125
125
125
124
124
125
125
125
125
125
125
125
124
124
125
124
125
125
125
126
125
125
125
126
125
125
141
125
125
125
125
125
125
125
125
125
125
126
125
125
125
125
125
125
125
125
124
125
124
124
124
125
138
125
125
125
128
131
124
127
124
124
126
125
125
125
125
132
125
124
125
125
138
125
125
125
127
124
125
125
125
125
125
125
125
125
125
125
125
125
125
125
125
154
124
125
125
125
128
125
128
125
125
125
125
125
125
125
125
125
125
125
125
126
125
125
125
125
125
125
124
125
125
125
125
125
125
125
125
125
126
125
125
125
125
124
124
125
125
125
125
125
126
126
125
125
125
125
125
125
175
125
125
125
125
125
124
125
125
125
125
130
141
125
125
125
125
125
125
126
125
136
125
125
125
126
125
125
125
125
125
125
125
125
125
128
125
125
125
125
125
127
125
125
125
125
125
166
125
125
125
125
125
125
125
125
125
124
124
125
125
125
125
125
125
125
125
124
125
125
125
125
124
125
125
125
126
125
126
125
124
125
125
124
126
126
127
125
126
125
125
126
125
125
125
124
125
125
125
125
125
125
125
125
125
189
125
125
125
125
125
126
125
125
125
125
161
125
125
126
125
125
125
130
125
125
125
125
125
125
125
125
125
125
125
125
125
129
127
125
125
124
125
125
124
125
128
124
124
125
125
125
125
124
125
125
125
126
125
125
125
125
125
124
125
125
125
127
126
125
125
150
125
126
126
125
126
125
126
125
125
125
126
125
125
125
126
125
125
125
125
125
126
125
125
125
125
124
125
125
124
124
125
124
125
125
125
125
125
126
125
125
124
125
125
125
124
124
125
134
125
125
125
125
125
125
125
125
125
125
138
125
125
125
127
125
125
126
125
125
125
125
125
125
125
125
125
124
125
124
125
124
125
126
125
125
125
125
125
125
125
125
136
124
125
125
124
124
125
124
125
125
125
125
125
125
125
125
125
125
125
124
125
124
125
125
125
125
124
125
125
125
125
125
125
125
125
125
149
125
125
125
125
125
125
124
125
124
125
124
128
125
125
126
125
125
125
125
125
125
125
125
126
125
125
125
125
125
125
167
125
125
125
125
138
125
125
125
125
158
125
125
124
124
125
125
125
125
124
125
125
125
125
131
124
125
125
125
125
125
125
125
125
125
125
125
126
125
125
125
125
125
126
125
125
125
126
125
125
125
125
125
126
125
125
125
125
125
124
125
125
125
125
125
125
125
125
125
140
124
125
125
124
124
125
125
125
124
124
125
125
125
126
125
136
126
125
125
126
126
128
125
130
125
125
125
125
125
125
125
125
126
125
125
125
125
125
125
125
125
125
193
128
125
125
125
125
125
126
125
125
125
124
124
125
125
124
125
125
125
125
125
125
125
128
129
125
126
124
125
125
124
125
125
124
124
125
125
125
125
125
125
134
126
125
125
126
135
125
125
125
125
125
125
124
124
125
124
125
125
125
125
125
125
125
126
125
128
128
126
125
125
142
125
125
125
125
125
124
125
128
125
125
125
125
125
125
125
125
125
125
125
125
125
125
125
127
125
126
125
125
125
125
125
126
125
125
125
125
125
125
125
125
125
125
125
125
125
125
136
125
125
125
125
125
125
125
125
126
125
125
124
125
126
125
125
124
125
125
125
125
125
125
125
125
138
125
125
125
125
125
126
125
125
125
125
125
126
125
125
125
138
125
125
125
125
125
125
125
126
125
125
137
125
125
125
125
135
125
125
124
124
124
125
125
125
124
125
127
124
125
125
125
136
125
125
125
125
125
125
125
125
125
125
126
125
125
125
124
124
125
125
125
126
125
125
125
126
125
125
125
125
125
125
125
125
125
125
126
188
124
125
125
124
136
125
125
125
125
125
125
125
125
125
125
125
125
125
125
125
125
125
125
125
125
125
125
125
125
125
127
125
125
125
125
125
125
125
126
125
125
126
125
125
125
125
126
126
124
124
125
161
128
125
125
125
125
125
125
125
125
125
125
124
125
125
124
136
125
126
125
125
125
125
128
124
125
125
125
124
125
125
125
125
125
125
126
125
125
125
125
126
125
125
137
125
125
125
125
125
125
124
125
125
125
125
125
125
125
126
135
125
125
126
125
125
125
125
125
130
125
125
125
125
125
125
140
125
125
125
125
126
125
125
125
125
125
125
125
125
125
125
177
125
125
125
125
125
125
125
125
126
125
125
125
125
125
125
125
125
125
125
125
126
125
125
125
125
125
125
125
127
125
137
125
125
125
125
126
125
125
125
125
125
128
125
125
125
125
125
125
125
125
125
135
125
125
125
125
125
125
125
127
125
125
125
125
125
125
124
124
125
125
125
124
124
125
125
125
125
125
125
125
125
125
125
125
125
130
125
125
125
125
125
125
125
173
125
125
125
125
125
124
124
125
125
124
125
128
124
124
147
124
125
125
125
124
124
124
124
125
125
125
125
125
125
125
124
125
125
128
149
125
125
125
125
125
125
125
124
125
125
125
126
125
125
125
134
124
125
125
127
125
132
124
125
124
125
125
124
125
124
124
134
125
124
125
126
125
125
125
125
125
125
125
125
125
124
124
125
125
125
126
125
125
125
125
125
125
140
135
125
125
125
125
125
126
125
126
125
125
125
125
125
125
124
125
125
125
125
125
125
125
125
125
125
125
125
125
125
125
125
125
125
125
124
124
124
125
124
125
125
125
125
125
125
125
125
125
124
124
124
125
125
