1301
1282
1293
1282
1305
1306
1294
1282
1302
1282
1293
1282
1298
1282
1295
1288
1283
1283
1283
1283
1282
1282
1282
1283
1283
1283
1282
1307
1282
1290
1282
1298
1288
1290
1282
1303
1283
1290
1282
1298
1282
1296
1282
1299
1283
1293
1283
1282
1282
1283
1281
1282
1282
1283
1284
1283
1283
1282
1300
1282
1300
1282
1290
1282
1308
1284
1296
1283
1302
1282
1291
1282
1306
1282
1291
1288
1304
1282
1291
1282
1283
1282
1282
1283
1289
1282
1283
1282
1282
1284
1282
1291
1282
1303
1282
1288
1282
1323
1282
1290
1282
1296
1282
1297
1282
1294
1283
1300
1282
1291
1283
1311
1285
1291
1282
1298
1282
1293
1289
1282
1282
1283
1282
1282
1284
1282
1282
1282
1282
1283
1285
1283
1291
1283
1302
1288
1293
1283
1306
1282
1291
1282
1303
1283
1289
1282
1306
1282
1292
1282
1292
1282
1308
1282
1299
1283
1301
1282
1292
1283
1305
1282
1296
1282
1301
1282
1293
1282
1301
1289
1296
1283
1301
1283
1292
1282
1300
1290
1295
1283
1293
1288
1311
1282
1298
1312
1302
1318
1288
1283
1296
1294
1292
1282
1292
1281
1293
1282
1299
1285
1291
1283
1301
1283
1294
1283
1282
1282
1288
1282
1282
1282
1283
1282
1285
1282
1282
1282
1282
1292
1283
1290
1282
1291
1282
1302
1284
1294
1283
1290
1282
1301
1281
1293
1287
1300
1282
1290
1284
1282
1283
1282
1284
1282
1284
1282
1282
1282
1293
1282
1290
1288
1294
1282
1301
1282
1293
1282
1305
1282
1298
1282
1308
1282
1292
1282
1282
1299
1302
1282
1293
1282
1308
1282
1295
1282
1309
1290
1294
1282
1306
1282
1313
1282
1304
1286
1292
1282
1301
1283
1291
1283
1307
1287
1292
1282
1282
1283
1283
1282
1282
1282
1287
1282
1288
1282
1283
1290
1282
1307
1283
1294
1286
1306
1282
1291
1282
1309
1283
1296
1282
1291
1282
1291
1282
1306
1282
1293
1282
1305
1282
1291
1283
1284
1282
1282
1288
1282
1282
1284
1282
1282
1283
1282
1282
1289
1282
1282
1282
1282
1282
1282
1291
1294
1293
1282
1299
1284
1291
1282
1300
1282
1292
1284
1302
1282
1291
1282
1298
1283
1288
1282
1282
1283
1283
1284
1282
1282
1282
1307
1282
1296
1282
1289
1282
1311
1282
1292
1282
1291
1282
1304
1282
1294
1282
1300
1288
1302
1282
1290
1282
1308
1282
1291
1282
1290
1282
1302
1284
1294
1283
1302
1287
1320
1283
1291
1283
1294
1283
1291
1282
1293
1282
1291
1282
1297
1287
1291
1282
1303
1282
1282
1282
1281
1283
1282
1282
1282
1288
1282
1282
1282
1282
1293
1283
1282
1290
1282
1292
1282
1339
1283
1293
1283
1296
1282
1290
1283
1313
1282
1299
1284
1296
1283
1291
1282
1282
1282
1283
1285
1282
1282
1282
1282
1282
1282
1282
1310
1282
1292
1282
1326
1282
1282
1282
1284
1286
1282
1282
1282
1282
1285
1282
1283
1286
1282
1283
1284
1282
1291
1282
1290
1282
1293
1282
1290
1282
1300
1282
1292
1282
1315
1282
1292
1282
1292
1281
1301
1283
1292
1284
1293
1282
1300
1282
1291
1283
1304
1286
1292
1282
1308
1288
1283
1282
1282
1282
1283
1284
1281
1282
1282
1282
1282
1284
1292
1282
1282
1282
1282
1293
1283
1304
1282
1293
1282
1289
1282
1293
1282
1297
1282
1304
1283
1289
1282
1290
1282
1306
1282
1292
1283
1306
1282
1291
1282
1309
1282
1291
1285
1300
1298
1282
1303
1282
1323
1282
1294
1288
1305
1282
1291
1282
1305
1283
1293
1282
1282
1282
1284
1283
1282
1283
1282
1282
1285
1283
1282
1282
1282
1310
1285
1291
1282
1312
1282
1292
1282
1302
1282
1291
1282
1310
1285
1292
1283
1300
1282
1290
1282
1289
1286
1293
1282
1290
1282
1282
1283
1282
1283
1282
1282
1282
1282
1282
1282
1282
1284
1285
1308
1282
1292
1282
1291
1282
1310
1282
1290
1282
1304
1281
1291
1282
1292
1285
1313
1282
1292
1282
1300
1284
1302
1282
1294
1282
1309
1284
1291
1282
1282
1282
1282
1289
1283
1282
1282
1282
1282
1285
1283
1294
1284
1309
1283
1293
1282
1302
1282
1294
1287
1305
1282
1292
1283
1299
1283
1296
1282
1305
1282
1290
1282
1285
1282
1282
1282
1282
1282
1284
1287
1281
1283
1282
1282
1285
1311
1283
1292
1283
1304
1284
1294
1282
1330
1299
1293
1305
1297
1282
1293
1282
1297
1298
1293
1282
1293
1283
1297
1282
1304
1291
1298
1282
1301
1283
1300
1287
1298
1282
1294
1282
1291
1282
1298
1282
1296
1282
1297
1282
1304
1282
1292
1282
1300
1282
1296
1282
1292
1294
1292
1292
1281
1323
1282
1293
1282
1293
1286
1302
1282
1290
1281
1297
1283
1293
1284
1313
1282
1291
1282
1290
1289
1297
1283
1290
1282
1307
1284
1291
1282
1282
1282
1282
1286
1282
1281
1282
1283
1283
1284
1282
1294
1282
1283
1282
1293
1286
1308
1289
1293
1289
1298
1282
1309
1282
1292
1282
1299
1283
1302
1282
1291
1282
1298
1282
1294
1282
1293
1282
1306
1283
1291
1289
1300
1282
1282
1282
1282
1282
1282
1282
1298
1282
1282
1291
1281
1283
1284
1282
1282
1283
1282
1282
1282
1283
1282
1282
1282
1284
1283
1291
1287
1299
1283
1290
1281
1301
1282
1291
1282
1307
1282
1292
1283
1305
1297
1293
1287
1299
1282
1291
1282
1297
1282
1292
1283
1283
1282
1284
1282
1282
1282
1282
1282
1283
1286
1282
1282
1282
1295
1284
1291
1282
1310
1286
1295
1284
1306
1282
1293
1283
1321
1292
1296
1284
1309
1282
1294
1317
1309
1282
1290
1283
1309
1282
1291
1316
1304
1281
1302
1282
1313
1282
1292
1282
1308
1282
1295
1282
1311
1282
1305
1281
1310
1282
1299
1287
1298
1282
1282
1282
1289
1282
1283
1287
1283
1282
1282
1282
1283
1283
1283
1290
1289
1303
1283
1296
1282
1291
1282
1304
1284
1292
1282
1296
1283
1294
1282
1292
1283
1294
1283
1308
1283
1293
1282
1301
1282
1292
1282
1292
1282
1291
1282
1299
1284
1282
1287
1282
1282
1282
1283
1282
1282
1282
1282
1282
1283
1282
1282
1282
1282
1284
1283
1283
1283
1283
1290
1284
1300
1282
1291
1282
1306
1284
1293
1282
1300
1283
1301
1290
1295
1282
1309
1282
1294
1289
1304
1282
1293
1282
1307
1282
1293
1282
1302
1283
1292
1284
1307
1282
1292
1282
1302
1282
1282
1284
1282
1282
1282
1284
1282
1283
1282
1282
1283
1282
1282
1282
1283
1282
1284
1282
1282
1282
1282
1282
1283
1282
1282
1291
1283
1311
1284
1294
1281
1303
1283
1292
1284
1310
1282
1307
1282
1303
1283
1292
1282
1304
1283
1293
1283
1302
1282
1282
1282
1282
1283
1282
1282
1282
1282
1282
1293
1282
1303
1284
1293
1282
1301
1282
1292
1282
1303
1283
1295
1282
1300
1282
1292
1282
1284
1282
1282
1282
1282
1282
1283
1282
1283
1306
1282
1293
1282
1302
1283
1292
1283
1303
1284
1293
1282
1303
1282
1292
1284
1304
1283
1283
1288
1282
1284
1281
1282
1282
1283
1285
1288
1282
1283
1281
1282
1282
1287
1282
1282
1286
1282
1282
1282
1282
1282
1282
1282
1284
1283
1282
1283
1282
1282
1317
1282
1282
1285
1282
1282
1282
1295
1282
1302
1282
1299
1284
1300
1282
1292
1282
1311
1283
1296
1288
1302
1282
1292
1284
1302
1282
1283
1283
1311
1284
1282
1283
1282
1282
1282
1283
1288
1282
1282
1282
1282
1283
1282
1282
1282
1282
1282
1283
1282
1282
1284
1296
1281
1315
1283
1307
1282
1304
1282
1295
1281
1308
1282
1293
1283
1317
1283
1306
1283
1292
1288
1299
1282
1292
1282
1317
1283
1291
1282
1301
1282
1292
1283
1300
1282
1283
1282
1289
1283
1282
1282
1282
1282
1282
1287
1285
1282
1282
1283
1282
1283
1283
1283
1282
1288
1282
1293
1282
1306
1283
1291
1282
1303
1282
1291
1282
1307
1282
1294
1282
1290
1288
1300
1282
1294
1287
