1411
1431
1411
1419
1420
1442
1423
1411
1411
1414
1411
1411
1427
1411
1437
1411
1428
1411
1422
1411
1431
1410
1438
1411
1411
1411
1413
1411
1410
1410
1415
1422
1411
1431
1411
1421
1410
1436
1410
1421
1411
1428
1413
1411
1411
1411
1410
1411
1414
1411
1420
1410
1452
1417
1417
1418
1471
1411
1413
1428
1411
1424
1411
1427
1442
1422
1410
1434
1410
1429
1411
1411
1411
1416
1410
1413
1410
1414
1424
1411
1432
1410
1421
1411
1431
1433
1411
1410
1410
1410
1410
1422
1424
1430
1410
1410
1412
1411
1411
1410
1417
1410
1421
1411
1433
1411
1422
1413
1431
1411
1420
1411
1419
1412
1423
1411
1439
1411
1413
1411
1411
1411
1411
1411
1418
1411
1411
1429
1411
1424
1411
1427
1416
1427
1410
1431
1410
1421
1411
1432
1418
1423
1410
1432
1410
1411
1412
1411
1416
1411
1411
1410
1433
1410
1421
1410
1425
1412
1433
1411
1422
1411
1434
1413
1428
1411
1432
1411
1420
1410
1411
1411
1417
1411
1413
1411
1410
1418
1411
1429
1411
1420
1410
1449
1420
1420
1411
1422
1411
1411
1412
1411
1419
1412
1427
1410
1420
1410
1419
1412
1439
1411
1420
1411
1426
1411
1419
1411
1419
1410
1435
1411
1419
1411
1411
1411
1413
1411
1410
1434
1411
1422
1411
1428
1417
1420
1410
1419
1411
1436
1411
1427
1419
1431
1410
1411
1410
1411
1412
1411
1417
1410
1420
1412
1435
1410
1418
1410
1436
1412
1420
1411
1429
1411
1419
1411
1417
1410
1410
1411
1412
1410
1411
1430
1416
1420
1411
1421
1410
1428
1411
1419
1417
1430
1411
1419
1411
1435
1411
1410
1417
1411
1410
1411
1411
1411
1424
1416
1423
1420
1435
1410
1418
1412
1432
1411
1439
1411
1411
1411
1410
1420
1410
1432
1420
1420
1411
1427
1411
1430
1413
1421
1416
1419
1411
1428
1411
1422
1411
1419
1415
1441
1411
1411
1411
1411
1411
1411
1414
1411
1410
1411
1411
1411
1426
1411
1425
1411
1430
1411
1422
1411
1437
1412
1424
1411
1436
1411
1421
1412
1431
1411
1423
1411
1419
1412
1411
1410
1411
1411
1413
1410
1411
1416
1410
1434
1412
1422
1415
1419
1411
1426
1411
1419
1410
1418
1415
1413
1411
1411
1411
1411
1411
1410
1427
1411
1436
1411
1421
1411
1437
1410
1425
1410
1439
1411
1420
1411
1420
1412
1415
1411
1411
1411
1411
1412
1411
1435
1411
1422
1411
1430
1418
1420
1414
1416
1410
1420
1411
1411
1410
1411
1417
1411
1419
1411
1418
1411
1418
1411
1422
1410
1428
1411
1418
1411
1428
1410
1422
1411
1412
1410
1411
1410
1410
1411
1413
1429
1410
1419
1410
1418
1445
1423
1491
1443
1418
1411
1410
1411
1412
1418
1422
1411
1420
1411
1421
1413
1429
1417
1411
1410
1411
1416
1411
1411
1410
1421
1412
1431
1410
1421
1411
1438
1414
1429
1411
1417
1410
1421
1411
1434
1411
1422
1411
1413
1411
1411
1411
1411
1418
1415
1411
1411
1434
1410
1425
1410
1419
1415
1424
1411
1421
1411
1440
1410
1419
1414
1436
1411
1418
1410
1432
1413
1421
1414
1411
1411
1410
1413
1411
1411
1411
1412
1413
1418
1411
1432
1410
1418
1411
1427
1410
1422
1411
1417
1411
1432
1410
1416
1426
1414
1410
1467
1420
1417
1420
1416
1438
1411
1424
1410
1421
1410
1434
1414
1411
1411
1411
1411
1410
1426
1411
1426
1411
1432
1410
1419
1411
1421
1434
1411
1421
1410
1433
1421
1431
1411
1411
1411
1411
1412
1410
1410
1417
1423
1425
1427
1411
1420
1411
1435
1417
1421
1410
1431
1410
1427
1411
1410
1416
1411
1411
1410
1416
1410
1432
1410
1428
1410
1428
1411
1419
1411
1430
1411
1428
1411
1411
1411
1411
1411
1410
1411
1417
1424
1410
1419
1410
1452
1410
1420
1421
1421
1411
1419
1412
1411
1411
1411
1416
1411
1420
1411
1421
1411
1420
1412
1437
1411
1419
1410
1425
1412
1432
1411
1440
1411
1429
1411
1411
1410
1411
1411
1430
1410
1411
1411
1505
1419
1412
1426
1426
1433
1411
1416
1410
1411
1411
1416
1417
1410
1434
1411
1419
1411
1418
1414
1434
1411
1419
1410
1428
1410
1421
1412
1421
1412
1421
1410
1429
1411
1412
1411
1411
1411
1411
1410
1412
1422
1411
1434
1411
1424
1411
1429
1411
1420
1410
1436
1411
1422
1411
1411
1411
1410
1411
1413
1411
1411
1421
1411
1431
1411
1426
1416
1431
1410
1421
1410
1433
1411
1425
1417
1411
1411
1411
1412
1410
1411
1413
1439
1412
1427
1411
1431
1411
1424
1413
1443
1411
1422
1410
1434
1411
1411
1411
1424
1412
1422
1417
1443
1411
1411
1411
1413
1416
1411
1422
1410
1420
1412
1434
1411
1419
1411
1421
1411
1411
1410
1411
1417
1411
1411
1413
1434
1411
1420
1411
1436
1411
1420
1410
1433
1411
1421
1411
1427
1410
1415
1411
1411
1411
1411
1435
1426
1425
1412
1429
1410
1422
1411
1420
1426
1419
1415
1440
1410
1420
1411
1411
1429
1411
1415
1410
1410
1411
1431
1410
1428
1411
1425
1412
1420
1411
1429
1411
1420
1411
1435
1410
1411
1411
1412
1411
1411
1482
1416
1433
1411
1420
1411
1422
1411
1444
1417
1411
1416
1411
1411
1418
1436
1411
1432
1411
1424
1411
1437
1412
1411
1413
1411
1410
1411
1418
1410
1435
1410
1424
1410
1433
1412
1421
1410
1435
1411
1425
1411
1410
1411
1410
1411
1412
1421
1415
1421
1411
1430
1411
1422
1411
1427
1419
1422
1411
1411
1411
1427
1411
1413
1415
1411
1410
1410
1421
1427
1422
1411
1426
1410
1427
1410
1433
1411
1426
1410
1428
1411
1421
1411
1411
1411
1411
1411
1412
1425
1410
1428
1411
1420
1410
1443
1414
1422
1411
1427
1410
1420
1410
1411
1412
1411
1411
1410
1410
1410
1425
1410
1420
1412
1425
1411
1428
1411
1420
1421
1424
1411
1419
1410
1438
1411
1411
1410
1412
1412
1411
1411
1410
1411
1411
1429
1412
1419
1410
1447
1410
1416
1411
1419
1412
1421
1418
1478
1411
1411
1417
1411
1410
1411
1411
1411
1424
1412
1421
1411
1435
1411
1419
1412
1431
1411
1421
1411
1434
1410
1411
1411
1410
1412
1413
1433
1411
1427
1410
1422
1410
1433
1410
1425
1411
1428
1411
1423
1411
1439
1413
1420
1411
1410
1411
1411
1413
1411
1411
1411
1411
1411
1429
1410
1416
1411
1420
1411
1419
1411
1417
1411
1429
1410
1411
1411
1411
1411
1411
1410
1410
1434
1410
1427
1411
1430
1410
1422
1411
1436
1410
1424
1411
1431
1410
1432
1410
1410
1411
1412
1412
1410
1429
1411
1423
1411
1423
1411
1427
1417
1450
1412
1410
1416
1411
1412
1411
1440
1411
1422
1413
1439
1411
1421
1410
1423
1410
1419
1412
1428
1411
1412
1410
1411
1411
1411
1411
1411
1411
1412
1421
1411
1431
1411
1422
1411
1419
1413
1430
1410
1420
1411
1431
1411
1427
1412
1420
1411
1420
1411
1436
1411
1421
1411
1410
1411
1411
1411
1411
1411
1411
1412
1411
1410
1411
1425
1411
1433
1411
1421
1411
1432
1411
1424
1411
1430
1411
1421
1410
1418
1417
1419
1410
1426
1410
1419
1411
1411
1427
1411
1422
1412
1422
1414
1439
1410
1421
1410
1422
1411
1423
1414
1412
1411
1410
1410
1411
1412
1410
1450
1410
1421
1411
1421
1410
1438
1411
1426
1412
1423
1411
1419
1410
1411
1413
1415
1411
1411
1411
1410
1432
1410
1420
1415
1429
1412
1423
1417
1446
1413
1425
1419
1411
1410
1411
1410
1412
1419
1411
1424
1410
1429
1410
1420
1412
1425
1411
1426
1411
1434
1411
1423
1412
1426
1411
1426
1411
1411
1411
1411
1412
1411
1410
1416
1411
1411
1411
1410
1428
1411
1424
1417
1428
1411
1420
1411
1428
1411
1420
1417
1431
1419
1420
1410
1423
1411
1430
1415
1420
1410
1432
1411
1420
1428
1432
1410
1410
1410
1412
1410
1411
1418
1411
1431
1411
1421
1411
1429
1411
1426
1411
