1550
1544
1562
1539
1564
1539
1552
1551
1545
1549
1539
1571
1542
1539
1558
1541
1555
1539
1550
1539
1539
1561
1540
1555
1540
1560
1542
1549
1540
1539
1553
1539
1548
1540
1563
1539
1560
1541
1545
1558
1540
1550
1541
1607
1539
1561
1539
1545
1550
1539
1549
1550
1559
1545
1539
1540
1539
1555
1539
1554
1545
1557
1540
1540
1539
1539
1550
1539
1565
1539
1552
1539
1539
1539
1539
1554
1540
1552
1540
1560
1540
1540
1540
1544
1556
1539
1565
1539
1551
1539
1552
1560
1540
1552
1540
1573
1541
1548
1542
1539
1550
1540
1549
1539
1667
1545
1539
1545
1556
1569
1539
1553
1546
1539
1539
1543
1562
1539
1551
1539
1574
1540
1539
1539
1539
1559
1540
1556
1539
1562
1539
1549
1540
1540
1553
1545
1562
1539
1551
1539
1559
1542
1539
1560
1540
1552
1541
1562
1539
1554
1545
1541
1539
1539
1558
1539
1554
1541
1562
1539
1540
1540
1541
1553
1539
1555
1540
1561
1539
1539
1539
1539
1549
1540
1563
1539
1551
1539
1539
1563
1544
1553
1541
1579
1539
1539
1568
1583
1548
1539
1572
1539
1541
1550
1539
1567
1539
1558
1542
1539
1542
1539
1551
1539
1571
1539
1546
1539
1542
1539
1539
1553
1539
1552
1539
1560
1540
1544
1542
1540
1548
1539
1561
1540
1548
1539
1539
1539
1539
1552
1540
1548
1542
1560
1541
1549
1540
1540
1540
1539
1567
1540
1549
1540
1559
1539
1539
1544
1539
1548
1542
1559
1539
1550
1539
1546
1560
1539
1552
1539
1561
1539
1568
1540
1539
1539
1539
1558
1539
1548
1544
1545
1539
1539
1539
1539
1550
1543
1557
1539
1553
1541
1539
1548
1539
1566
1541
1554
1539
1558
1539
1563
1556
1548
1553
1539
1561
1540
1540
1557
1542
1550
1540
1557
1539
1539
1539
1587
1550
1539
1560
1539
1555
1539
1577
1570
1539
1551
1539
1559
1540
1550
1562
1539
1539
1544
1549
1540
1575
1539
1560
1540
1553
1542
1540
1548
1539
1550
1541
1549
1539
1539
1540
1539
1547
1539
1549
1540
1560
1541
1549
1539
1542
1539
1541
1544
1539
1560
1540
1549
1539
1549
1539
1540
1546
1541
1552
1542
1567
1540
1554
1540
1539
1540
1540
1554
1540
1564
1539
1550
1539
1548
1540
1539
1539
1539
1549
1539
1548
1539
1554
1541
1539
1540
1540
1552
1541
1549
1540
1579
1539
1541
1539
1539
1548
1545
1584
1539
1551
1540
1539
1554
1539
1548
1540
1551
1546
1539
1539
1539
1547
1540
1561
1539
1561
1540
1539
1539
1539
1554
1543
1552
1539
1565
1539
1539
1540
1540
1568
1539
1550
1540
1548
1539
1540
1544
1539
1555
1540
1551
1539
1561
1540
1551
1540
1539
1543
1539
1563
1539
1552
1540
1547
1542
1539
1546
1539
1561
1545
1550
1539
1547
1539
1539
1540
1542
1545
1540
1546
1539
1557
1539
1546
1544
1542
1546
1539
1575
1539
1548
1540
1556
1539
1539
1547
1539
1552
1540
1553
1539
1549
1539
1540
1540
1539
1546
1539
1558
1540
1547
1541
1540
1539
1632
1551
1548
1556
1539
1540
1539
1540
1546
1539
1561
1539
1548
1539
1539
1571
1539
1547
1540
1564
1540
1546
1540
1542
1539
1539
1547
1539
1560
1539
1552
1540
1546
1539
1541
1545
1539
1565
1539
1552
1539
1549
1540
1540
1541
1543
1552
1540
1551
1540
1566
1540
1547
1540
1539
1555
1564
1552
1540
1546
1545
1539
1539
1539
1544
1541
1558
1574
1563
1550
1552
1565
1564
1539
1551
1566
1540
1570
1539
1540
1539
1539
1554
1539
1550
1539
1539
1539
1539
1570
1539
1549
1540
1562
1540
1540
1544
1539
1558
1541
1555
1539
1560
1540
1554
1540
1539
1552
1539
1558
1541
1550
1539
1546
1539
1544
1548
1539
1550
1566
1549
1540
1548
1539
1539
1539
1546
1566
1539
1561
1539
1548
1539
1539
1553
1539
1557
1540
1548
1539
1550
1544
1540
1539
1539
1561
1539
1548
1539
1569
1539
1540
1539
1539
1548
1539
1553
1541
1553
1539
1547
1540
1539
1539
1540
1548
1540
1559
1540
1549
1539
1560
1541
1539
1547
1540
1563
1540
1546
1540
1564
1540
1539
1539
1540
1552
1540
1554
1539
1548
1539
1539
1545
1539
1565
1540
1547
1539
1555
1540
1539
1546
1540
1551
1540
1564
1539
1548
1539
1541
1546
1540
1569
1540
1547
1539
1546
1542
1539
1546
1539
1550
1539
1547
1541
1539
1540
1540
1556
1539
1549
1540
1552
1540
1539
1546
1539
1564
1539
1551
1539
1548
1539
1539
1546
1540
1572
1540
1551
1539
1567
1539
1540
1558
1541
1547
1539
1559
1539
1553
1539
1540
1555
1539
1547
1540
1549
1539
1558
1546
1539
1552
1546
1549
1539
1544
1547
1541
1583
1540
1556
1539
1540
1546
1593
1577
1548
1549
1539
1539
1547
1539
1561
1545
1557
1540
1548
1539
1541
1583
1539
1561
1540
1552
1539
1558
1540
1540
1540
1546
1553
1539
1562
1539
1592
1539
1542
1550
1539
1552
1539
1550
1540
1557
1542
1539
1539
1539
1560
1540
1548
1547
1560
1539
1539
1550
1539
1557
1539
1551
1542
1568
1539
1539
1549
1542
1563
1539
1553
1539
1563
1539
1539
1547
1549
1550
1539
1549
1540
1564
1539
1543
1548
1539
1556
1539
1570
1540
1539
1541
1539
1553
1539
1548
1554
1563
1543
1550
1539
1539
1548
1539
1560
1539
1550
1539
1539
1542
1540
1564
1540
1558
1541
1556
1539
1540
1539
1542
1552
1545
1562
1539
1551
1539
1558
1540
1545
1560
1542
1550
1539
1558
1541
1556
1545
1539
1539
1539
1559
1540
1553
1539
1559
1539
1550
1539
1539
1540
1539
1557
1540
1558
1539
1548
1540
1563
1539
1539
1549
1539
1561
1539
1552
1539
1562
1541
1539
1559
1539
1549
1542
1553
1539
1539
1539
1542
1559
1540
1554
1543
1578
1539
1539
1540
1540
1552
1539
1556
1539
1550
1540
1539
1552
1540
1564
1539
1551
1540
1560
1540
1544
1541
1540
1550
1540
1558
1539
1552
1540
1546
1560
1540
1551
1540
1566
1540
1549
1540
1539
1551
1539
1563
1542
1583
1545
1540
1556
1539
1551
1557
1549
1542
1545
1548
1539
1550
1540
1561
1539
1540
1562
1539
1549
1539
1564
1539
1559
1541
1540
1546
1539
1564
1540
1566
1539
1549
1539
1539
1548
1539
1570
1543
1551
1539
1549
1539
1555
1546
1541
1555
1540
1552
1539
1561
1540
1539
1545
1539
1551
1541
1566
1539
1549
1541
1540
1553
1539
1549
1539
1550
1544
1564
1539
1542
1561
1539
1551
1539
1565
1539
1550
1539
1539
1561
1539
1548
1541
1562
1539
1550
1539
1540
1540
1539
1549
1544
1562
1539
1549
1539
1539
1559
1540
1564
1540
1548
1541
1558
1542
1539
1562
1541
1550
1539
1558
1539
1554
1539
1539
1558
1539
1550
1542
1564
1539
1553
1539
1541
1561
1540
1550
1543
1564
1540
1593
1543
1540
1549
1547
1561
1539
1566
1541
1555
1558
1539
1549
1539
1551
1539
1560
1556
1539
1544
1539
1544
1539
1551
1541
1560
1541
1549
1539
1539
1547
1539
1567
1540
1564
1541
1549
1539
1540
1539
1547
1557
1550
1551
1539
1560
1539
1539
1539
1539
1550
1539
1554
1539
1554
1539
1539
1547
1540
1546
1539
1558
1554
1547
1540
1539
1552
1539
1563
1539
1548
1539
1567
1539
1539
1547
1540
1558
1539
1548
1539
1557
1541
1539
1546
1539
1560
1547
1549
1539
1546
1540
1545
1539
1566
1546
1549
1562
1539
1548
1552
1539
1587
1539
1550
1539
1550
1540
1539
1555
1539
1550
1539
1564
1539
1540
1539
1539
1550
1539
1554
1539
1550
1542
1547
1548
1539
1555
1539
1564
1565
1552
1540
1539
1549
1540
1550
1540
1550
1544
1555
1539
1539
1539
1541
1561
1539
1549
1539
1557
1539
1540
1540
1540
1552
1540
1548
1539
1560
1539
1541
1539
1539
1548
1539
1550
1539
1549
1539
1550
1550
1539
1555
1539
1547
1540
1553
1540
1539
1540
1539
1557
1539
1551
1543
1556
1540
1551
1540
1539
