1681
1674
1683
1670
1678
1685
1679
1687
1670
1667
1680
1668
1692
1670
1668
1692
1667
1680
1670
1668
1677
1668
1693
1670
1679
1668
1668
1677
1668
1694
1668
1667
1688
1669
1679
1668
1672
1681
1668
1689
1668
1674
1691
1672
1680
1668
1668
1679
1668
1685
1672
1668
1689
1668
1680
1669
1689
1684
1668
1690
1668
1677
1671
1668
1684
1668
1689
1670
1668
1677
1668
1691
1668
1668
1687
1668
1679
1668
1672
1692
1668
1681
1668
1687
1678
1673
1693
1668
1679
1668
1667
1680
1671
1682
1668
1668
1686
1668
1686
1673
1668
1688
1668
1677
1668
1685
1685
1668
1684
1668
1678
1671
1668
1684
1668
1677
1670
1668
1677
1667
1686
1670
1668
1676
1668
1687
1670
1673
1688
1668
1677
1668
1686
1668
1674
1688
1668
1678
1668
1668
1690
1676
1689
1675
1682
1685
1668
1668
1692
1668
1691
1668
1668
1679
1668
1709
1668
1668
1675
1668
1677
1668
1698
1668
1668
1692
1668
1684
1668
1674
1682
1668
1708
1668
1680
1668
1671
1683
1668
1668
1678
1667
1668
1713
1676
1681
1676
1673
1696
1667
1676
1675
1668
1678
1667
1676
1670
1668
1686
1667
1678
1668
1668
1676
1668
1682
1668
1669
1676
1668
1685
1668
1681
1669
1668
1672
1668
1692
1669
1674
1689
1667
1678
1670
1683
1668
1670
1750
1668
1683
1667
1668
1680
1671
1685
1668
1667
1683
1668
1679
1668
1668
1692
1668
1678
1667
1668
1685
1670
1680
1668
1668
1678
1668
1688
1668
1678
1669
1667
1688
1668
1679
1669
1668
1683
1668
1682
1670
1668
1686
1667
1675
1670
1692
1676
1667
1686
1669
1678
1668
1668
1720
1668
1680
1679
1668
1676
1668
1679
1680
1674
1683
1705
1668
1696
1668
1682
1668
1685
1678
1668
1692
1668
1678
1668
1668
1679
1668
1697
1667
1668
1683
1668
1677
1668
1668
1679
1668
1692
1667
1668
1699
1668
1677
1668
1690
1668
1668
1677
1668
1675
1668
1668
1678
1667
1677
1668
1668
1683
1668
1683
1668
1668
1676
1667
1681
1668
1668
1677
1668
1678
1668
1668
1680
1668
1682
1668
1676
1668
1668
1684
1668
1689
1667
1668
1677
1668
1690
1668
1668
1678
1668
1678
1668
1668
1679
1668
1684
1668
1668
1689
1674
1682
1668
1686
1676
1668
1684
1674
1683
1668
1668
1677
1667
1689
1675
1668
1685
1669
1677
1668
1668
1687
1668
1688
1671
1675
1667
1677
1667
1669
1711
1668
1680
1682
1671
1676
1668
1684
1668
1669
1679
1668
1686
1668
1676
1668
1668
1680
1670
1678
1672
1669
1681
1678
1669
1696
1668
1682
1675
1668
1686
1674
1679
1674
1668
1677
1667
1680
1674
1668
1682
1668
1692
1669
1681
1668
1668
1679
1668
1686
1668
1668
1677
1670
1680
1668
1668
1679
1668
1688
1668
1679
1668
1670
1681
1668
1688
1669
1668
1676
1668
1691
1668
1668
1681
1668
1677
1669
1689
1668
1668
1693
1668
1679
1668
1703
1680
1668
1692
1668
1688
1668
1670
1678
1708
1693
1668
1669
1689
1668
1673
1667
1679
1675
1668
1686
1668
1668
1676
1680
1680
1668
1669
1678
1668
1679
1674
1677
1668
1668
1676
1667
1677
1671
1684
1697
1667
1689
1672
1678
1669
1684
1679
1668
1689
1668
1668
1686
1685
1679
1668
1692
1670
1667
1688
1686
1683
1673
1667
1677
1668
1676
1670
1668
1673
1668
1685
1667
1668
1678
1668
1676
1668
1668
1677
1668
1689
1668
1668
1693
1668
1782
1676
1711
1715
1667
1674
1676
1668
1677
1673
1713
1692
1668
1677
1668
1692
1668
1703
1682
1668
1679
1668
1668
1691
1671
1679
1670
1668
1676
1669
1686
1727
1668
1710
1668
1675
1668
1667
1709
1668
1693
1668
1679
1668
1668
1718
1668
1691
1671
1670
1686
1668
1700
1668
1668
1676
1668
1683
1668
1701
1668
1668
1678
1668
1680
1668
1695
1683
1668
1687
1668
1677
1668
1674
1681
1668
1688
1668
1678
1670
1668
1679
1668
1688
1669
1667
1686
1667
1680
1670
1668
1688
1667
1677
1670
1668
1687
1667
1678
1670
1668
1683
1668
1681
1669
1668
1677
1669
1689
1668
1668
1685
1667
1698
1668
1678
1676
1668
1677
1668
1677
1668
1668
1680
1668
1686
1668
1668
1683
1668
1683
1668
1689
1668
1668
1686
1668
1685
1668
1668
1681
1668
1686
1669
1683
1668
1668
1681
1792
1701
1669
1688
1679
1669
1677
1668
1668
1676
1689
1686
1668
1668
1681
1670
1677
1687
1668
1676
1667
1684
1667
1677
1689
1668
1678
1667
1686
1669
1668
1709
1667
1676
1668
1668
1676
1668
1702
1669
1669
1681
1668
1675
1685
1688
1676
1674
1669
1688
1668
1706
1692
1671
1678
1668
1688
1668
1670
1685
1668
1680
1668
1672
1686
1668
1676
1668
1687
1668
1672
1684
1668
1677
1668
1668
1675
1672
1681
1668
1684
1668
1668
1675
1672
1686
1668
1667
1686
1667
1677
1671
1668
1677
1668
1686
1667
1670
1693
1667
1677
1668
1670
1677
1668
1688
1668
1670
1687
1668
1677
1668
1694
1668
1668
1681
1668
1682
1668
1671
1676
1668
1679
1668
1684
1668
1668
1685
1668
1677
1668
1668
1688
1668
1681
1668
1668
1685
1668
1677
1668
1691
1670
1668
1686
1668
1675
1668
1668
1676
1668
1688
1670
1668
1682
1671
1677
1668
1684
1668
1668
1685
1672
1678
1668
1668
1678
1668
1723
1672
1670
1696
1668
1688
1676
1667
1726
1668
1676
1668
1667
1697
1668
1686
1668
1668
1687
1668
1678
1668
1668
1677
1668
1676
1668
1667
1680
1670
1688
1668
1677
1668
1668
1676
1671
1681
1668
1668
1683
1667
1685
1670
1668
1676
1668
1690
1668
1678
1670
1667
1679
1668
1678
1668
1668
1696
1668
1679
1668
1668
1678
1668
1696
1668
1684
1669
1668
1678
1668
1694
1669
1668
1675
1667
1677
1669
1670
1677
1668
1686
1670
1679
1668
1668
1679
1673
1675
1667
1668
1676
1668
1683
1668
1668
1677
1668
1679
1668
1685
1678
1667
1677
1683
1676
1669
1668
1677
1667
1682
1683
1667
1673
1668
1688
1669
1667
1706
1667
1677
1669
1668
1688
1681
1694
1671
1668
1678
1668
1707
1669
1683
1693
1668
1680
1668
1668
1675
1668
1680
1668
1678
1668
1667
1673
1668
1680
1667
1669
1677
1668
1677
1668
1668
1678
1671
1687
1668
1677
1668
1668
1677
1670
1695
1668
1668
1668
1669
1678
1671
1688
1668
1668
1675
1675
1685
1671
1679
1668
1668
1682
1668
1674
1673
1670
1674
1667
1689
1669
1679
1668
1668
1679
1668
1691
1668
1668
1676
1668
1686
1668
1667
1683
1668
1683
1669
1668
1687
1668
1679
1668
1785
1679
1675
1679
1668
1670
1678
1670
1678
1668
1668
1676
1698
1676
1668
1668
1676
1668
1684
1701
1668
1693
1668
1683
1668
1686
1683
1668
1692
1667
1678
1668
1668
1698
1668
1687
1667
1668
1678
1667
1681
1667
1674
1677
1668
1676
1667
1668
1685
1668
1679
1668
1669
1677
1668
1678
1669
1679
1668
1668
1677
1670
1681
1668
1668
1692
1670
1678
1668
1667
1688
1674
1683
1668
1689
1668
1670
1689
1672
1678
1668
1692
1668
1669
1678
1672
1688
1668
1668
1687
1669
1679
1672
1690
1668
1668
1686
1669
1680
1668
1679
1687
1668
1679
1668
1687
1670
1668
1689
1668
1678
1670
1667
1677
1668
1690
1668
1668
1710
1667
1678
1669
1668
1677
1667
1688
1678
1668
1681
1668
1676
1668
1668
1676
1668
1689
1668
1700
1668
1668
1676
1668
1689
1668
1668
1687
1668
1675
1668
1703
1668
1668
1674
1668
1687
1670
1672
1684
1668
1678
1668
1678
1668
1672
1673
1670
1753
1668
1668
1673
1674
1681
1668
1668
1680
1671
1689
1671
1686
1668
1670
1672
1669
1694
1668
1669
1690
1668
1678
1668
1670
1695
1668
1678
1667
1669
1677
1668
1676
1668
1690
1668
1668
1686
1668
1678
1668
1668
1680
1668
1685
1668
1699
1684
1673
1677
1668
1668
1678
1668
1696
1668
1668
1677
1671
1678
1668
