1805
1807
1796
1818
1822
1836
1816
1797
1797
1817
1797
1826
1822
1811
1815
1796
1797
1823
1797
1807
1830
1796
1806
1797
1821
1808
1797
1814
1798
1796
1817
1800
1808
1833
1796
1808
1797
1796
1805
1796
1832
1797
1802
1807
1806
1797
1814
1797
1808
1796
1796
1815
1796
1813
1815
1796
1809
1796
1797
1815
1812
1806
1798
1797
1817
1796
1797
1834
1797
1819
1797
1799
1807
1796
1815
1809
1797
1813
1798
1797
1829
1801
1811
1816
1797
1808
1796
1811
1817
1798
1809
1800
1797
1808
1814
1796
1806
1797
1809
1796
1797
1811
1798
1816
1806
1796
1818
1814
1799
1814
1821
1808
1807
1796
1807
1796
1797
1806
1800
1816
1830
1797
1816
1796
1796
1807
1796
1816
1808
1797
1817
1800
1797
1814
1797
1809
1798
1796
1833
1797
1820
1810
1796
1815
1796
1800
1818
1797
1811
1797
1798
1808
1798
1817
1810
1796
1816
1796
1797
1808
1797
1821
1797
1796
1860
1797
1831
1821
1804
1796
1815
1797
1815
1816
1801
1803
1796
1796
1813
1807
1796
1809
1796
1809
1805
1803
1796
1858
1796
1805
1808
1796
1816
1802
1807
1812
1797
1805
1803
1799
1821
1800
1796
1826
1798
1807
1796
1797
1806
1797
1806
1804
1796
1814
1815
1796
1805
1796
1812
1805
1796
1835
1798
1796
1822
1797
1814
1808
1796
1815
1796
1797
1805
1796
1822
1807
1798
1813
1797
1796
1818
1803
1807
1814
1796
1806
1797
1796
1807
1797
1820
1805
1796
1813
1801
1798
1814
1797
1806
1815
1820
1812
1808
1797
1807
1796
1818
1806
1799
1808
1805
1796
1816
1796
1803
1806
1796
1815
1808
1796
1816
1798
1796
1815
1796
1809
1797
1799
1805
1796
1812
1823
1801
1805
1820
1797
1805
1797
1805
1796
1796
1828
1796
1797
1807
1797
1824
1797
1797
1804
1797
1804
1802
1796
1836
1796
1797
1804
1797
1804
1797
1821
1814
1797
1808
1797
1796
1817
1822
1807
1804
1797
1828
1796
1796
1843
1796
1805
1796
1797
1818
1797
1797
1803
1796
1804
1796
1796
1825
1796
1797
1806
1796
1813
1796
1820
1822
1796
1808
1813
1796
1806
1798
1807
1807
1797
1806
1805
1801
1806
1797
1796
1805
1796
1810
1810
1796
1817
1797
1796
1804
1797
1826
1805
1796
1819
1797
1796
1816
1797
1807
1796
1796
1807
1797
1822
1808
1797
1818
1797
1798
1816
1801
1808
1821
1796
1806
1806
1797
1806
1798
1818
1807
1799
1797
1823
1796
1815
1820
1796
1806
1797
1796
1817
1799
1806
1814
1797
1806
1797
1799
1820
1798
1805
1796
1796
1801
1799
1796
1804
1797
1816
1796
1797
1816
1796
1799
1814
1796
1805
1797
1819
1813
1796
1809
1805
1796
1808
1797
1797
1810
1797
1806
1816
1807
1804
1796
1835
1806
1812
1800
1838
1796
1796
1857
1796
1805
1802
1798
1806
1796
1797
1804
1798
1806
1802
1796
1814
1796
1796
1812
1812
1824
1797
1796
1828
1796
1807
1813
1796
1806
1796
1796
1804
1813
1797
1805
1796
1808
1811
1807
1807
1796
1797
1809
1797
1821
1801
1797
1804
1796
1797
1810
1796
1806
1796
1796
1810
1796
1796
1813
1796
1806
1796
1798
1806
1796
1804
1806
1798
1814
1797
1797
1810
1796
1817
1809
1797
1815
1796
1800
1805
1796
1818
1804
1797
1816
1802
1796
1818
1797
1805
1815
1796
1810
1796
1796
1804
1796
1812
1796
1812
1816
1796
1808
1811
1798
1815
1796
1796
1796
1797
1806
1796
1850
1876
1798
1804
1797
1796
1805
1806
1807
1813
1796
1816
1796
1797
1810
1797
1808
1807
1796
1823
1802
1798
1816
1797
1805
1796
1796
1809
1796
1823
1808
1797
1812
1797
1828
1812
1804
1818
1806
1799
1806
1818
1796
1805
1804
1797
1821
1800
1806
1796
1796
1807
1796
1796
1851
1796
1816
1803
1803
1807
1798
1796
1803
1797
1797
1811
1796
1813
1797
1797
1808
1797
1810
1797
1803
1803
1796
1796
1813
1796
1809
1802
1797
1807
1797
1797
1807
1799
1816
1806
1797
1814
1796
1797
1809
1796
1816
1806
1797
1818
1797
1797
1806
1796
1806
1805
1796
1813
1797
1798
1812
1796
1805
1796
1804
1804
1796
1817
1807
1797
1817
1797
1797
1806
1796
1820
1807
1800
1807
1797
1797
1807
1797
1820
1803
1796
1817
1797
1807
1796
1796
1821
1797
1797
1806
1797
1817
1797
1804
1813
1797
1807
1797
1798
1808
1797
1803
1804
1796
1805
1804
1802
1806
1796
1796
1803
1796
1814
1799
1796
1804
1796
1796
1811
1797
1812
1796
1796
1803
1802
1796
1811
1796
1815
1798
1797
1822
1797
1799
1818
1797
1805
1796
1803
1810
1796
1806
1820
1796
1826
1797
1796
1804
1797
1807
1811
1796
1806
1797
1796
1807
1796
1797
1805
1796
1812
1796
1796
1812
1798
1806
1820
1797
1805
1796
1797
1813
1797
1805
1797
1796
1805
1797
1823
1805
1796
1812
1796
1796
1816
1797
1813
1805
1796
1813
1796
1801
1812
1797
1807
1796
1798
1804
1800
1814
1805
1796
1818
1802
1797
1812
1796
1806
1796
1796
1808
1802
1796
1803
1796
1812
1796
1796
1819
1797
1805
1812
1797
1804
1797
1801
1805
1797
1811
1797
1796
1806
1796
1818
1805
1796
1812
1796
1813
1817
1797
1819
1804
1801
1819
1799
1796
1814
1797
1805
1797
1796
1806
1797
1797
1803
1796
1816
1798
1797
1811
1796
1805
1807
1796
1817
1799
1796
1813
1797
1809
1814
1798
1805
1796
1799
1808
1796
1813
1796
1797
1802
1796
1797
1805
1804
1815
1796
1796
1810
1797
1796
1812
1796
1814
1796
1797
1808
1796
1796
1806
1797
1803
1812
1797
1814
1798
1806
1811
1797
1821
1797
1800
1810
1797
1813
1796
1796
1801
1801
1814
1808
1803
1820
1796
1826
1805
1809
1797
1807
1859
1820
1848
1797
1806
1796
1803
1811
1796
1818
1806
1801
1812
1797
1796
1809
1797
1808
1825
1797
1812
1796
1800
1808
1796
1816
1808
1796
1832
1798
1796
1807
1796
1806
1809
1808
1807
1796
1797
1804
1796
1817
1811
1797
1814
1797
1796
1804
1797
1821
1797
1796
1813
1797
1805
1814
1797
1808
1796
1796
1803
1796
1818
1796
1797
1811
1796
1804
1804
1855
1803
1797
1796
1801
1797
1806
1808
1797
1813
1797
1797
1812
1799
1806
1796
1796
1805
1796
1816
1803
1799
1815
1796
1797
1812
1798
1848
1797
1796
1811
1797
1807
1811
1798
1810
1796
1796
1802
1797
1815
1811
1797
1808
1796
1797
1805
1802
1805
1797
1797
1803
1796
1818
1810
1796
1805
1797
1797
1805
1797
1823
1797
1797
1818
1796
1808
1797
1797
1807
1797
1806
1814
1797
1813
1796
1796
1804
1796
1819
1796
1803
1803
1796
1803
1796
1796
1805
1803
1823
1803
1796
1807
1796
1797
1812
1796
1815
1797
1796
1802
1797
1805
1821
1796
1807
1797
1797
1809
1797
1819
1797
1797
1814
1796
1810
1814
1796
1806
1796
1796
1803
1802
1819
1804
1797
1810
1801
1806
1815
1804
1797
1803
1816
1818
1809
1796
1806
1797
1798
1812
1797
1806
1816
1796
1804
1797
1796
1824
1797
1804
1797
1796
1805
1797
1801
1805
1797
1806
1796
1797
1816
1803
1808
1803
1797
1815
1799
1797
1820
1796
1807
1796
1797
1804
1802
1798
1804
1797
1809
1796
1799
1822
1797
1817
1813
1797
1805
1797
1797
1807
1796
1817
1803
1797
1818
1797
1796
1811
1797
1807
1797
1802
1822
1801
1796
1804
1796
1806
1803
1796
1802
1796
1806
1809
1796
1816
1797
1802
1806
1797
1817
1814
1798
1835
1796
1797
1817
1797
1811
1812
1796
1815
1797
1797
1806
1797
1805
1804
1796
1808
1797
1802
1805
1796
1862
1822
1802
1812
1800
1796
1805
1796
1811
1804
1801
1818
1803
1796
1815
1817
1796
1819
1796
1806
1812
1797
1810
1797
1820
1806
1797
1816
1797
1797
1814
1796
1808
1797
1797
1825
1796
1818
1808
1796
1815
1802
1813
1806
1800
1816
1805
1796
1809
1813
1797
1809
1798
1816
