1924
1925
1936
1932
1998
2000
1925
1926
1942
1925
1925
1946
1924
1925
1943
1925
1927
1933
1935
1925
1939
1926
1925
1934
1930
1925
1936
1925
1925
1933
1928
1925
1938
1928
1950
1934
1926
1951
1939
1926
1943
1933
1927
1951
1938
1925
1942
1936
1925
1947
1939
1927
1943
1925
1925
1942
1930
1925
1935
1926
1927
1933
1929
1926
1935
1925
1925
1933
1929
1926
1933
1926
1924
1936
1925
1938
1932
1925
1944
1933
1925
1945
1935
1925
1948
1932
1937
1949
1933
1925
1942
1933
1925
1943
1933
1927
1935
1925
1926
1937
1929
1926
1934
1925
1926
1948
1928
1925
1941
1926
1925
1936
1926
1926
1934
1926
1940
1958
1925
1930
1944
1926
1925
1941
1925
1937
1948
1925
1933
1942
1926
1934
1936
1925
1935
1936
1925
1941
1933
1927
1942
1925
1925
1943
1928
1925
1941
1925
1927
1933
1926
1925
1946
1926
1925
1933
1924
1934
1937
1925
1925
1948
1925
1930
1947
1925
1925
1944
1925
1933
1945
1925
1936
1934
1931
2282
1935
1933
1999
1925
1945
1934
1929
1947
1936
1926
1925
1935
1924
1925
1953
1925
1925
1939
1925
1925
1934
1925
1925
1952
1931
1925
1933
1925
1925
1932
1925
1934
1932
1925
1933
1942
1947
1935
1940
1925
1937
1932
1945
1944
1932
1926
1941
1925
1925
1947
1925
1926
1931
1925
1964
1952
1937
1925
1940
1926
1925
1991
1932
1925
1938
1926
1926
1946
1925
1925
1944
1930
1925
1944
1935
1944
1947
1925
1935
1943
1929
1938
1926
1925
1935
1925
1925
1940
1926
1925
1936
1925
1949
1939
1925
1942
1934
1925
1946
1925
1925
1936
1926
1925
1946
1925
1939
1946
1925
1935
1949
1925
1937
1925
1925
1935
1926
1925
1935
1935
1926
1936
1927
1925
1933
1929
1943
1934
1926
1944
1934
1925
1948
1925
1924
1938
1924
1925
1938
1925
1925
1937
1925
1946
1933
1928
1943
1938
1925
1953
1925
1929
1945
1925
1925
1941
1925
1925
1934
1924
1925
1933
1924
1926
1953
1926
2021
1937
1932
1926
1952
1924
1925
1933
1926
1925
1950
1926
1934
1940
1925
1936
1940
1924
1936
1944
1925
1940
1941
1943
1936
1926
1924
1937
1924
1943
1936
1925
1925
1936
1927
1925
1954
1926
1939
1938
1925
1946
1955
1930
1954
1946
1924
1942
1959
1925
1935
1944
1938
1935
1940
1944
1936
1925
1925
1935
1925
1945
1943
1925
1925
1934
1927
1925
1940
1995
1932
1936
1925
1924
1937
1928
1924
1941
1925
1925
1932
1928
1925
1937
1925
1944
1932
1926
1935
1930
1925
1951
1936
1925
1948
1929
1926
1933
1925
1924
1932
1928
1925
1933
1925
1928
1934
1925
1925
1933
1925
1944
1936
1928
1943
1933
1925
1934
1939
1934
1935
1940
1925
1935
1939
1925
1940
1925
1925
1933
1926
1925
1946
1925
1934
1934
1925
1935
1945
1926
1936
1927
1925
1940
1925
1928
1944
1925
1946
1947
1933
1928
1972
1925
1928
1940
1924
1935
1952
1925
1936
1939
1925
1939
1930
1924
1934
1925
1925
1936
1925
1926
1939
1925
1936
1935
1924
1948
1936
1925
1943
1937
1926
1947
1926
1924
1942
1925
1925
1943
1933
1926
1932
1925
1943
1932
1931
1943
1933
1927
1936
1926
1925
1941
1925
1926
1935
1926
1946
1939
1925
1934
1942
1925
1948
1925
1928
1937
1925
1925
1932
1925
1932
1933
1925
1942
1934
1925
1932
1936
1925
1937
1925
1925
1933
1931
1925
1935
1926
1937
1925
1928
1940
1941
1925
1935
1936
1927
1935
1939
1925
1935
1946
1926
1935
1925
1927
1935
1928
1925
1935
1925
1925
1933
1925
1926
1943
1925
1925
1942
1925
1927
1944
1925
1934
1940
1925
2231
1943
1929
1925
1932
1926
1935
1971
1925
1933
1937
1928
1927
1942
1931
1925
1935
1925
1926
1972
1925
1925
1936
1925
1925
1963
1925
1934
1939
1925
1935
1942
1925
1935
1940
1925
1934
1926
1947
1930
1925
1925
1932
1925
1931
1944
1925
1925
1936
1925
1925
1964
1925
1935
1941
1925
1935
1969
1925
1935
1941
1925
1935
1928
1925
1945
1925
1925
1934
1925
1967
1935
1925
1943
1934
1925
1959
1936
1925
1942
1934
1951
1935
1935
1925
1944
1935
1925
1943
1953
1925
1941
1925
1925
1939
1929
1926
1934
1925
1925
1936
1925
1941
1951
1925
1942
1938
1925
1962
1936
1925
2002
1936
1933
1955
1945
1924
1936
1943
1926
1935
1961
1925
1936
1944
1925
1935
1967
1925
1935
1925
1925
1934
1930
1925
1935
1926
1925
1934
1925
1950
1943
1925
1939
1941
1925
1955
1947
1925
1937
1924
1925
1936
1925
1925
1945
1925
1926
1925
1941
1946
1934
1929
1982
1925
1926
1953
1925
1925
1946
1926
1925
1974
1925
1929
1944
1925
1937
1952
1924
1937
1943
1925
1939
1925
1942
1971
1929
1934
1939
1925
1984
1950
1968
1924
1939
1927
1926
1942
1935
1924
1931
1924
1925
1931
1927
1925
1939
1925
1925
1943
1925
1929
1935
1928
1925
1938
1925
1933
1938
1925
1925
1933
1925
1939
1935
1925
1930
1934
1924
1937
1947
1925
1936
1933
1925
1934
1928
1925
1949
1925
1925
1941
1925
1930
1948
1925
1938
1932
1925
1940
1937
1925
1945
1934
1925
1942
1926
1927
1944
1925
1925
1936
1928
1925
1933
1925
1926
1943
1929
1926
1940
1924
1939
1946
1925
1942
1935
1924
1947
1938
1925
1950
1942
1925
1940
1942
1925
1944
1927
1925
1947
1925
1925
1947
1928
1925
1948
1927
1936
1944
1931
1939
1947
1925
1936
1943
1929
1937
1945
1925
1940
1926
1925
1943
1925
1927
1935
1926
1925
1940
1925
1938
1933
1925
1943
1935
1932
1948
1925
1925
1935
1925
1932
1939
1926
1944
1933
1926
1948
1935
1925
1934
1940
1926
1934
1932
1933
1932
1925
1925
1934
1936
1925
1936
1925
1926
1933
1925
1929
1934
1925
1933
1941
1925
1940
1946
1925
1934
1944
1925
1936
1931
1925
1939
1925
1940
1974
1937
1928
1942
1932
1987
1965
1971
1925
1935
1941
1928
1931
1925
1925
1944
1925
1925
1933
1925
1925
1932
1925
1926
1947
1925
1930
1933
1925
1925
1947
1925
1945
1938
1925
1944
1934
1925
1937
1933
1925
1942
1932
1977
1946
1938
1926
1940
1935
1941
1930
1941
1925
1950
1939
1924
1949
1934
1925
1943
1925
1925
1943
1925
1931
1940
1925
1927
1947
1925
1943
1942
1925
1936
1941
1925
1939
1944
1925
1935
1924
1925
1938
1929
1925
1942
1925
1925
1937
1925
1945
1935
1930
1946
1938
1925
1946
1925
1925
1934
1926
1925
1938
1925
1925
1946
1925
1926
1945
1929
1936
1944
1938
1925
1945
1929
1927
1943
1925
1939
1933
1931
1946
1934
1925
1946
1935
1926
1947
1934
1926
1945
1925
1925
1939
1925
1925
1937
1928
1925
1935
1925
1925
1938
1925
1943
1933
1934
1935
1952
1925
1935
1927
1929
1936
1925
1927
1935
1925
1930
1938
1928
1925
1934
1926
1944
1943
1925
1947
1933
1927
1942
1925
1926
1949
1925
1925
1934
1924
1934
1940
1925
1925
1936
1925
1955
1939
1927
1941
1935
1925
1984
1943
1931
1945
1934
1947
1940
1976
1925
1950
1934
1955
1936
1954
1927
1935
1936
1925
1936
1934
1924
1951
1936
1925
1938
1924
1928
1937
1924
1925
1949
1925
1927
1941
1925
1925
1936
1925
1925
1933
1925
1947
1937
1941
1941
1936
1925
1943
1925
1941
1946
1928
1925
1942
1925
1925
1961
1925
1937
1934
1925
1935
1960
1926
1938
1926
1925
1936
1925
1941
1935
1926
1925
1935
1926
1963
1934
1928
1944
1933
1925
1946
1934
1926
1935
1925
1924
1952
1940
1925
1946
1925
1925
1938
1943
1925
1942
1925
1928
1939
1925
1946
1934
1927
1936
1945
1925
1952
1942
1928
1937
1948
1928
1950
1943
1928
1938
1945
1925
1934
1924
1927
1936
1925
1925
1937
1941
1925
1945
1927
1925
1934
1941
1925
1939
1925
1925
1941
1927
1934
1933
1925
1946
1934
1936
1964
1934
1932
1947
1933
