2069
2054
2054
2080
2067
2056
2054
2082
2066
2054
2064
2064
2058
2085
2076
2053
2054
2063
2053
2053
2070
2063
2053
2086
2066
2054
2059
2069
2054
2053
2066
2062
2055
2064
2064
2053
2062
2074
2054
2054
2069
2055
2053
2062
2077
2056
2064
2069
2054
2056
2063
2053
2053
2079
2056
2053
2070
2053
2056
2081
2088
2053
2066
2063
2053
2079
2065
2055
2054
2076
2056
2068
2072
2064
2054
2068
2078
2069
2064
2066
2054
2054
2063
2072
2054
2062
2054
2058
2073
2079
2053
2076
2084
2058
2054
2088
2053
2054
2075
2059
2055
2098
2072
2054
2067
2066
2054
2054
2064
2054
2054
2077
2054
2054
2062
2069
2054
2067
2099
2054
2062
2078
2053
2068
2063
2055
2053
2062
2122
2056
2064
2054
2053
2060
2063
2056
2065
2067
2055
2072
2070
2056
2055
2072
2054
2053
2063
2055
2054
2067
2074
2054
2065
2066
2054
2075
2063
2054
2071
2069
2054
2054
2062
2055
2054
2072
2054
2053
2073
2053
2054
2074
2068
2054
2070
2063
2056
2059
2068
2067
2053
2072
2079
2090
2054
2056
2064
2063
2054
2062
2069
2054
2090
2071
2060
2054
2065
2053
2053
2096
2088
2089
2066
2081
2056
2082
2063
2054
2058
2068
2053
2056
2062
2077
2054
2062
2064
2055
2082
2071
2053
2062
2071
2057
2054
2074
2053
2053
2085
2057
2053
2063
2054
2054
2064
2071
2053
2063
2062
2054
2067
2060
2055
2053
2060
2053
2055
2073
2055
2054
2064
2066
2053
2061
2069
2056
2070
2061
2053
2060
2079
2053
2054
2071
2054
2053
2082
2053
2054
2061
2054
2053
2077
2065
2054
2073
2064
2054
2081
2066
2056
2072
2061
2053
2060
2067
2056
2054
2073
2054
2057
2064
2071
2055
2070
2061
2058
2081
2065
2054
2062
2082
2056
2054
2062
2053
2054
2063
2054
2054
2061
2062
2053
2080
2062
2054
2073
2061
2056
2054
2064
2059
2054
2062
2053
2054
2072
2084
2053
2076
2067
2053
2069
2098
2053
2054
2062
2053
2053
2087
2054
2054
2070
2054
2054
2096
2056
2054
2074
2066
2054
2095
2065
2054
2073
2065
2053
2072
2062
2054
2053
2061
2054
2058
2059
2062
2054
2072
2065
2060
2077
2060
2053
2055
2116
2058
2065
2070
2062
2054
2071
2074
2092
2074
2061
2055
2055
2102
2054
2053
2065
2054
2053
2068
2063
2054
2075
2062
2053
2058
2087
2053
2054
2063
2054
2053
2074
2053
2053
2068
2069
2054
2063
2087
2054
2093
2068
2054
2054
2062
2053
2060
2069
2063
2053
2081
2062
2053
2062
2086
2054
2054
2069
2055
2058
2065
2069
2054
2064
2071
2056
2054
2074
2054
2054
2072
2058
2054
2071
2059
2056
2062
2077
2053
2078
2064
2053
2069
2067
2053
2054
2061
2054
2054
2067
2054
2053
2078
2061
2053
2067
2068
2053
2053
2062
2054
2054
2063
2053
2053
2062
2069
2054
2064
2063
2053
2063
2071
2056
2054
2068
2053
2056
2072
2062
2070
2070
2061
2054
2064
2058
2055
2054
2294
2093
2063
2061
2082
2054
2060
2075
2053
2055
2077
2062
2053
2063
2072
2058
2065
2074
2054
2054
2063
2054
2054
2065
2063
2054
2064
2079
2054
2065
2062
2055
2054
2066
2054
2055
2074
2054
2053
2074
2065
2053
2072
2063
2055
2067
2073
2053
2055
2071
2054
2053
2077
2064
2054
2071
2066
2053
2065
2068
2056
2054
2071
2054
2055
2064
2053
2054
2070
2063
2055
2067
2063
2054
2076
2063
2061
2070
2080
2053
2102
2065
2054
2056
2065
2053
2054
2065
2054
2053
2071
2066
2053
2066
2062
2056
2055
2072
2054
2055
2079
2053
2071
2073
2063
2053
2069
2071
2070
2064
2065
2063
2054
2071
2107
2054
2056
2065
2054
2060
2078
2063
2053
2067
2072
2060
2053
2073
2054
2056
2073
2055
2055
2063
2053
2053
2063
2063
2053
2064
2075
2056
2053
2061
2054
2056
2073
2054
2054
2074
2059
2053
2064
2063
2053
2054
2066
2054
2055
2065
2054
2053
2065
2061
2053
2069
2072
2054
2054
2072
2053
2053
2075
2062
2054
2080
2062
2053
2072
2064
2054
2054
2063
2055
2054
2063
2068
2055
2065
2074
2054
2063
2063
2053
2054
2064
2055
2054
2069
2054
2055
2086
2053
2053
2071
2072
2053
2068
2069
2054
2068
2079
2053
2057
2071
2054
2057
2064
2053
2054
2062
2071
2057
2063
2075
2055
2065
2068
2058
2053
2073
2054
2054
2061
2060
2054
2072
2061
2055
2071
2067
2053
2079
2062
2053
2054
2066
2053
2054
2062
2054
2054
2075
2066
2055
2072
2062
2054
2075
2076
2053
2054
2062
2054
2055
2075
2054
2054
2062
2070
2054
2076
2075
2053
2054
2071
2062
2083
2053
2110
2061
2057
2063
2091
2054
2054
2067
2086
2053
2069
2064
2054
2062
2091
2053
2068
2071
2054
2065
2088
2054
2061
2063
2053
2054
2063
2054
2061
2066
2077
2054
2062
2083
2073
2058
2069
2098
2075
2054
2067
2054
2060
2062
2094
2053
2079
2070
2053
2054
2114
2053
2054
2062
2055
2053
2089
2054
2056
2068
2063
2054
2105
2064
2057
2065
2071
2055
2079
2077
2058
2053
2079
2053
2070
2069
2058
2053
2067
2062
2071
2066
2078
2053
2076
2069
2069
2054
2093
2053
2056
2065
2070
2054
2074
2067
2053
2066
2091
2053
2057
2071
2054
2054
2072
2066
2056
2074
2063
2054
2071
2066
2058
2071
2063
2053
2053
2066
2057
2053
2064
2070
2054
2068
2064
2053
2065
2071
2053
2054
2073
2053
2054
2075
2054
2070
2072
2063
2054
2080
2070
2055
2073
2064
2053
2071
2082
2054
2055
2072
2063
2053
2073
2079
2053
2068
2076
2054
2054
2087
2056
2054
2075
2068
2056
2087
2063
2054
2056
2066
2053
2070
2065
2054
2054
2067
2072
2072
2065
2073
2053
2084
2073
2070
2064
2077
2054
2054
2070
2070
2054
2077
2054
2053
2071
2070
2054
2068
2074
2055
2066
2080
2056
2071
2079
2054
2054
2085
2054
2060
2066
2053
2054
2078
2073
2071
2068
2074
2054
2094
2067
2075
2058
2066
2071
2086
2065
2073
2053
2054
2062
2087
2053
2072
2063
2059
2063
2065
2053
2056
2065
2054
2053
2062
2066
2057
2101
2064
2055
2063
2062
2063
2055
2073
2053
2054
2063
2065
2054
2068
2063
2055
2063
2072
2053
2066
2074
2069
2054
2082
2054
2054
2073
2072
2054
2069
2071
2053
2068
2070
2054
2070
2076
2054
2066
2071
2056
2060
2071
2054
2055
2063
2070
2053
2073
2062
2053
2062
2073
2055
2063
2067
2059
2055
2061
2053
2054
2074
2064
2053
2080
2062
2054
2076
2061
2053
2055
2064
2054
2053
2061
2053
2056
2061
2083
2053
2061
2060
2056
2070
2066
2054
2055
2070
2053
2054
2065
2055
2053
2063
2069
2055
2066
2060
2054
2071
2073
2053
2057
2075
2054
2054
2075
2054
2059
2058
2067
2054
2063
2060
2057
2065
2072
2053
2061
2059
2058
2064
2070
2053
2054
2080
2057
2054
2059
2055
2053
2071
2054
2055
2077
2065
2053
2083
2064
2055
2073
2065
2056
2080
2061
2054
2055
2062
2053
2054
2109
2065
2060
2071
2066
2073
2053
2067
2064
2053
2071
2067
2053
2075
2062
2053
2053
2059
2053
2054
2064
2074
2054
2080
2068
2056
2053
2065
2054
2071
2063
2053
2054
2062
2064
2054
2071
2061
2056
2065
2065
2053
2055
2061
2053
2054
2062
2054
2054
2069
2063
2054
2064
2077
2055
2066
2063
2059
2054
2066
2053
2058
2062
2055
2053
2066
2071
2058
2063
2069
2054
2065
2067
2057
2063
2067
2056
2054
2060
2058
2054
2069
2054
2054
2063
2069
2054
2071
2065
2053
2060
2068
2053
2054
2062
2054
2053
2079
2062
2054
2070
2068
2054
2075
2062
2054
2081
2064
2054
2061
2062
2054
2071
2059
2069
2059
2065
2068
2054
2054
2067
2059
2054
2072
2054
2054
2066
2064
2053
2061
2073
2053
2062
2070
2053
2054
2060
2054
2069
2071
2054
2054
2066
2062
2069
2067
2065
2054
2060
2062
2069
2054
2065
2054
2053
2061
2090
2054
2069
