2203
2243
2182
2217
2201
2184
2195
2192
2199
2184
2203
2199
2185
2183
2207
2195
2183
2204
2193
2183
2183
2203
2194
2182
2183
2201
2195
2189
2193
2201
2183
2182
2196
2211
2183
2183
2190
2196
2183
2204
2199
2183
2182
2206
2200
2185
2204
2192
2183
2184
2200
2202
2183
2184
2202
2208
2188
2184
2192
2202
2183
2195
2199
2182
2183
2201
2190
2189
2192
2200
2182
2183
2190
2208
2183
2192
2202
2184
2183
2198
2190
2184
2204
2190
2183
2190
2210
2195
2183
2205
2212
2203
2183
2197
2202
2183
2189
2193
2195
2185
2201
2201
2189
2183
2204
2193
2183
2183
2196
2204
2183
2193
2201
2186
2182
2195
2197
2184
2184
2202
2195
2184
2206
2192
2183
2188
2202
2193
2183
2183
2191
2205
2183
2193
2197
2183
2187
2197
2191
2183
2183
2192
2204
2183
2193
2203
2183
2182
2206
2191
2183
2198
2190
2183
2188
2193
2199
2183
2183
2201
2183
2189
2205
2190
2182
2192
2191
2190
2182
2196
2220
2208
2188
2239
2191
2207
2182
2208
2193
2194
2182
2207
2222
2232
2222
2192
2191
2185
2183
2234
2195
2188
2183
2195
2192
2186
2193
2194
2182
2184
2191
2204
2183
2192
2198
2183
2187
2207
2207
2182
2183
2192
2213
2182
2193
2191
2183
2183
2212
2193
2183
2196
2189
2183
2183
2206
2194
2182
2183
2214
2204
2183
2193
2202
2183
2204
2195
2191
2183
2199
2191
2204
2183
2193
2203
2182
2192
2224
2183
2310
2193
2204
2204
2183
2200
2192
2183
2192
2213
2182
2183
2191
2196
2183
2216
2204
2192
2182
2203
2195
2205
2183
2192
2199
2183
2196
2201
2182
2182
2200
2196
2204
2200
2191
2183
2183
2195
2213
2192
2182
2191
2182
2183
2214
2202
2183
2185
2202
2190
2204
2193
2200
2182
2183
2197
2193
2182
2204
2195
2183
2204
2194
2201
2182
2194
2198
2207
2182
2193
2203
2183
2205
2220
2193
2184
2183
2190
2199
2186
2184
2199
2191
2182
2218
2221
2182
2182
2191
2192
2185
2197
2192
2182
2182
2192
2201
2183
2191
2193
2182
2182
2192
2202
2183
2183
2194
2200
2183
2202
2290
2189
2183
2199
2196
2182
2182
2214
2192
2184
2204
2194
2182
2183
2202
2192
2183
2183
2205
2192
2188
2201
2190
2183
2183
2191
2209
2183
2192
2206
2183
2183
2197
2196
2183
2182
2211
2200
2182
2192
2204
2182
2182
2200
2196
2182
2204
2190
2184
2193
2200
2212
2193
2195
2182
2182
2203
2193
2187
2183
2193
2207
2182
2193
2205
2183
2183
2202
2192
2183
2202
2193
2183
2183
2192
2198
2197
2204
2196
2182
2183
2191
2201
2183
2182
2199
2191
2188
2217
2193
2183
2183
2196
2199
2183
2192
2197
2183
2183
2206
2192
2185
2191
2208
2182
2203
2188
2199
2183
2185
2200
2209
2182
2209
2195
2182
2185
2211
2191
2183
2205
2193
2184
2183
2192
2207
2183
2192
2221
2185
2183
2204
2191
2192
2183
2187
2200
2184
2194
2202
2183
2184
2191
2197
2187
2199
2199
2189
2182
2208
2198
2230
2182
2195
2196
2182
2192
2201
2192
2183
2182
2194
2193
2182
2201
2192
2183
2183
2196
2192
2183
2183
2190
2196
2183
2201
2191
2183
2183
2196
2200
2184
2182
2206
2190
2193
2194
2202
2183
2184
2197
2197
2183
2210
2193
2183
2183
2199
2205
2183
2192
2200
2183
2205
2203
2194
2182
2200
2198
2185
2183
2192
2197
2184
2189
2220
2191
2184
2199
2192
2190
2192
2190
2189
2199
2194
2201
2187
2183
2227
2192
2183
2182
2194
2200
2184
2185
2198
2195
2183
2187
2226
2233
2183
2182
2201
2202
2183
2199
2192
2183
2182
2200
2191
2183
2183
2194
2207
2184
2193
2200
2183
2185
2195
2201
2183
2185
2199
2183
2187
2209
2190
2182
2183
2191
2202
2182
2206
2200
2183
2189
2193
2205
2188
2182
2194
2219
2182
2193
2191
2182
2183
2210
2199
2184
2193
2208
2182
2197
2201
2194
2183
2192
2207
2183
2183
2193
2192
2251
2187
2194
2193
2183
2193
2192
2188
2183
2199
2193
2184
2197
2196
2183
2183
2207
2193
2182
2186
2189
2198
2182
2195
2197
2183
2183
2256
2198
2188
2189
2193
2191
2183
2182
2195
2215
2182
2193
2192
2183
2185
2202
2200
2183
2197
2190
2200
2183
2197
2200
2183
2183
2220
2195
2184
2193
2199
2183
2201
2200
2198
2183
2197
2202
2183
2183
2188
2190
2182
2189
2197
2194
2182
2198
2190
2189
2183
2191
2201
2183
2191
2205
2183
2182
2201
2193
2183
2192
2190
2184
2190
2191
2204
2183
2183
2198
2193
2183
2219
2198
2187
2183
2190
2199
2205
2182
2230
2211
2183
2202
2185
2183
2205
2194
2199
2224
2191
2221
2184
2192
2194
2183
2183
2223
2198
2186
2182
2197
2183
2198
2247
2193
2189
2182
2197
2221
2225
2182
2204
2196
2215
2184
2195
2190
2182
2203
2229
2183
2183
2193
2192
2183
2183
2197
2191
2183
2199
2196
2183
2186
2220
2192
2183
2193
2191
2187
2182
2194
2190
2182
2184
2192
2196
2182
2192
2199
2186
2183
2199
2191
2183
2200
2200
2183
2183
2191
2200
2183
2196
2202
2185
2183
2200
2191
2189
2182
2193
2183
2184
2194
2191
2183
2185
2196
2200
2188
2195
2199
2182
2183
2203
2194
2183
2183
2201
2190
2183
2206
2193
2183
2183
2192
2200
2183
2196
2199
2185
2183
2201
2193
2185
2183
2198
2185
2189
2197
2189
2183
2185
2191
2193
2183
2192
2197
2182
2183
2204
2190
2182
2204
2192
2183
2183
2191
2191
2183
2202
2194
2199
2183
2191
2200
2185
2187
2201
2190
2185
2199
2189
2186
2185
2190
2189
2183
2199
2204
2182
2183
2200
2189
2183
2195
2192
2182
2182
2192
2205
2183
2183
2199
2185
2183
2196
2207
2183
2182
2202
2192
2186
2204
2196
2183
2183
2230
2193
2204
2184
2200
2200
2187
2185
2191
2213
2185
2194
2217
2183
2183
2196
2195
2183
2183
2197
2193
2183
2193
2207
2183
2183
2200
2190
2182
2209
2195
2185
2183
2194
2198
2196
2183
2195
2191
2185
2202
2199
2183
2183
2187
2202
2182
2193
2203
2182
2182
2192
2202
2183
2184
2202
2193
2225
2194
2191
2192
2183
2209
2194
2182
2182
2193
2199
2183
2223
2193
2194
2182
2183
2191
2198
2183
2196
2213
2182
2182
2200
2200
2183
2209
2202
2185
2184
2195
2202
2183
2184
2243
2242
2187
2183
2194
2210
2183
2183
2210
2199
2183
2186
2194
2200
2182
2195
2202
2186
2182
2204
2202
2183
2183
2257
2201
2183
2193
2204
2183
2183
2201
2195
2184
2193
2203
2185
2182
2198
2192
2185
2186
2215
2200
2185
2195
2199
2187
2185
2201
2194
2183
2206
2196
2182
2182
2195
2201
2184
2183
2202
2182
2183
2200
2201
2182
2183
2192
2193
2183
2209
2195
2185
2182
2192
2203
2188
2194
2198
2183
2184
2231
2195
2206
2185
2213
2218
2187
2185
2201
2191
2185
2213
2197
2182
2182
2195
2194
2183
2207
2208
2196
2185
2204
2195
2183
2183
2191
2207
2183
2194
2198
2206
2183
2203
2195
2186
2182
2198
2194
2182
2198
2193
2183
2219
2248
2218
2196
2184
2202
2194
2183
2184
2260
2193
2182
2186
2194
2200
2184
2190
2202
2188
2183
2199
2204
2183
2183
2220
2191
2189
2203
2193
2182
2197
2201
2200
2183
2183
2192
2199
2183
2193
2192
2210
2196
2194
2196
2183
2183
2195
2191
2184
2194
2202
2182
2183
2192
2191
2186
2199
2195
2183
2185
2196
2205
2183
2183
2193
2191
2186
2202
2195
2183
2183
2192
2195
2182
2209
2191
2183
2183
2201
2200
2190
2194
2214
2183
2187
2199
2202
2183
2200
2194
2200
2183
2198
2200
2183
2188
2203
2196
2182
2216
2193
2189
2182
2196
2201
2198
2183
2199
2196
2182
2203
2208
2184
2182
2196
2192
2185
2206
2201
2183
2184
2194
2217
2183
2190
2204
2191
2182
2217
2232
2189
2187
2195
2202
2242
2184
2198
2192
2183
2183
2193
2204
2182
2193
2196
2215
2182
2210
2192
2183
2200
