2333
2311
2328
2358
2357
2316
2311
2320
2320
2317
2311
2321
2320
2313
2313
2321
2320
2313
2311
2321
2321
2314
2312
2319
2339
2319
2312
2320
2324
2311
2311
2328
2320
2313
2311
2319
2323
2311
2312
2319
2327
2313
2315
2327
2325
2311
2312
2327
2321
2312
2311
2328
2321
2315
2311
2328
2324
2311
2313
2322
2322
2311
2312
2326
2332
2311
2311
2317
2323
2312
2311
2316
2320
2311
2316
2326
2321
2311
2311
2321
2329
2327
2311
2318
2333
2319
2318
2321
2324
2327
2315
2317
2320
2329
2313
2311
2328
2325
2314
2311
2316
2326
2314
2311
2319
2330
2313
2311
2323
2328
2336
2311
2316
2358
2322
2311
2331
2321
2319
2315
2312
2332
2330
2311
2313
2333
2318
2311
2312
2323
2323
2311
2312
2320
2333
2311
2313
2321
2331
2312
2314
2323
2348
2311
2314
2324
2329
2311
2316
2321
2319
2318
2318
2321
2323
2319
2311
2364
2330
2325
2317
2311
2323
2338
2319
2343
2322
2332
2329
2311
2311
2320
2329
2311
2325
2319
2340
2311
2318
2320
2315
2328
2389
2321
2312
2355
2319
2340
2311
2311
2319
2380
2311
2311
2327
2332
2340
2311
2331
2320
2331
2311
2341
2326
2319
2311
2319
2354
2323
2311
2333
2319
2332
2362
2319
2322
2327
2311
2322
2332
2318
2312
2338
2329
2341
2312
2321
2331
2321
2311
2333
2324
2332
2311
2312
2336
2336
2313
2311
2321
2337
2330
2311
2320
2321
2320
2332
2328
2318
2317
2311
2343
2324
2327
2311
2311
2320
2348
2311
2312
2327
2340
2331
2317
2328
2322
2317
2311
2410
2325
2320
2318
2311
2367
2320
2313
2311
2322
2321
2354
2311
2323
2318
2313
2335
2327
2318
2313
2311
2328
2344
2331
2311
2320
2334
2352
2311
2311
2324
2318
2311
2335
2322
2323
2311
2311
2358
2320
2311
2312
2324
2327
2335
2312
2319
2326
2311
2334
2339
2318
2311
2313
2319
2351
2311
2313
2328
2318
2313
2314
2326
2318
2311
2314
2342
2332
2329
2313
2331
2317
2312
2311
2323
2322
2311
2337
2334
2318
2313
2311
2319
2328
2313
2311
2316
2330
2333
2311
2434
2322
2328
2312
2311
2329
2319
2311
2311
2328
2321
2311
2311
2322
2330
2311
2311
2330
2319
2311
2315
2327
2320
2311
2311
2331
2321
2311
2311
2331
2325
2340
2311
2320
2341
2318
2312
2312
2328
2320
2313
2311
2336
2322
2313
2311
2318
2332
2313
2313
2321
2330
2328
2318
2343
2321
2311
2313
2321
2333
2311
2311
2331
2319
2312
2311
2328
2320
2315
2311
2328
2332
2312
2312
2320
2330
2311
2330
2324
2327
2324
2319
2312
2320
2327
2312
2331
2337
2321
2311
2328
2323
2326
2311
2328
2321
2340
2312
2323
2328
2322
2311
2311
2330
2324
2311
2312
2335
2322
2312
2313
2320
2329
2311
2313
2328
2319
2311
2312
2327
2321
2325
2312
2321
2318
2326
2312
2330
2320
2318
2313
2336
2320
2324
2312
2320
2337
2320
2312
2330
2322
2336
2315
2312
2365
2348
2316
2317
2344
2331
2315
2311
2319
2362
2333
2311
2326
2321
2326
2311
2314
2338
2318
2312
2333
2321
2325
2312
2322
2334
2322
2312
2323
2328
2325
2313
2330
2321
2327
2312
2327
2336
2311
2311
2331
2323
2313
2313
2322
2327
2322
2312
2338
2320
2320
2313
2327
2331
2325
2313
2311
2323
2328
2329
2311
2320
2333
2312
2319
2320
2320
2312
2311
2323
2322
2311
2311
2316
2322
2313
2311
2322
2319
2333
2319
2333
2311
2321
2332
2311
2318
2337
2320
2332
2313
2311
2326
2319
2313
2333
2324
2324
2312
2321
2332
2325
2312
2328
2320
2325
2317
2325
2328
2321
2312
2328
2341
2320
2312
2326
2320
2336
2311
2326
2324
2321
2319
2316
2320
2319
2311
2311
2325
2321
2330
2311
2320
2334
2321
2311
2329
2325
2328
2316
2324
2329
2324
2311
2331
2321
2323
2311
2326
2326
2325
2312
2330
2323
2326
2311
2323
2327
2322
2311
2321
2331
2322
2314
2331
2320
2336
2315
2311
2323
2326
2313
2315
2330
2323
2314
2311
2320
2330
2317
2311
2328
2323
2316
2311
2329
2324
2311
2312
2327
2334
2311
2311
2334
2329
2311
2311
2321
2321
2312
2318
2331
2322
2327
2311
2336
2324
2319
2311
2335
2320
2337
2311
2324
2321
2320
2317
2339
2322
2328
2311
2323
2343
2319
2311
2341
2319
2328
2311
2322
2326
2322
2313
2393
2324
2347
2313
2311
2338
2339
2313
2311
2320
2322
2320
2311
2333
2329
2313
2318
2322
2334
2324
2311
2335
2323
2331
2311
2326
2329
2320
2311
2330
2322
2329
2312
2329
2321
2319
2311
2312
2331
2319
2311
2333
2336
2329
2311
2340
2375
2353
2311
2324
2326
2318
2320
2311
2335
2323
2326
2311
2324
2320
2339
2312
2321
2426
2323
2314
2313
2321
2330
2312
2313
2339
2322
2316
2312
2319
2321
2317
2311
2318
2321
2312
2314
2331
2318
2311
2311
2318
2331
2312
2311
2328
2320
2316
2311
2319
2327
2311
2312
2331
2319
2312
2321
2328
2326
2326
2311
2319
2320
2331
2311
2311
2326
2320
2311
2318
2321
2326
2314
2311
2332
2321
2312
2311
2319
2329
2316
2311
2327
2321
2311
2311
2321
2323
2311
2311
2332
2322
2324
2312
2319
2320
2325
2311
2322
2324
2320
2311
2322
2332
2311
2311
2322
2318
2316
2311
2319
2320
2311
2314
2330
2319
2311
2311
2320
2323
2330
2311
2323
2331
2324
2311
2329
2322
2327
2311
2329
2321
2317
2311
2322
2334
2322
2311
2312
2323
2354
2322
2314
2331
2321
2344
2319
2332
2325
2318
2346
2312
2337
2329
2316
2311
2321
2328
2311
2311
2328
2322
2311
2314
2316
2328
2312
2317
2339
2320
2338
2311
2335
2319
2318
2311
2323
2319
2326
2312
2320
2322
2311
2327
2319
2331
2312
2311
2327
2336
2312
2311
2319
2332
2312
2311
2329
2320
2311
2312
2343
2329
2314
2312
2327
2319
2327
2334
2320
2318
2311
2335
2324
2325
2311
2328
2321
2345
2312
2320
2331
2319
2346
2311
2331
2317
2311
2311
2334
2318
2311
2312
2320
2344
2311
2317
2333
2319
2311
2342
2332
2320
2311
2312
2341
2329
2317
2311
2327
2321
2327
2312
2323
2326
2311
2311
2320
2325
2311
2311
2323
2341
2311
2318
2332
2323
2311
2328
2334
2320
2311
2311
2345
2328
2318
2311
2330
2319
2327
2312
2321
2327
2311
2311
2326
2326
2311
2324
2325
2337
2311
2331
2324
2328
2311
2312
2334
2324
2311
2331
2335
2326
2317
2325
2336
2320
2327
2383
2326
2368
2311
2353
2346
2369
2311
2311
2332
2320
2318
2311
2328
2322
2320
2311
2329
2325
2334
2312
2321
2330
2324
2311
2313
2322
2331
2311
2313
2328
2320
2312
2318
2321
2327
2312
2312
2328
2321
2311
2311
2324
2320
2314
2311
2328
2324
2313
2312
2323
2319
2320
2312
2321
2327
2311
2311
2324
2334
2312
2312
2321
2323
2312
2312
2321
2323
2311
2311
2319
2329
2319
2311
2321
2330
2321
2312
2322
2333
2322
2320
2311
2332
2326
2311
2313
2321
2322
2311
2311
2322
2329
2311
2315
2335
2320
2314
2319
2324
2332
2321
2313
2363
2320
2332
2311
2311
2325
2322
2314
2311
2320
2322
2312
2312
2326
2331
2311
2311
2332
2325
2311
2311
2319
2328
2311
2328
2328
2321
2316
2325
2321
2325
2311
2323
2319
2336
2312
2320
2325
2319
2312
2331
2326
2311
2311
2323
2330
2321
2311
2327
2320
2328
2312
2320
2329
2318
2311
2330
2320
2327
2311
2320
2330
2325
2323
2324
2331
2323
2327
2320
2319
2318
2319
2316
2317
2328
2329
2313
2311
2333
2325
2311
2311
2320
2344
2311
2313
2321
2330
2312
2311
2328
2324
2338
2312
2346
2324
2321
2311
2320
2320
2327
2314
2329
2325
2311
2327
2318
2324
2333
2311
2320
2335
2324
2311
2342
2323
2346
2311
2329
2338
2321
2312
2328
2325
2333
2311
2312
2345
2321
2315
2312
2322
2327
2327
2312
2334
2322
2313
2311
2320
2335
2313
2311
2326
2338
2313
