2448
2456
2463
2449
2459
2491
2458
2482
2440
2441
2453
2450
2445
2439
2442
2447
2463
2447
2440
2440
2447
2466
2447
2455
2439
2450
2461
2451
2460
2456
2447
2454
2441
2439
2450
2458
2459
2443
2440
2448
2448
2450
2443
2439
2453
2447
2451
2444
2440
2459
2451
2453
2439
2440
2460
2451
2457
2441
2448
2460
2467
2456
2440
2464
2456
2469
2440
2439
2456
2449
2449
2440
2441
2451
2447
2451
2441
2440
2456
2458
2448
2441
2440
2453
2456
2448
2440
2449
2464
2456
2440
2441
2453
2448
2455
2442
2440
2466
2448
2454
2443
2448
2454
2447
2440
2444
2448
2463
2449
2442
2455
2452
2449
2442
2440
2447
2456
2459
2440
2440
2452
2451
2440
2440
2450
2448
2463
2444
2442
2460
2448
2448
2443
2463
2450
2457
2446
2448
2471
2463
2456
2449
2450
2439
2454
2450
2455
2440
2451
2455
2453
2440
2440
2452
2455
2448
2440
2445
2452
2456
2449
2439
2440
2458
2448
2453
2440
2448
2461
2455
2440
2440
2448
2453
2452
2440
2440
2448
2447
2440
2448
2447
2492
2444
2440
2455
2461
2449
2445
2442
2452
2460
2445
2443
2457
2451
2457
2440
2466
2460
2457
2449
2440
2440
2474
2456
2456
2441
2440
2459
2464
2461
2440
2440
2455
2459
2448
2440
2450
2449
2474
2440
2447
2449
2448
2465
2440
2440
2455
2455
2456
2440
2439
2462
2451
2464
2441
2440
2461
2448
2442
2443
2451
2455
2451
2440
2463
2450
2449
2440
2440
2463
2451
2454
2440
2442
2459
2453
2456
2442
2450
2448
2468
2442
2439
2448
2449
2472
2440
2440
2450
2447
2440
2460
2451
2446
2464
2441
2460
2469
2445
2460
2440
2452
2449
2460
2440
2440
2451
2451
2447
2440
2442
2449
2462
2447
2440
2440
2447
2462
2450
2440
2459
2456
2456
2440
2440
2460
2449
2448
2469
2439
2448
2449
2453
2460
2440
2467
2456
2444
2458
2449
2449
2450
2439
2442
2468
2460
2448
2441
2440
2482
2453
2455
2440
2450
2472
2464
2440
2439
2446
2448
2460
2440
2440
2453
2454
2471
2440
2440
2447
2451
2463
2440
2448
2453
2460
2443
2446
2459
2451
2454
2440
2471
2452
2448
2455
2440
2477
2455
2451
2446
2439
2486
2448
2458
2448
2440
2464
2448
2455
2450
2440
2456
2450
2450
2440
2440
2461
2470
2458
2441
2440
2444
2476
2458
2440
2440
2445
2469
2453
2440
2448
2462
2447
2465
2445
2450
2447
2442
2461
2453
2450
2449
2442
2443
2459
2449
2472
2440
2444
2451
2445
2463
2439
2470
2454
2453
2452
2442
2443
2450
2447
2451
2440
2450
2453
2448
2440
2440
2447
2460
2446
2439
2441
2445
2458
2454
2440
2440
2454
2453
2453
2440
2451
2447
2456
2440
2442
2453
2451
2448
2444
2440
2447
2453
2442
2442
2459
2449
2453
2440
2440
2461
2448
2446
2440
2456
2450
2455
2440
2442
2457
2450
2453
2440
2440
2453
2448
2439
2439
2497
2452
2459
2452
2442
2439
2452
2451
2478
2439
2440
2461
2447
2472
2440
2449
2451
2460
2440
2441
2446
2455
2448
2440
2443
2449
2467
2447
2440
2459
2452
2451
2440
2439
2463
2448
2455
2441
2440
2446
2448
2448
2440
2457
2447
2457
2440
2440
2467
2451
2456
2456
2440
2460
2451
2457
2442
2440
2462
2451
2457
2462
2454
2464
2451
2440
2445
2453
2460
2451
2440
2446
2467
2463
2452
2440
2458
2470
2459
2440
2439
2450
2463
2452
2440
2442
2450
2463
2470
2459
2447
2451
2449
2457
2469
2449
2463
2440
2440
2454
2463
2453
2439
2440
2450
2458
2447
2462
2440
2452
2457
2449
2445
2457
2454
2456
2473
2449
2455
2451
2454
2439
2442
2449
2456
2450
2440
2445
2456
2453
2456
2440
2440
2459
2453
2455
2442
2440
2465
2454
2459
2445
2440
2461
2454
2456
2440
2441
2458
2452
2454
2440
2449
2453
2456
2440
2440
2450
2455
2454
2440
2440
2450
2447
2452
2441
2440
2448
2455
2453
2456
2441
2448
2458
2440
2449
2459
2448
2454
2440
2445
2457
2448
2454
2440
2443
2456
2447
2456
2439
2440
2455
2448
2440
2440
2453
2459
2451
2441
2440
2451
2456
2450
2440
2440
2451
2480
2463
2452
2442
2449
2447
2527
2446
2440
2465
2448
2471
2440
2440
2452
2451
2500
2440
2442
2458
2450
2444
2439
2456
2449
2459
2439
2445
2454
2451
2460
2440
2447
2450
2449
2457
2440
2457
2460
2450
2454
2440
2451
2458
2450
2440
2440
2451
2459
2450
2440
2440
2450
2461
2451
2440
2440
2450
2461
2450
2440
2463
2450
2456
2455
2439
2453
2469
2448
2446
2440
2456
2455
2454
2446
2440
2464
2452
2456
2446
2440
2449
2453
2510
2440
2470
2451
2457
2439
2440
2468
2450
2454
2440
2480
2467
2450
2463
2440
2455
2458
2456
2458
2439
2452
2458
2455
2440
2440
2450
2473
2455
2442
2440
2455
2467
2447
2445
2453
2460
2455
2439
2445
2461
2457
2452
2455
2442
2451
2454
2440
2459
2458
2451
2458
2440
2456
2457
2454
2456
2439
2440
2465
2471
2440
2439
2452
2471
2450
2442
2440
2452
2471
2450
2442
2440
2451
2455
2469
2443
2446
2480
2450
2461
2450
2440
2452
2455
2492
2446
2440
2472
2449
2448
2440
2441
2453
2452
2440
2445
2449
2449
2449
2440
2440
2448
2461
2448
2440
2453
2466
2451
2440
2446
2454
2460
2453
2442
2440
2453
2456
2441
2440
2459
2454
2454
2440
2440
2451
2445
2462
2440
2445
2451
2447
2449
2440
2444
2448
2447
2440
2457
2466
2450
2455
2440
2455
2450
2459
2448
2441
2457
2453
2453
2448
2440
2440
2457
2464
2449
2440
2462
2463
2457
2440
2441
2464
2463
2453
2440
2439
2542
2457
2452
2442
2440
2446
2456
2449
2442
2440
2452
2451
2449
2441
2440
2463
2450
2452
2440
2458
2448
2451
2446
2442
2453
2463
2449
2442
2440
2446
2471
2447
2440
2441
2454
2450
2450
2440
2442
2448
2461
2441
2440
2459
2448
2462
2440
2440
2445
2453
2462
2440
2450
2456
2447
2440
2443
2451
2455
2448
2441
2441
2452
2453
2440
2440
2491
2450
2462
2440
2465
2454
2489
2447
2440
2471
2452
2454
2461
2439
2440
2446
2453
2451
2440
2440
2467
2470
2448
2441
2440
2464
2461
2442
2439
2481
2448
2444
2442
2440
2449
2448
2456
2443
2442
2455
2468
2475
2443
2440
2453
2451
2456
2440
2451
2454
2449
2440
2439
2452
2470
2448
2442
2479
2453
2453
2441
2440
2462
2448
2462
2440
2440
2461
2446
2442
2439
2448
2449
2468
2442
2442
2461
2448
2464
2449
2440
2448
2460
2463
2440
2461
2453
2456
2439
2455
2454
2449
2460
2440
2462
2464
2449
2452
2440
2465
2456
2456
2440
2440
2448
2456
2463
2440
2440
2457
2450
2460
2440
2450
2447
2449
2446
2445
2452
2456
2456
2440
2446
2449
2455
2448
2440
2466
2449
2447
2440
2439
2451
2450
2449
2439
2440
2462
2462
2459
2440
2450
2460
2456
2440
2440
2460
2454
2456
2440
2440
2456
2451
2459
2447
2440
2455
2451
2440
2447
2447
2454
2458
2523
2480
2440
2448
2451
2486
2450
2440
2467
2448
2440
2441
2463
2447
2464
2441
2440
2458
2449
2452
2440
2440
2464
2449
2451
2440
2450
2461
2449
2440
2440
2452
2455
2458
2440
2440
2451
2479
2457
2440
2439
2452
2454
2441
2440
2449
2457
2448
2448
2444
2457
2473
2457
2440
2455
2449
2450
2440
2440
2456
2448
2447
2440
2443
2453
2461
2450
2442
2440
2460
2462
2440
2440
2525
2454
2467
2439
2440
2447
2448
2450
2440
2440
2448
2447
2452
2446
2440
2450
2468
2450
2446
2442
2447
2457
2447
2447
2452
2446
2462
2441
2440
2446
2454
2453
2456
2440
2457
2450
2447
2440
2472
2465
2455
2440
2439
2451
2462
2450
2440
2440
2447
2457
2458
2440
2453
2449
2457
2446
2441
2457
2450
2453
2447
2440
2447
2451
2452
2440
2468
2449
2454
2440
2440
2459
2448
2440
2440
2449
2463
2450
2440
2440
2461
2477
2454
2451
2440
2451
2460
