254
254
255
269
254
254
254
254
265
254
254
262
255
254
254
293
268
255
254
254
281
254
254
254
254
254
253
254
254
254
253
254
254
265
254
254
254
254
254
253
254
254
254
254
254
254
254
254
254
255
255
254
258
254
254
297
254
254
254
255
254
254
254
254
254
254
253
253
254
254
254
255
254
255
254
253
254
267
254
254
254
254
254
254
254
253
265
254
254
254
265
254
254
254
254
254
254
254
253
263
254
254
254
253
254
254
255
254
254
254
254
253
262
254
254
254
254
254
254
256
254
284
254
255
254
261
254
254
254
257
271
254
254
254
254
254
254
254
254
300
254
254
255
254
257
254
254
255
254
254
255
254
254
254
254
255
254
254
254
254
254
254
256
254
254
254
254
254
254
254
271
254
254
254
254
254
254
254
254
270
254
254
254
254
254
254
253
254
254
254
255
254
255
254
254
255
254
254
254
254
254
258
254
254
254
254
294
254
268
254
254
254
254
255
255
254
256
266
254
254
254
254
254
254
254
254
254
254
254
254
310
254
254
255
256
254
256
254
255
255
254
254
254
292
254
254
254
254
254
254
253
254
259
254
253
255
254
254
253
254
254
254
254
253
254
267
254
254
254
255
254
254
254
254
254
254
254
254
285
254
255
255
255
254
254
254
254
255
254
254
254
267
256
256
257
254
254
254
253
265
254
254
254
262
254
254
254
254
254
254
254
254
264
255
255
255
254
254
254
254
254
254
254
254
255
254
254
253
254
254
255
255
254
254
254
266
254
254
260
254
254
254
253
254
254
254
253
254
260
254
259
254
254
254
254
253
253
254
254
254
254
263
253
254
254
279
254
254
254
254
254
253
254
254
265
254
254
254
253
254
255
254
254
254
254
254
255
254
254
257
254
253
268
254
254
254
254
254
255
255
254
264
254
254
254
253
254
254
254
254
254
254
254
254
254
256
254
254
259
255
254
258
254
254
254
254
254
255
254
254
255
254
254
262
255
254
254
306
254
254
253
255
254
254
254
254
267
254
254
255
254
254
254
254
254
255
254
254
253
263
254
254
254
254
255
255
255
256
269
254
258
254
254
255
254
255
254
309
254
255
254
254
254
254
253
254
323
254
269
255
254
254
254
256
254
268
265
254
254
254
254
254
270
254
255
261
255
254
254
253
254
255
254
254
253
254
254
254
254
280
255
255
254
255
255
254
253
254
254
254
254
254
277
254
254
254
254
254
254
254
254
255
255
253
254
254
254
254
254
254
295
254
254
254
254
254
254
254
254
266
261
254
254
255
254
254
254
254
277
255
254
254
254
254
255
254
254
254
254
261
255
254
254
254
254
254
254
255
253
254
262
258
254
254
253
254
254
254
254
254
254
253
254
258
255
254
254
288
254
254
257
253
254
255
254
287
255
254
254
254
254
254
254
254
254
254
254
253
254
254
260
254
254
255
288
254
254
254
254
254
254
254
254
254
254
254
254
254
254
254
256
254
254
254
262
254
254
327
255
254
254
255
254
254
254
254
264
254
254
254
254
254
254
257
254
264
254
254
254
254
254
254
254
254
255
254
254
254
254
256
254
254
258
254
254
254
254
254
254
253
254
255
254
254
254
254
253
254
254
254
254
256
254
253
253
254
255
254
254
254
254
254
253
254
253
261
254
254
272
254
254
254
255
254
254
254
254
254
254
253
254
264
258
254
254
254
255
254
258
253
254
254
255
254
254
258
254
254
254
266
254
254
254
254
254
259
254
254
254
254
254
254
254
254
253
254
254
254
254
253
254
254
260
254
254
254
255
264
258
255
253
265
254
254
254
254
254
254
254
262
268
255
254
253
254
254
256
254
253
254
254
253
253
265
254
255
254
254
254
254
254
254
295
254
254
254
254
254
254
254
254
466
255
254
253
264
253
258
254
266
254
254
254
257
254
254
253
254
254
254
253
258
264
258
254
254
254
254
264
254
255
254
254
253
254
254
253
253
261
263
254
254
264
255
254
254
254
254
283
254
254
254
256
255
254
254
254
254
254
254
254
258
254
254
254
254
254
254
254
254
254
255
254
254
254
254
255
254
254
254
278
254
254
255
254
254
254
254
254
254
254
254
253
253
254
255
254
255
254
259
255
255
254
254
254
256
255
263
254
254
254
254
254
254
253
254
274
254
254
254
254
254
253
254
254
254
254
254
254
293
254
254
254
254
255
255
254
254
254
255
254
254
254
254
254
254
255
254
254
254
254
302
254
254
259
259
255
255
254
255
255
254
255
254
285
254
254
254
254
254
253
254
264
254
254
254
255
254
254
254
254
263
281
254
255
255
254
254
254
254
254
255
254
255
254
254
254
254
254
254
294
254
254
254
254
254
254
257
254
255
254
254
254
255
254
254
255
254
254
253
254
254
264
254
254
254
254
254
256
254
254
254
254
255
255
254
254
254
254
255
254
254
254
254
263
257
254
255
254
254
254
253
254
300
254
254
254
254
254
254
254
255
264
259
254
254
294
254
254
254
254
254
254
254
254
254
254
254
253
254
254
254
253
258
262
253
253
254
263
255
254
254
254
254
254
254
254
265
254
254
254
254
254
254
254
254
263
255
254
255
254
254
254
255
254
255
254
254
254
254
254
254
255
256
299
256
255
254
254
254
254
254
253
255
254
254
255
264
254
254
253
254
253
254
254
255
254
254
262
254
259
254
254
255
254
254
255
255
254
254
255
255
254
255
254
254
255
255
265
254
254
254
253
253
256
257
254
254
254
254
254
293
254
254
254
254
256
254
254
254
254
254
254
255
254
253
253
254
253
264
254
254
254
254
254
254
254
254
282
254
254
254
254
254
254
254
254
254
254
254
254
254
261
254
254
255
254
254
254
254
254
254
259
254
255
254
254
254
254
254
254
255
255
254
254
255
254
254
254
254
254
257
255
257
254
255
254
254
254
254
254
254
254
266
254
254
256
254
255
254
257
254
262
255
254
255
254
255
254
254
254
254
254
255
254
254
254
255
254
257
254
255
254
254
253
255
254
254
254
255
254
255
254
255
295
254
255
