2571
2571
2580
2587
2577
2576
2592
2575
2569
2586
2579
2586
2592
2569
2571
2579
2590
2595
2593
2569
2568
2572
2607
2577
2582
2581
2571
2585
2579
2583
2581
2593
2584
2568
2584
2574
2580
2577
2576
2568
2598
2587
2624
2584
2592
2618
2569
2602
2581
2587
2580
2589
2601
2569
2586
2581
2587
2603
2569
2569
2583
2579
2578
2577
2569
2571
2569
2585
2576
2581
2571
2568
2570
2587
2576
2590
2575
2569
2569
2574
2585
2579
2582
2569
2569
2581
2577
2589
2575
2569
2571
2576
2581
2578
2574
2571
2568
2601
2574
2578
2571
2569
2570
2586
2576
2592
2576
2570
2570
2585
2619
2587
2577
2568
2569
2580
2590
2581
2577
2569
2571
2591
2581
2585
2585
2571
2569
2578
2588
2579
2693
2580
2569
2569
2578
2593
2579
2586
2569
2569
2589
2578
2586
2578
2569
2572
2569
2582
2576
2588
2571
2570
2569
2578
2585
2580
2577
2568
2568
2589
2580
2584
2598
2569
2569
2583
2579
2586
2581
2569
2576
2588
2579
2587
2577
2572
2569
2590
2581
2573
2577
2596
2631
2590
2570
2569
2578
2591
2596
2583
2580
2568
2602
2581
2589
2583
2592
2568
2574
2588
2580
2580
2579
2573
2569
2583
2583
2577
2592
2571
2569
2583
2579
2591
2580
2568
2571
2578
2599
2582
2584
2569
2568
2586
2581
2585
2579
2568
2573
2583
2579
2585
2578
2572
2568
2577
2584
2609
2578
2574
2573
2579
2577
2579
2581
2569
2568
2577
2589
2577
2584
2569
2569
2578
2586
2579
2569
2594
2592
2580
2586
2580
2569
2578
2569
2579
2583
2592
2583
2574
2569
2585
2598
2586
2569
2569
2569
2579
2592
2603
2583
2569
2569
2586
2577
2589
2580
2569
2570
2579
2582
2581
2585
2570
2569
2582
2578
2583
2579
2571
2569
2581
2581
2580
2583
2569
2569
2583
2578
2585
2581
2569
2569
2579
2593
2579
2570
2569
2605
2605
2579
2577
2590
2590
2568
2569
2581
2578
2579
2577
2569
2569
2600
2581
2581
2578
2580
2573
2568
2578
2576
2579
2581
2569
2569
2585
2577
2583
2579
2568
2569
2578
2593
2582
2577
2571
2569
2595
2580
2582
2580
2569
2577
2579
2589
2582
2578
2576
2569
2586
2582
2591
2587
2568
2569
2592
2581
2593
2581
2570
2569
2581
2583
2581
2587
2569
2570
2583
2589
2582
2578
2569
2574
2588
2590
2578
2590
2573
2569
2569
2579
2585
2585
2569
2583
2569
2588
2569
2575
2591
2580
2590
2597
2569
2577
2585
2576
2585
2576
2572
2568
2578
2573
2575
2586
2568
2569
2570
2577
2583
2610
2588
2569
2569
2582
2575
2587
2575
2569
2569
2575
2591
2579
2584
2569
2569
2569
2576
2589
2577
2569
2572
2569
2582
2585
2649
2584
2576
2587
2569
2581
2578
2599
2582
2573
2570
2569
2589
2582
2584
2587
2568
2571
2582
2584
2579
2581
2569
2573
2585
2596
2585
2578
2572
2568
2582
2591
2578
2594
2568
2569
2582
2584
2583
2588
2568
2568
2587
2582
2586
2581
2569
2569
2614
2583
2581
2584
2584
2573
2569
2584
2586
2577
2572
2571
2569
2584
2587
2599
2587
2569
2571
2578
2588
2584
2585
2569
2569
2587
2582
2586
2572
2569
2571
2583
2586
2603
2580
2573
2568
2586
2578
2585
2597
2569
2571
2590
2577
2582
2586
2569
2569
2584
2580
2576
2589
2569
2569
2581
2587
2578
2580
2571
2573
2575
2581
2577
2588
2571
2571
2568
2575
2580
2580
2582
2569
2571
2581
2578
2586
2572
2579
2583
2587
2595
2569
2568
2586
2576
2578
2587
2584
2568
2569
2587
2578
2583
2577
2569
2573
2577
2576
2580
2575
2574
2569
2576
2584
2577
2592
2569
2571
2592
2577
2589
2576
2569
2569
2578
2583
2577
2583
2569
2568
2590
2579
2584
2574
2568
2592
2578
2587
2577
2581
2589
2570
2568
2599
2576
2602
2574
2568
2568
2577
2620
2584
2590
2569
2569
2585
2578
2587
2576
2571
2590
2577
2590
2578
2598
2573
2569
2581
2576
2588
2582
2569
2568
2569
2576
2586
2578
2590
2569
2569
2591
2578
2590
2595
2568
2573
2578
2586
2576
2583
2574
2569
2614
2586
2583
2584
2568
2569
2578
2580
2582
2585
2568
2568
2580
2581
2590
2580
2568
2569
2586
2577
2577
2603
2579
2569
2569
2592
2578
2581
2583
2569
2578
2581
2596
2583
2585
2576
2569
2573
2578
2589
2582
2577
2573
2569
2578
2586
2576
2594
2569
2569
2585
2580
2589
2579
2569
2569
2576
2584
2596
2577
2569
2569
2582
2586
2577
2586
2568
2575
2585
2580
2585
2578
2573
2569
2577
2585
2576
2595
2570
2569
2577
2580
2585
2578
2569
2570
2585
2610
2587
2577
2568
2568
2568
2568
2611
2592
2577
2581
2568
2575
2578
2597
2582
2580
2575
2569
2569
2581
2580
2580
2584
2569
2574
2584
2578
2585
2581
2568
2569
2584
2579
2585
2578
2569
2570
2588
2583
2584
2577
2569
2569
2579
2578
2581
2586
2569
2569
2577
2584
2581
2588
2568
2569
2587
2578
2588
2579
2569
2569
2579
2588
2577
2583
2571
2569
2588
2580
2576
2583
2570
2570
2577
2577
2585
2585
2569
2569
2579
2586
2586
2586
2569
2568
2594
2595
2580
2585
2588
2572
2577
2583
2597
2578
2577
2578
2569
2587
2576
2578
2582
2569
2569
2569
2579
2622
2580
2584
2568
2569
2591
2578
2585
2580
2569
2573
2585
2576
2583
2577
2573
2569
2576
2584
2576
2580
2568
2569
2580
2575
2589
2577
2569
2596
2577
2587
2577
2589
2568
2568
2569
2576
2585
2576
2568
2569
2568
2580
2583
2579
2584
2568
2569
2575
2581
2577
2586
2570
2568
2583
2576
2587
2576
2569
2569
2577
2584
2575
2582
2569
2569
2591
2580
2578
2588
2570
2569
2569
2577
2586
2580
2583
2568
2569
2585
2581
2576
2582
2571
2572
2581
2581
2578
2575
2572
2570
2577
2583
2576
2596
2569
2568
2585
2577
2589
2577
2571
2569
2582
2584
2583
2576
2574
2570
2583
2577
2583
2577
2568
2572
2580
2583
2576
2589
2573
2569
2584
2578
2585
2581
2571
2568
2577
2607
2582
2591
2569
2575
2569
2586
2579
2577
2587
2569
2570
2587
2578
2578
2582
2569
2569
2589
2578
2586
2584
2569
2570
2579
2586
2603
2576
2571
2569
2577
2580
2584
2578
2569
2568
2583
2577
2582
2576
2569
2573
2576
2581
2578
2579
2573
2569
2584
2578
2591
2583
2569
2569
2581
2581
2581
2582
2569
2569
2585
2581
2583
2570
2568
2583
2581
2585
2580
2568
2569
2573
2585
2581
2583
2569
2573
2569
2579
2581
2577
2572
2569
2568
2581
2578
2590
2569
2568
2570
2586
2581
2588
2577
2569
2569
2581
2586
2577
2569
2569
2581
2586
2576
2579
2569
2573
2589
2577
2593
2576
2573
2569
2579
2581
2576
2594
2577
2569
2570
2577
2590
2578
2583
2569
2568
2591
2578
2591
2575
2568
2572
2578
2581
2576
2585
2573
2569
2581
2576
2589
2580
2569
2571
2577
2580
2582
2584
2568
2568
2621
2583
2592
2632
2583
2569
2572
2598
2581
2578
2593
2573
2569
2578
2588
2579
2602
2569
2569
2589
2579
2592
2579
2569
2569
2579
2591
2578
2589
2568
2574
2590
2579
2580
2579
2571
2572
2588
2580
2578
2588
2573
2573
2577
2576
2579
2580
2576
2569
2568
2577
2597
2580
2578
2568
2568
2569
2576
2577
2581
2578
2569
2570
2577
2577
2586
2581
2568
2585
2578
2582
2586
2577
2569
2568
2581
2577
2580
2579
2568
2573
2569
2577
2589
2581
2571
2568
2591
2583
2577
2584
2588
2568
2569
2575
2590
2580
2589
2568
2570
2581
2586
2580
2628
2571
2573
2569
2606
2577
2584
2582
2570
2585
2577
2587
2583
2569
2585
2571
2583
2581
2592
2595
2568
2569
2584
2588
2594
2572
2569
2583
2587
2580
2584
2569
2575
2589
2577
2584
2581
2572
2569
2585
2578
2582
2586
2571
2569
2579
2646
2588
2592
2598
2569
2569
2601
2579
2580
2590
2568
2569
2569
2610
2579
2580
2591
2569
2585
2581
2580
2580
2577
2584
2569
2583
2579
2583
2595
2568
