394
382
383
383
382
382
383
382
382
391
383
383
385
383
383
383
383
387
383
383
383
383
383
383
382
383
383
383
383
383
383
382
383
384
421
383
383
382
440
383
383
383
391
382
383
383
390
382
383
383
383
383
383
383
383
383
383
402
382
383
383
391
383
383
383
430
383
383
382
383
383
383
383
382
383
383
383
382
383
383
383
382
382
383
383
382
383
382
390
383
385
382
446
383
382
383
383
383
383
382
382
383
383
383
383
383
383
383
383
382
382
389
382
385
382
383
383
383
383
382
383
383
383
382
382
383
392
382
383
387
383
383
383
383
384
383
383
383
382
382
383
392
388
383
386
383
383
382
423
384
382
383
383
397
383
383
383
382
419
404
383
382
383
392
383
382
383
382
382
382
383
382
382
383
382
385
382
383
394
383
382
422
382
383
383
410
383
385
388
383
382
385
394
383
383
382
383
386
386
383
385
382
385
399
382
382
382
382
382
383
382
383
383
383
383
382
382
383
383
382
382
383
398
383
383
383
394
383
383
383
382
383
382
383
384
382
383
382
388
383
383
391
382
383
382
457
383
398
382
383
383
383
383
382
382
383
382
382
383
383
382
382
383
382
382
382
383
383
468
382
382
382
383
383
383
388
383
382
382
383
382
383
382
393
382
382
383
382
382
382
383
382
383
382
383
399
382
382
383
382
382
383
413
382
382
383
383
383
382
383
383
382
383
386
383
383
382
393
382
382
383
415
382
383
383
399
383
399
383
419
383
383
383
383
383
383
382
382
383
383
383
383
382
383
383
383
383
382
383
382
382
390
406
382
383
382
383
383
383
383
382
389
383
382
382
382
382
383
383
383
382
383
383
383
382
382
383
382
383
389
382
382
383
383
385
383
382
383
383
383
383
382
383
388
382
382
383
382
391
382
383
382
383
382
383
382
386
383
384
383
383
382
445
383
382
382
397
396
385
383
419
384
383
393
382
382
382
383
383
382
382
383
382
383
394
382
383
382
382
382
383
383
382
382
382
383
383
382
383
393
382
382
383
394
382
382
383
383
383
382
383
383
385
383
383
383
383
382
382
383
382
383
383
382
386
383
383
383
382
383
383
382
382
383
402
389
383
382
394
383
383
383
433
382
382
383
394
382
382
383
425
382
383
383
393
383
383
383
395
383
383
383
409
383
383
382
394
383
385
385
425
383
383
382
383
383
383
383
383
382
383
385
382
382
383
382
382
383
382
383
382
383
385
383
382
383
382
383
382
382
383
385
383
383
385
383
383
384
383
383
383
383
382
383
383
384
383
382
383
383
383
383
382
383
383
383
383
384
382
383
383
383
383
392
383
390
382
383
383
390
385
382
383
383
407
383
383
383
392
387
382
383
387
383
382
383
383
382
383
382
383
383
383
394
384
384
382
394
383
382
383
382
383
382
383
383
382
383
383
382
383
383
383
387
382
383
382
383
383
382
383
383
383
382
382
382
382
382
383
390
383
383
413
383
383
382
392
382
383
383
422
383
383
383
430
384
383
383
382
383
383
383
382
382
383
382
383
383
383
383
383
384
383
403
383
383
383
393
383
383
383
382
383
385
383
383
383
383
382
383
382
382
382
382
383
382
383
383
383
382
383
383
383
383
387
392
383
383
396
383
382
382
413
383
383
383
383
382
382
383
388
382
382
383
383
383
383
384
382
383
383
383
383
383
384
382
383
382
383
383
382
383
393
382
383
383
410
383
383
384
383
386
382
383
383
382
382
382
382
382
383
382
382
383
382
382
383
383
392
383
383
383
437
382
383
383
391
384
382
387
383
383
382
383
383
387
382
398
382
384
382
382
383
383
382
383
382
383
382
387
383
383
383
382
382
383
382
382
383
382
384
394
383
383
404
385
384
383
382
382
393
419
383
383
383
383
383
383
387
383
382
385
383
383
383
382
396
383
382
383
405
383
383
383
400
383
383
382
383
382
382
382
415
383
382
383
382
383
383
383
383
382
382
382
382
382
382
394
383
382
383
424
383
382
383
383
386
383
383
383
383
382
382
383
383
382
382
383
383
382
382
383
383
383
383
383
383
383
383
385
383
383
383
383
383
383
392
382
382
382
422
384
382
382
382
383
383
383
382
383
383
383
383
383
383
408
383
384
383
383
382
383
385
383
383
383
383
382
383
383
394
383
383
382
418
383
382
382
383
383
382
383
383
382
386
383
383
383
383
384
383
383
383
383
382
382
385
396
382
383
383
413
383
382
383
396
382
383
382
392
382
383
383
413
383
383
383
383
383
382
382
383
383
382
382
383
383
383
382
383
383
383
382
383
382
382
382
383
383
383
416
383
383
383
398
383
383
383
383
383
383
383
384
383
383
383
383
382
383
382
383
383
383
386
383
383
382
383
383
383
385
392
382
382
383
417
383
383
383
394
383
383
383
411
383
383
385
383
382
383
383
383
383
382
383
382
383
383
383
383
383
383
383
383
382
383
413
382
383
382
395
383
383
383
383
383
383
383
383
383
385
383
382
383
382
383
383
383
382
392
382
383
382
383
390
383
382
382
383
383
383
382
385
382
404
383
383
383
393
383
388
383
383
383
383
383
383
383
383
383
383
383
383
392
386
383
383
382
383
382
382
383
382
383
383
383
383
382
383
383
383
383
395
382
382
382
383
383
382
383
383
383
383
382
382
383
383
386
383
383
383
413
383
382
382
383
383
382
383
382
383
383
383
387
383
383
383
382
382
384
383
382
383
383
396
383
383
382
428
387
382
383
382
382
382
383
383
383
383
383
383
383
383
383
383
383
382
382
383
383
383
383
383
383
383
383
383
383
383
383
383
383
388
392
383
383
382
434
382
382
383
383
383
382
382
383
382
383
389
383
383
382
383
383
383
383
382
384
382
382
383
383
383
383
384
382
383
382
409
383
383
383
393
383
383
383
421
383
383
385
393
382
383
383
428
383
383
383
382
383
383
385
389
383
383
395
384
383
382
383
382
385
391
382
382
383
422
382
383
387
383
382
385
382
383
382
383
393
382
383
383
389
382
384
383
383
383
