544
511
511
511
511
511
512
512
515
554
511
511
512
511
542
511
511
511
513
520
511
511
511
511
519
512
511
511
545
539
511
511
511
511
511
511
524
513
511
512
512
512
512
539
511
511
512
511
511
511
523
511
511
515
511
511
511
513
511
511
520
511
511
512
512
511
512
522
511
511
511
527
511
511
522
512
511
513
511
511
511
520
512
512
511
511
511
511
512
512
511
520
511
511
511
511
515
511
516
511
512
512
512
512
511
511
511
512
518
511
521
511
511
511
511
512
511
511
518
511
512
511
511
511
514
512
514
511
521
511
511
511
512
511
511
511
513
511
555
512
511
512
513
512
511
511
511
511
524
511
511
511
511
511
512
511
511
511
545
512
511
512
511
521
511
514
511
511
523
511
512
511
511
512
511
515
511
511
534
511
511
522
511
512
512
511
512
520
514
512
511
525
516
511
523
511
511
520
511
511
511
511
511
512
524
511
546
531
511
512
522
511
511
511
511
511
511
522
511
511
554
512
511
512
511
512
516
520
513
511
511
511
549
545
512
520
511
511
511
511
512
511
511
523
511
511
511
512
511
513
528
511
511
511
511
512
512
511
511
511
511
511
511
511
511
512
511
517
511
511
511
511
511
511
521
512
511
512
511
511
510
512
511
511
540
510
511
511
512
511
512
541
517
511
511
512
512
512
539
511
511
512
511
512
511
521
513
511
511
511
511
511
524
516
513
511
511
511
511
524
511
513
543
511
511
511
511
511
512
536
511
511
511
512
511
515
551
511
512
512
511
511
511
550
512
514
511
511
512
511
549
511
512
511
511
512
511
540
512
511
511
512
511
511
546
513
511
511
512
511
511
538
511
511
511
514
511
511
526
512
512
540
511
511
511
511
512
512
529
512
511
511
512
519
511
561
511
511
511
511
527
511
512
512
512
528
512
511
511
511
512
511
511
520
513
518
520
512
512
536
511
512
511
513
513
511
512
511
511
520
512
512
511
514
511
511
542
511
516
512
511
511
511
537
511
511
512
511
511
511
556
512
512
513
511
511
511
511
511
511
520
511
511
511
511
511
511
521
511
511
530
511
511
511
511
511
510
532
511
511
511
512
511
512
512
512
511
522
511
512
512
512
512
511
512
519
512
512
511
511
511
522
511
512
511
513
511
512
524
512
512
511
511
511
511
534
511
511
511
511
511
511
512
511
511
521
511
511
512
511
511
511
512
512
511
539
511
527
511
511
511
511
511
511
511
522
511
511
511
511
511
530
511
511
511
521
511
511
511
511
511
511
517
511
511
511
512
511
511
511
512
513
538
511
511
511
511
511
512
522
511
511
511
511
511
523
511
511
520
515
511
511
511
511
512
512
511
511
521
511
511
544
511
512
511
511
511
511
547
511
512
511
511
514
511
541
512
511
511
511
511
511
518
511
512
523
511
511
511
511
511
512
537
512
511
512
514
511
511
547
511
511
511
511
511
511
511
511
512
561
513
511
514
511
512
511
511
511
511
521
512
511
528
513
514
511
511
518
511
511
511
511
523
511
512
511
512
518
521
516
511
514
520
511
512
511
511
511
511
512
512
511
526
511
511
528
511
511
511
511
512
512
526
511
512
511
511
511
512
511
511
512
525
511
512
512
511
511
512
511
513
511
524
511
511
520
511
511
511
511
511
511
537
511
511
511
511
517
511
511
511
511
521
511
511
511
511
520
511
512
511
511
544
511
511
512
511
511
513
517
511
513
533
511
511
512
511
512
516
536
511
511
511
511
511
511
511
519
522
512
511
512
512
513
512
525
516
511
526
511
511
522
514
511
511
511
512
512
522
511
511
511
512
512
511
542
511
512
511
511
544
511
514
511
511
512
511
511
511
512
511
511
547
512
511
512
512
510
511
529
517
511
513
512
511
511
538
511
512
511
511
511
511
516
511
511
511
511
513
512
511
511
513
541
511
510
511
511
511
511
521
511
513
517
521
511
511
527
511
511
548
511
513
512
512
511
512
533
511
511
511
511
512
511
511
511
511
532
511
511
511
511
514
511
521
511
511
512
511
511
511
520
511
511
512
515
511
511
512
511
527
511
514
511
511
512
511
511
521
513
511
511
511
511
511
542
512
511
511
511
511
512
533
511
513
512
511
511
512
537
511
512
513
511
512
511
546
511
512
512
511
511
511
528
511
511
526
511
511
511
511
511
514
521
511
511
511
512
511
512
523
511
511
512
511
511
511
511
510
511
564
511
512
511
512
511
511
541
511
512
511
513
511
511
523
562
514
536
511
517
524
518
511
511
528
511
511
524
512
511
512
511
511
511
512
511
511
526
511
512
511
511
511
512
555
511
511
511
511
512
511
511
512
513
523
511
511
512
527
511
512
522
511
511
512
511
511
512
522
511
511
511
511
511
511
511
511
511
538
511
512
511
511
511
511
511
511
512
522
511
514
511
511
512
511
545
511
512
511
511
511
511
538
512
511
511
511
511
511
532
514
511
511
511
511
511
522
512
511
511
518
511
512
520
511
511
520
511
511
511
513
511
511
511
512
512
535
511
512
511
511
511
511
511
511
511
520
511
511
511
511
511
511
521
511
511
522
511
511
511
512
512
512
523
512
511
511
512
512
511
524
512
511
511
512
511
511
511
511
517
521
511
511
511
512
511
511
520
511
511
522
511
511
511
511
520
511
511
513
511
517
512
511
525
511
511
511
515
515
511
511
511
511
524
511
511
511
511
511
512
511
511
511
526
511
511
511
511
511
511
511
511
512
512
511
511
513
512
511
511
536
511
511
511
511
512
511
540
512
511
512
511
512
511
523
511
512
512
511
511
511
536
511
511
513
518
512
512
525
511
511
511
512
511
511
520
511
511
519
520
511
511
512
511
527
511
511
511
520
511
511
512
511
515
511
512
513
511
535
511
511
511
511
511
512
535
511
515
521
511
511
512
527
511
511
516
511
511
525
511
511
515
512
511
512
518
528
512
511
511
511
512
511
511
511
528
511
511
511
511
526
512
511
511
511
521
511
511
511
518
511
511
560
511
511
519
511
