643
639
651
640
640
669
640
645
639
640
639
640
641
640
645
640
639
640
640
640
640
640
640
640
640
649
640
639
640
640
641
640
639
643
639
640
640
646
640
641
640
640
639
640
639
640
640
640
640
640
640
639
640
654
639
639
640
639
650
640
640
640
646
640
659
640
639
663
639
639
649
640
640
640
641
640
650
639
655
660
640
640
639
640
640
640
639
645
640
640
639
650
640
640
640
640
639
640
639
639
642
639
640
656
640
640
640
640
640
640
640
640
640
640
640
640
656
640
640
640
640
640
639
640
640
643
641
639
640
639
640
640
639
640
640
639
640
640
640
640
640
657
640
651
641
640
640
640
640
653
644
640
667
641
640
640
640
640
668
639
640
650
639
639
640
640
657
640
640
640
640
639
640
650
639
644
665
640
639
644
651
639
639
649
640
640
647
663
640
651
640
646
655
639
647
649
639
640
663
640
640
649
643
647
652
640
640
640
640
640
640
640
642
640
640
640
640
643
640
640
674
641
640
653
640
646
666
640
640
650
644
640
640
640
639
640
640
640
640
640
640
640
640
643
640
669
640
640
653
640
640
655
640
640
652
640
642
640
640
640
640
640
640
640
640
640
640
640
640
642
640
640
640
669
640
640
670
640
639
670
639
640
653
640
640
671
640
639
640
640
640
640
640
642
640
642
639
640
640
639
640
657
640
640
650
639
641
649
640
639
663
642
639
651
639
640
658
640
640
650
645
640
689
640
640
654
640
640
660
640
640
651
640
644
662
640
640
650
642
640
640
639
640
639
640
640
642
639
640
640
640
639
640
640
640
640
640
640
649
640
639
640
639
640
642
639
640
640
640
641
640
639
640
642
640
640
640
640
640
640
657
640
640
645
642
640
640
639
639
640
640
640
640
640
648
640
639
640
641
640
650
640
644
657
639
639
639
643
641
653
640
640
648
639
649
673
646
640
648
648
639
659
640
642
667
640
640
652
639
640
665
640
640
640
640
640
646
640
639
640
641
640
640
640
653
640
640
674
639
640
648
640
640
652
639
640
670
640
639
649
640
639
651
639
639
656
640
640
690
640
640
675
640
639
651
640
640
650
639
639
681
647
640
650
640
640
660
639
639
649
639
640
639
640
641
640
640
640
640
640
640
640
640
639
640
640
642
640
640
640
640
640
642
640
640
640
639
682
640
642
648
641
640
667
640
639
648
640
640
653
641
640
660
639
640
649
640
640
640
641
639
640
639
640
640
639
640
640
640
640
640
639
640
639
640
639
641
642
640
640
640
640
640
652
639
640
681
639
640
650
642
640
668
640
641
654
640
640
649
640
640
640
640
640
639
639
639
645
641
640
640
640
639
640
640
640
640
639
642
639
651
640
640
664
640
639
649
640
640
648
640
640
679
639
639
639
640
639
670
640
640
667
640
639
652
640
640
654
640
646
679
640
639
669
640
640
651
640
640
640
640
644
651
640
639
668
640
640
651
640
640
670
639
640
653
639
640
650
640
641
651
640
640
664
640
641
653
640
640
668
640
639
651
640
639
640
639
641
641
646
641
640
640
640
640
640
640
639
640
640
640
640
643
640
640
642
640
641
640
706
640
642
654
639
644
649
639
639
640
640
640
640
642
640
640
640
640
644
640
640
640
649
639
641
648
640
640
689
639
640
651
640
639
665
640
639
640
640
640
643
639
640
640
639
640
640
640
640
640
640
640
639
639
640
640
654
641
646
652
640
640
650
639
640
650
640
640
639
640
640
673
639
640
650
640
640
649
639
639
640
640
640
643
640
657
640
640
686
640
639
676
639
640
651
640
640
649
640
640
640
640
640
639
640
640
645
639
639
640
640
640
640
639
639
639
640
640
640
639
640
644
640
640
639
640
640
640
640
640
640
640
639
640
640
640
640
639
640
639
639
639
640
640
640
640
652
639
639
640
640
640
640
640
639
640
639
640
640
640
640
639
640
656
641
640
640
650
640
640
652
640
640
661
640
640
679
639
639
658
640
640
657
639
647
664
640
640
640
656
640
640
639
640
640
640
640
644
640
641
640
639
640
640
640
640
640
639
643
640
640
650
639
640
640
640
642
640
639
639
640
640
648
639
639
640
640
640
640
639
639
640
639
639
642
640
639
640
640
641
639
640
640
667
640
639
645
645
640
656
640
640
649
640
640
648
640
640
655
640
642
649
640
640
640
639
640
640
639
639
641
640
639
647
640
640
640
640
640
639
640
640
640
649
640
640
666
640
641
650
640
640
663
640
640
639
640
640
640
647
639
640
640
640
639
639
641
640
653
640
640
639
644
640
640
639
649
640
640
639
639
640
639
646
643
640
639
640
639
640
640
640
640
640
640
640
640
640
640
639
641
673
640
640
640
640
640
640
640
647
639
640
640
649
656
640
650
640
642
653
640
640
683
640
640
664
640
639
640
640
640
640
640
639
640
642
647
639
640
639
640
639
639
639
639
648
640
640
640
639
640
640
640
640
639
640
640
639
639
640
651
640
640
640
639
640
639
639
640
640
640
642
639
640
640
648
640
639
640
653
640
640
640
640
640
641
640
639
654
640
640
651
640
640
666
640
640
659
640
640
664
640
639
640
639
639
642
640
639
640
642
640
640
639
639
640
640
639
640
640
641
640
639
640
640
639
640
640
640
639
639
640
647
639
640
649
639
640
639
639
640
640
640
640
639
640
639
640
640
640
640
640
640
640
640
650
640
640
665
639
639
647
639
640
664
640
639
650
639
640
661
639
640
642
640
640
641
640
639
640
640
640
640
640
640
640
643
640
640
642
640
640
639
645
642
640
640
640
640
640
639
640
639
647
640
640
640
640
640
640
640
642
640
640
640
640
639
639
640
647
640
641
665
640
642
652
640
640
648
640
640
640
640
640
640
640
640
642
642
639
639
640
640
639
639
640
640
640
640
640
671
640
640
652
640
640
654
639
640
649
640
639
648
640
640
694
640
640
640
640
640
640
640
639
640
640
640
639
640
640
640
649
640
640
672
639
640
648
640
640
676
640
640
640
640
640
640
639
