770
768
769
768
768
795
778
772
768
770
793
768
769
783
794
787
768
769
783
768
768
768
768
768
768
769
807
768
769
779
768
768
769
768
768
768
768
795
768
768
780
773
769
769
784
769
768
769
778
768
768
810
769
769
768
768
769
768
768
780
768
769
784
769
770
769
768
769
768
768
778
768
768
819
768
770
768
769
770
768
769
778
769
768
781
768
769
780
769
769
770
768
768
768
769
779
768
775
788
770
768
769
768
777
768
768
789
768
768
778
775
768
768
768
791
768
768
778
768
769
779
770
768
769
769
768
768
769
795
768
768
781
768
773
770
768
783
769
769
776
768
768
778
768
768
768
768
768
768
775
797
768
768
769
768
768
768
768
778
784
768
792
769
768
778
768
775
772
768
791
784
768
778
769
768
768
768
768
768
771
773
807
768
768
768
773
817
771
769
819
768
772
769
769
776
769
769
787
768
769
777
768
769
769
769
768
769
768
768
768
768
774
768
769
794
768
768
778
769
769
768
768
769
769
768
768
772
769
774
768
768
793
768
769
768
768
771
768
768
768
769
768
807
768
776
777
769
769
794
769
768
768
770
768
769
768
778
769
769
794
771
772
768
769
769
769
769
774
768
796
795
769
772
769
769
769
771
769
778
769
769
794
769
768
783
768
769
768
768
768
768
768
769
769
769
775
772
769
778
768
770
769
768
769
769
769
769
769
769
776
768
769
811
769
768
781
768
770
769
770
769
768
768
769
768
768
784
768
769
782
768
772
769
770
768
768
768
769
768
768
776
770
768
804
768
768
776
769
768
768
768
769
769
770
768
768
768
781
769
769
768
769
769
768
769
804
770
768
783
769
768
769
769
768
768
768
769
768
769
779
768
768
780
768
768
769
768
768
768
776
774
768
768
784
768
768
768
775
794
773
783
774
773
808
768
768
780
768
778
768
769
768
769
773
774
769
800
769
768
768
768
768
768
768
776
768
770
780
769
768
779
769
774
768
768
768
768
768
776
768
768
768
769
769
768
769
777
769
768
787
769
769
768
768
768
772
768
769
774
768
775
768
768
776
768
769
769
769
768
769
769
793
768
768
777
769
769
779
786
780
769
770
802
768
768
768
768
790
769
777
777
768
768
785
768
769
768
768
770
768
768
772
768
769
777
768
769
789
769
769
780
769
768
771
769
768
769
769
769
769
769
778
770
768
794
774
768
768
768
768
770
768
768
769
768
789
772
768
781
768
768
768
769
778
768
768
791
769
768
769
768
768
768
768
792
769
768
779
769
772
769
769
770
768
768
769
769
769
776
768
769
776
769
768
795
768
768
769
768
768
768
768
777
768
769
769
770
833
768
768
777
768
768
769
769
779
768
768
777
768
774
769
769
768
768
768
770
769
768
795
769
768
781
768
769
797
769
768
769
768
769
768
768
774
768
768
782
768
768
771
769
768
769
768
777
768
768
782
768
769
769
768
770
768
769
797
768
769
782
769
768
789
770
805
773
768
769
768
768
768
768
778
770
770
768
770
769
768
768
793
768
768
779
771
774
768
768
768
768
768
774
768
768
778
768
768
768
768
777
769
768
776
769
768
785
768
768
787
768
768
768
768
793
768
769
781
768
768
769
772
768
768
783
781
768
768
784
769
769
768
773
768
768
768
800
769
768
785
768
771
779
769
772
769
769
768
768
770
787
768
768
795
768
768
779
769
769
768
768
789
768
768
777
769
784
771
768
768
769
768
793
769
768
782
769
768
770
768
768
770
768
774
768
768
809
769
769
768
779
768
771
782
768
768
827
768
768
768
771
777
769
774
788
768
768
768
768
768
768
768
802
768
768
784
770
769
768
768
777
769
769
780
769
769
776
769
768
786
768
769
768
769
768
789
768
796
772
769
768
769
816
769
769
779
768
768
770
776
777
768
768
792
769
768
780
768
769
769
770
777
769
768
776
768
768
789
769
769
769
769
775
768
768
776
769
769
793
768
768
778
769
769
799
769
769
768
770
768
768
768
769
769
768
776
770
769
792
768
768
777
768
769
769
768
768
773
768
777
768
768
798
768
768
768
768
768
769
768
776
769
768
775
769
768
791
769
768
768
769
769
768
768
786
769
769
782
768
768
794
769
775
768
768
770
769
768
791
768
768
780
769
769
782
768
768
789
768
769
768
768
769
769
769
769
770
768
802
769
768
776
768
768
769
768
768
769
771
768
768
769
775
768
768
790
770
768
776
775
769
768
768
769
768
768
773
768
769
774
769
775
797
769
769
779
768
769
768
769
769
770
769
815
769
768
780
768
769
776
768
768
768
768
769
769
768
783
768
768
789
768
768
777
769
771
775
769
768
768
768
790
769
773
778
769
768
795
769
768
768
772
768
768
768
791
768
769
779
774
768
769
768
769
768
769
769
769
768
778
768
775
795
769
768
770
768
768
768
768
769
769
768
806
770
769
777
769
768
768
768
769
768
768
770
769
768
777
769
768
801
768
768
769
773
768
769
768
791
768
768
768
769
768
768
769
770
775
769
792
768
768
777
769
771
769
769
768
768
774
792
768
768
778
768
769
789
768
768
769
771
768
768
768
777
769
768
795
770
769
768
769
775
769
768
778
770
769
791
768
768
782
769
771
770
769
768
769
768
777
768
768
796
768
768
772
768
769
769
768
779
768
768
814
768
768
769
776
791
768
769
776
781
769
768
769
770
769
775
779
768
773
768
769
771
768
769
786
774
769
768
768
768
802
768
781
768
768
780
768
769
768
769
769
768
768
778
768
769
778
768
768
784
769
768
788
784
768
768
769
768
769
769
769
770
768
782
768
784
779
769
768
815
768
768
768
769
768
768
768
782
769
769
778
768
768
768
774
780
768
768
790
768
769
780
768
768
769
770
780
768
768
823
768
770
768
768
769
768
768
774
773
771
768
768
768
768
768
776
769
768
779
769
768
768
785
769
769
768
778
768
768
801
768
768
769
768
769
769
768
788
768
768
784
769
768
768
769
778
768
769
794
768
768
778
772
769
768
769
769
769
768
778
768
768
780
773
770
768
