897
911
912
897
897
896
926
897
907
902
899
897
897
922
897
896
897
899
908
896
904
902
897
908
898
897
897
898
914
897
899
897
897
925
896
896
897
897
905
898
897
899
897
911
896
896
898
897
916
897
897
908
897
910
896
897
897
897
905
897
897
908
902
908
897
897
912
897
899
897
897
916
899
897
897
897
903
896
896
897
897
906
899
897
897
897
910
897
897
897
899
903
897
903
897
897
906
904
897
896
896
904
897
897
897
897
907
896
896
897
897
918
897
897
938
897
919
897
897
897
897
905
897
897
897
897
924
897
897
897
897
923
896
897
906
904
939
897
898
906
897
899
897
897
906
897
903
897
900
917
897
897
897
897
1182
896
905
897
897
920
897
929
897
897
897
897
915
897
897
908
898
923
897
896
897
897
916
903
897
900
909
898
899
897
897
913
897
897
935
896
907
934
896
903
903
936
897
932
902
897
906
938
937
911
940
903
914
905
920
902
913
927
905
941
913
901
900
919
927
910
916
906
919
904
905
920
902
925
919
905
901
908
925
918
917
903
913
902
897
897
896
912
897
902
897
897
905
896
896
906
897
897
897
897
903
897
897
897
896
897
899
919
905
907
896
897
916
897
906
897
897
941
900
908
905
897
905
897
931
897
897
911
901
915
896
896
897
897
913
897
897
907
897
900
897
897
911
897
897
897
897
927
897
897
908
897
897
897
897
910
897
897
897
897
910
897
897
897
897
907
897
897
933
897
897
904
897
905
897
897
897
897
920
897
897
911
904
897
897
897
903
897
897
897
897
933
897
897
897
897
925
897
897
906
897
897
897
900
911
897
897
897
897
906
897
897
907
897
903
897
898
910
897
897
897
897
912
897
897
904
897
931
898
897
910
897
897
897
897
923
897
897
897
897
912
897
897
911
897
897
899
897
944
897
897
897
956
896
897
905
897
896
897
914
897
897
905
897
897
908
904
921
896
897
897
896
917
899
897
897
898
912
897
897
908
897
897
897
896
940
901
896
897
897
1126
897
906
897
897
898
927
907
897
897
897
896
910
897
897
902
897
920
896
896
897
897
914
896
896
897
897
938
897
896
897
896
906
896
896
897
897
907
897
897
897
899
919
897
897
897
897
911
903
898
897
897
906
897
897
897
897
914
898
897
898
896
922
897
896
897
897
909
896
898
904
897
910
897
897
897
897
923
897
897
911
897
897
897
897
910
897
897
898
897
913
898
897
897
897
908
897
897
917
897
899
906
897
920
897
897
897
899
919
897
897
897
899
918
897
897
897
897
906
897
897
897
908
905
897
897
908
897
897
898
897
905
897
901
897
897
926
899
918
897
896
907
915
922
896
897
909
903
909
897
897
897
896
907
897
897
920
897
898
896
897
915
897
897
897
897
926
897
897
897
897
928
897
897
897
897
912
897
898
898
897
922
897
899
897
897
920
903
897
904
897
904
897
897
898
898
916
897
897
908
901
919
899
897
909
897
897
896
903
924
904
897
897
897
903
897
899
897
897
917
897
903
897
897
907
897
897
923
897
897
897
898
907
897
897
897
897
927
897
898
897
897
910
897
897
897
898
915
897
897
906
897
897
904
898
929
897
897
897
897
922
898
897
897
897
906
897
897
898
897
906
897
897
897
903
910
899
897
924
897
897
897
897
916
897
903
897
897
907
897
897
899
897
905
898
897
897
897
904
897
897
924
897
897
897
896
920
897
897
897
897
906
897
898
896
896
905
900
897
905
898
897
897
897
904
897
897
897
899
907
897
897
897
897
911
897
897
907
897
906
897
899
898
897
910
900
897
953
897
912
897
897
907
897
908
897
897
920
897
906
897
904
911
897
897
901
916
897
903
927
896
897
897
897
914
904
912
897
898
905
897
897
898
905
924
897
897
923
897
897
898
897
905
897
897
897
896
906
897
897
897
897
940
897
899
898
897
918
912
897
906
897
898
897
897
913
897
897
897
913
927
897
897
897
897
897
897
898
911
897
897
897
897
909
897
897
898
897
908
897
897
897
897
916
897
897
897
906
916
898
897
897
897
921
898
897
897
904
915
897
896
898
897
906
903
897
897
897
907
897
897
922
897
897
896
896
921
897
897
897
897
920
898
897
897
897
902
897
897
897
897
916
897
898
897
897
929
897
897
897
900
907
897
922
936
913
897
937
906
901
897
897
898
937
897
897
897
897
906
897
901
924
898
897
931
897
924
897
897
897
897
920
897
897
897
897
912
897
896
897
897
931
897
897
898
913
910
897
897
923
897
897
898
897
907
897
896
897
896
911
897
897
904
897
915
896
915
897
897
905
897
897
897
900
917
897
897
924
897
897
897
899
904
896
897
897
897
927
899
897
896
897
917
896
899
897
898
906
912
897
897
897
905
899
897
897
897
922
896
897
897
897
917
896
897
905
896
926
897
911
897
897
897
897
897
906
897
897
897
897
903
897
897
897
896
916
898
897
897
896
939
897
897
897
897
909
896
907
897
897
925
896
897
897
899
918
897
899
913
897
936
913
900
905
897
897
896
896
910
899
897
897
897
906
897
897
897
897
905
896
897
897
914
902
897
897
897
897
902
897
897
899
897
917
897
897
898
897
905
898
897
897
897
923
897
897
899
897
920
897
897
897
896
923
897
897
898
896
920
897
901
897
897
907
913
897
920
897
897
897
897
909
897
897
897
916
917
897
897
897
897
907
898
897
897
897
908
897
896
897
896
909
906
897
897
897
924
897
897
897
897
908
897
898
920
896
927
897
897
897
897
909
897
901
897
897
908
897
897
897
896
908
897
899
897
897
907
914
897
922
897
907
897
896
922
896
917
897
897
910
897
897
896
897
922
897
897
897
914
923
897
897
1085
897
897
906
917
896
931
897
897
906
897
897
896
897
897
896
908
897
897
909
897
922
896
906
906
897
897
898
897
907
896
896
897
897
904
896
897
911
897
923
897
897
897
897
941
897
898
897
897
917
897
897
897
897
912
897
897
897
897
923
896
898
897
897
915
900
897
897
897
909
896
897
897
897
905
899
897
897
896
906
897
