1025
1025
1046
1025
1035
1030
1040
1029
1025
1026
1026
1028
1025
1040
1025
1046
1025
1026
1025
1025
1026
1025
1034
1026
1025
1025
1039
1025
1025
1041
1025
1027
1026
1026
1025
1026
1050
1025
1037
1025
1025
1026
1025
1034
1027
1051
1025
1025
1041
1026
1025
1027
1035
1025
1026
1030
1025
1025
1026
1041
1026
1035
1025
1026
1025
1027
1057
1040
1040
1025
1025
1027
1026
1046
1035
1039
1025
1057
1043
1026
1025
1026
1054
1025
1038
1026
1025
1026
1026
1036
1025
1044
1025
1029
1026
1026
1034
1026
1041
1025
1026
1026
1026
1037
1026
1035
1025
1026
1026
1025
1045
1025
1043
1029
1026
1025
1025
1041
1028
1037
1026
1025
1026
1025
1035
1026
1025
1026
1026
1026
1026
1050
1028
1026
1026
1026
1026
1026
1035
1028
1026
1026
1035
1026
1025
1045
1028
1037
1026
1026
1025
1025
1027
1026
1043
1026
1035
1026
1025
1026
1025
1037
1025
1048
1026
1027
1026
1026
1044
1025
1026
1030
1025
1047
1025
1083
1025
1052
1026
1036
1025
1035
1025
1026
1027
1048
1026
1026
1036
1025
1050
1027
1027
1031
1025
1059
1025
1038
1026
1025
1025
1025
1038
1025
1048
1026
1025
1028
1025
1037
1027
1047
1026
1025
1025
1026
1052
1030
1037
1049
1074
1025
1049
1045
1041
1065
1025
1032
1033
1034
1030
1046
1033
1042
1053
1063
1051
1049
1031
1041
1031
1032
1034
1037
1033
1031
1048
1043
1052
1030
1068
1029
1044
1039
1043
1044
1058
1032
1046
1029
1032
1032
1035
1035
1029
1035
1030
1045
1031
1054
1031
1039
1033
1064
1049
1029
1029
1031
1029
1032
1034
1043
1050
1032
1048
1034
1051
1029
1037
1028
1033
1029
1031
1029
1033
1045
1033
1052
1033
1071
1047
1030
1029
1033
1029
1030
1029
1031
1047
1030
1046
1050
1058
1032
1033
1036
1033
1033
1030
1039
1050
1042
1032
1045
1032
1061
1034
1059
1063
1043
1033
1033
1035
1034
1033
1032
1037
1037
1042
1030
1051
1026
1027
1026
1026
1067
1050
1043
1030
1053
1033
1047
1051
1059
1030
1031
1032
1036
1034
1051
1031
1050
1061
1029
1051
1032
1042
1034
1044
1033
1041
1032
1030
1042
1032
1029
1030
1033
1033
1050
1030
1043
1034
1038
1031
1061
1030
1031
1034
1034
1039
1050
1029
1031
1045
1029
1041
1033
1042
1036
1044
1030
1040
1030
1033
1029
1032
1034
1027
1025
1026
1026
1050
1037
1045
1025
1035
1026
1026
1026
1025
1039
1026
1068
1025
1026
1025
1026
1026
1026
1040
1025
1034
1030
1026
1025
1035
1050
1026
1036
1031
1028
1044
1025
1034
1025
1055
1026
1028
1026
1025
1034
1046
1034
1025
1026
1025
1025
1026
1026
1037
1028
1029
1026
1025
1039
1025
1059
1028
1026
1027
1025
1045
1025
1038
1026
1025
1026
1026
1048
1026
1026
1027
1025
1026
1025
1036
1025
1055
1025
1026
1039
1026
1050
1026
1035
1025
1025
1026
1027
1035
1029
1050
1026
1025
1025
1026
1048
1025
1039
1025
1025
1026
1025
1036
1025
1031
1026
1025
1026
1039
1026
1026
1041
1026
1026
1025
1025
1035
1027
1047
1026
1026
1025
1025
1039
1026
1035
1026
1025
1026
1026
1037
1026
1048
1025
1026
1025
1025
1043
1025
1058
1026
1025
1026
1026
1038
1030
1036
1032
1025
1049
1026
1038
1025
1039
1025
1025
1026
1033
1040
1026
1041
1025
1059
1026
1027
1026
1043
1026
1025
1048
1027
1055
1032
1031
1030
1053
1030
1025
1026
1026
1048
1029
1053
1025
1041
1025
1026
1026
1025
1038
1062
1078
1025
1025
1026
1025
1026
1025
1039
1026
1026
1026
1025
1027
1025
1052
1025
1038
1026
1029
1034
1026
1036
1026
1047
1026
1027
1026
1025
1036
1029
1049
1025
1031
1025
1026
1048
1025
1025
1026
1026
1026
1026
1051
1026
1026
1026
1025
1046
1025
1038
1026
1025
1025
1025
1031
1025
1037
1026
1030
1026
1026
1026
1026
1035
1025
1026
1025
1025
1030
1025
1035
1025
1035
1025
1026
1026
1025
1079
1025
1035
1025
1026
1025
1026
1058
1026
1041
1029
1031
1025
1025
1025
1025
1035
1026
1040
1025
1025
1026
1030
1053
1025
1035
1026
1025
1040
1029
1026
1025
1044
1025
1034
1026
1025
1025
1042
1043
1025
1038
1026
1025
1026
1026
1034
1025
1025
1028
1025
1026
1026
1037
1025
1025
1027
1025
1035
1042
1034
1026
1026
1025
1026
1026
1025
1060
1029
1026
1025
1026
1041
1033
1042
1025
1040
1041
1025
1025
1026
1052
1026
1040
1026
1026
1026
1033
1025
1025
1035
1025
1052
1026
1026
1025
1043
1025
1025
1026
1047
1026
1035
1031
1026
1036
1031
1026
1025
1033
1025
1045
1034
1026
1029
1025
1025
1025
1052
1026
1030
1026
1025
1026
1026
1053
1025
1025
1026
1026
1062
1026
1039
1025
1025
1025
1026
1051
1025
1036
1030
1025
1026
1026
1047
1025
1027
1026
1026
1039
1029
1039
1026
1026
1026
1026
1035
1026
1035
1026
1036
1026
1026
1035
1025
1026
1025
1025
1040
1025
1035
1026
1026
1040
1025
1031
1026
1034
1025
1025
1028
1025
1034
1040
1034
1025
1026
1028
1025
1032
1031
1053
1030
1039
1026
1025
1026
1025
1027
1026
1038
1025
1052
1025
1027
1026
1025
1051
1033
1034
1025
1026
1026
1028
1037
1026
1051
1026
1031
1025
1027
1060
1026
1040
1025
1025
1025
1032
1026
1026
1046
1041
1026
1025
1028
1048
1025
1045
1025
1025
1028
1025
1039
1025
1041
1025
1025
1032
1026
1036
1026
1057
1026
1025
1028
1026
1046
1026
1036
1026
1041
1028
1025
1035
1025
1026
1025
1025
1026
1025
1036
1031
1035
1025
1025
1026
1029
1035
1026
1033
1026
1026
1026
1025
1033
1026
1030
1025
1026
1026
1026
1032
1026
1051
1026
1026
1026
1026
1034
1025
1048
1025
1025
1025
1026
1038
1026
1052
1025
1026
1026
1026
1103
1025
1035
1030
1025
1025
1025
1029
1033
1037
1025
1045
1033
1025
1026
1026
1035
1026
1054
1025
1026
1026
1030
1025
1025
1035
1026
1026
1026
1025
1025
1025
1047
1025
1025
1025
1026
1025
1026
1036
1026
1025
1025
1032
1026
1041
1036
1025
1036
1026
1025
1032
1026
1036
1026
1025
1025
1025
1026
1026
1044
1031
1026
1026
1026
1026
1025
1035
1025
1025
1026
1036
1025
1025
1032
1026
1046
1025
1026
1026
1033
1038
1025
1045
1026
1025
1026
1026
1037
1025
1044
1025
1025
1026
1025
1034
1026
1026
1025
1026
1026
1026
1054
1041
1026
1025
1025
1047
1025
1039
1025
1033
1026
1025
1032
1025
1035
1026
1025
1031
1026
1026
1025
1042
1025
1033
1026
1025
1025
1026
1035
1026
1044
1025
1026
1026
1026
1030
1030
1052
1025
1025
1026
1025
1047
1025
1033
1025
1030
1025
1025
1025
1025
1036
1025
1036
1026
1025
1025
1025
1038
1041
1038
1025
1026
1025
1026
1036
1026
1041
1025
1041
1025
1025
1026
1025
1054
1026
1040
1025
1041
1025
1025
1037
1025
1036
1032
1026
1026
1025
1042
1027
1046
1025
1025
1025
1033
1030
1027
1037
1025
1026
1025
1025
1026
1026
1053
1025
1026
1026
1025
1025
1026
1042
1025
1042
1025
1025
1028
1025
1032
1025
1035
1025
1025
1028
1026
1039
1025
1052
1026
1025
1026
1025
1033
1026
1060
1026
1027
1025
1026
1040
1026
1025
1026
1026
1026
1026
1052
1025
1026
1026
1028
1053
1029
1036
1025
1026
1025
1028
1037
1025
1048
1026
1030
1026
1028
1053
1026
1025
1025
1025
1035
1028
1049
1025
1026
1026
1025
1035
1025
1035
1026
1026
1030
1026
1041
1028
1025
1025
1025
1058
1026
1057
1034
1042
1025
1030
1040
1026
1026
1025
1035
1029
1039
1026
1025
1026
1025
1036
1026
1045
1025
1030
1027
1026
1055
1025
1026
1025
1025
1049
1025
1040
1026
1026
1025
1026
1054
1025
1037
1026
1025
1025
1032
1035
1027
1035
1025
1025
1027
1025
1039
1026
1039
