1154
1161
1154
1154
1154
1163
1157
1182
1154
1192
1161
1163
1187
1165
1154
1181
1154
1165
1156
1167
1154
1188
1154
1154
1156
1154
1165
1154
1182
1155
1181
1157
1167
1154
1154
1154
1154
1162
1154
1196
1154
1168
1155
1182
1154
1165
1160
1154
1154
1154
1155
1154
1175
1153
1165
1161
1177
1154
1169
1154
1155
1154
1156
1154
1161
1178
1154
1169
1155
1177
1154
1154
1154
1160
1154
1157
1168
1153
1176
1153
1180
1154
1179
1161
1205
1155
1166
1161
1166
1154
1155
1156
1153
1163
1158
1154
1154
1171
1154
1163
1155
1181
1154
1164
1155
1155
1154
1154
1154
1154
1155
1154
1167
1154
1174
1154
1164
1154
1155
1154
1154
1154
1153
1153
1154
1179
1160
1164
1154
1163
1154
1167
1154
1173
1155
1158
1154
1154
1154
1159
1154
1153
1166
1156
1165
1154
1183
1154
1163
1156
1154
1154
1153
1156
1155
1176
1155
1163
1154
1180
1154
1154
1158
1154
1154
1154
1154
1155
1176
1154
1171
1156
1178
1154
1155
1154
1154
1154
1154
1158
1179
1162
1154
1157
1165
1154
1154
1173
1173
1161
1165
1162
1158
1160
1176
1176
1162
1163
1161
1162
1180
1175
1190
1159
1178
1190
1179
1175
1177
1164
1185
1175
1196
1209
1192
1160
1207
1158
1178
1154
1180
1253
1247
1184
1177
1211
1223
1154
1192
1172
1165
1176
1160
1154
1154
1154
1162
1171
1165
1195
1194
1170
1187
1193
1160
1164
1195
1166
1220
1177
1169
1169
1165
1163
1172
1161
1162
1159
1167
1167
1160
1159
1166
1163
1178
1163
1163
1163
1160
1165
1160
1161
1179
1161
1161
1178
1198
1160
1178
1181
1178
1159
1167
1160
1161
1181
1163
1164
1164
1160
1159
1160
1160
1197
1197
1195
1166
1167
1197
1222
1173
1200
1232
1238
1157
1168
1160
1169
1155
1173
1163
1199
1168
1159
1169
1197
1176
1212
1179
1202
1181
1184
1156
1163
1161
1154
1155
1161
1167
1155
1154
1181
1156
1154
1175
1156
1187
1157
1168
1156
1160
1158
1175
1154
1165
1161
1166
1154
1173
1155
1162
1154
1154
1191
1162
1159
1153
1175
1154
1154
1172
1155
1154
1155
1154
1197
1154
1173
1166
1186
1155
1210
1164
1165
1171
1165
1154
1165
1154
1183
1157
1156
1156
1161
1154
1168
1155
1155
1174
1161
1161
1163
1182
1159
1170
1156
1168
1157
1173
1154
1181
1163
1171
1154
1166
1154
1172
1154
1163
1154
1182
1154
1177
1154
1232
1154
1170
1168
1172
1153
1154
1153
1162
1154
1154
1163
1155
1164
1156
1163
1154
1162
1155
1168
1157
1154
1154
1154
1154
1155
1166
1155
1163
1154
1176
1154
1163
1154
1154
1154
1154
1154
1154
1180
1155
1163
1154
1175
1154
1159
1154
1154
1153
1154
1165
1155
1174
1154
1167
1154
1175
1154
1157
1154
1154
1161
1154
1176
1155
1163
1154
1176
1155
1154
1154
1155
1158
1154
1154
1161
1163
1156
1178
1154
1163
1157
1155
1161
1153
1155
1154
1155
1154
1164
1172
1164
1154
1162
1154
1154
1157
1154
1154
1173
1166
1155
1185
1155
1162
1154
1154
1154
1171
1157
1154
1164
1154
1173
1154
1165
1154
1199
1154
1154
1172
1157
1155
1154
1163
1154
1180
1156
1177
1154
1169
1154
1172
1154
1162
1174
1154
1154
1154
1178
1156
1163
1154
1166
1161
1164
1155
1168
1155
1154
1154
1154
1155
1173
1185
1153
1165
1154
1181
1154
1163
1154
1174
1154
1154
1165
1181
1154
1164
1168
1180
1193
1164
1155
1170
1154
1164
1161
1154
1154
1154
1155
1154
1165
1154
1182
1154
1165
1154
1171
1154
1154
1156
1158
1154
1155
1165
1154
1181
1154
1163
1156
1180
1155
1154
1154
1154
1154
1154
1185
1156
1164
1154
1173
1154
1163
1154
1154
1154
1157
1155
1154
1154
1154
1162
1154
1165
1159
1171
1154
1163
1154
1162
1155
1154
1154
1154
1157
1154
1155
1156
1163
1154
1171
1154
1178
1159
1173
1154
1153
1155
1155
1169
1154
1183
1158
1178
1161
1168
1154
1171
1154
1165
1162
1187
1154
1206
1154
1155
1160
1154
1155
1159
1166
1154
1163
1154
1170
1153
1189
1154
1163
1154
1155
1154
1154
1154
1154
1170
1154
1167
1154
1165
1154
1164
1153
1168
1154
1154
1164
1154
1154
1159
1175
1154
1165
1154
1163
1163
1163
1154
1174
1154
1154
1157
1154
1154
1161
1154
1154
1165
1154
1166
1154
1178
1154
1173
1154
1154
1154
1154
1154
1154
1156
1154
1170
1154
1177
1154
1169
1154
1154
1154
1155
1160
1154
1173
1154
1166
1154
1173
1155
1163
1160
1154
1154
1154
1166
1157
1173
1154
1164
1160
1154
1180
1156
1165
1154
1175
1168
1193
1157
1185
1154
1153
1154
1153
1163
1158
1170
1155
1163
1154
1154
1154
1154
1155
1168
1154
1154
1166
1162
1172
1154
1165
1154
1167
1154
1176
1155
1154
1154
1155
1154
1154
1170
1156
1180
1154
1165
1154
1163
1154
1154
1154
1154
1154
1154
1154
1153
1163
1156
1169
1154
1164
1154
1154
1156
1154
1154
1154
1154
1154
1173
1155
1179
1177
1185
1154
1162
1155
1154
1159
1154
1154
1154
1182
1153
1163
1154
1180
1154
1169
1154
1154
1154
1154
1161
1154
1189
1154
1162
1154
1181
1154
1156
1154
1154
1166
1155
1168
1158
1167
1160
1165
1154
1166
1160
1179
1154
1155
1154
1153
1154
1154
1154
1154
1194
1154
1164
1156
1164
1155
1162
1154
1154
1159
1154
1169
1155
1154
1154
1162
1154
1173
1153
1165
1154
1164
1154
1163
1154
1154
1154
1154
1157
1154
1163
1154
1174
1154
1164
1156
1153
1154
1155
1155
1154
1163
1154
1176
1153
1164
1154
1175
1154
1168
1154
1154
1154
1156
1154
1154
1154
1154
1163
1157
1169
1158
1164
1159
1172
1156
1154
1154
1155
1154
1154
1165
1154
1163
1154
1163
1154
1162
1155
1161
1154
1154
1154
1154
1164
1155
1170
1154
1165
1154
1154
1154
1155
1155
1154
1399
1154
1180
1161
1167
1154
1225
1155
1171
1154
1167
1165
1179
1154
1156
1154
1154
1154
1154
1154
1166
1174
1154
1199
1153
1175
1155
1163
1153
1164
1154
1154
1170
1155
1165
1154
1165
1155
1169
1155
1168
1154
1154
1154
1153
1156
1154
1182
1154
1168
1154
1164
1154
1185
1154
1167
1156
1183
1154
1182
1154
1184
1154
1155
1154
1154
1175
1154
1154
1154
1165
1154
1164
1160
1181
1154
1165
1154
1184
1154
1154
1153
1174
1153
1154
1154
1154
1165
1157
1164
1154
1187
1154
1165
1172
1179
1154
1154
1154
1154
1160
1155
1164
1171
1177
1154
1165
1154
1181
1160
1154
1154
1170
1156
1154
1155
1154
1177
1162
1167
1154
1197
1154
1164
1154
1154
1156
1161
1154
1154
1190
1154
1165
1154
1179
1154
1171
1154
1156
1170
1154
1154
1154
1154
1156
1168
1154
1164
1169
1177
1157
1167
1153
1155
1155
1154
1155
1173
1154
1157
1184
1154
1165
1154
1182
1154
1181
1154
1155
1157
1154
1155
1154
1154
1154
1182
1154
1192
1154
1165
1157
1176
1154
1165
1154
1154
1155
1154
1154
1160
1163
1154
1164
1171
1191
1155
1164
1154
1155
1154
1156
1154
1170
1169
1155
1170
1154
1164
1154
1154
1154
1171
1154
1156
1163
1154
1175
1154
1165
1157
1183
1154
1179
1154
1154
1154
1154
1154
1154
1183
1154
1164
1154
1180
1160
1165
1154
1167
1156
1154
1154
1154
1154
1160
1180
1154
1176
1154
1177
1154
1165
1155
1160
1154
1154
1154
1154
1163
1154
1175
1155
1164
1154
1189
1154
1169
1154
1155
1171
1156
1161
1155
1158
1184
1169
1154
1154
1154
1154
1154
1164
1157
1185
1154
1173
1153
1154
1155
1154
1154
1153
1155
1155
1167
1156
1173
1154
1175
1154
1154
1156
1154
1154
1154
1174
1154
1171
1154
1184
1155
1154
1154
1153
1156
1154
1171
1154
1174
1154
1164
1154
1155
1155
1154
1161
1154
1159
1154
1164
1154
1179
1153
1166
1158
1164
1154
1155
1154
1154
1155
1154
