126
125
125
127
126
127
126
125
125
125
126
126
125
126
126
125
126
125
126
125
125
125
125
160
125
139
126
125
125
125
125
126
126
125
125
126
126
126
125
126
126
125
125
126
125
126
126
126
126
126
125
125
125
125
125
125
125
125
125
126
126
126
128
126
126
125
126
125
126
128
125
125
125
125
125
125
126
125
125
125
125
125
126
125
125
125
125
125
125
125
135
129
126
126
125
125
125
126
125
125
125
125
126
125
126
125
125
128
125
125
125
125
125
126
126
125
125
126
126
126
126
126
126
126
125
125
125
125
126
125
125
125
172
126
125
125
126
125
125
125
126
126
125
126
126
125
126
125
125
126
126
126
125
171
126
126
130
125
138
126
125
125
126
126
125
126
126
125
126
126
125
126
125
126
126
125
125
128
126
126
126
125
126
125
125
125
126
206
126
127
125
128
130
126
125
133
130
126
125
126
125
125
125
129
126
126
125
125
126
127
126
125
126
126
125
125
125
126
126
125
125
126
125
136
125
126
125
126
125
126
125
125
125
125
134
125
126
125
125
125
126
125
125
125
126
127
125
125
125
126
126
126
126
125
142
125
125
125
125
125
126
165
125
125
126
126
126
126
125
125
125
125
125
125
125
125
141
140
126
126
125
125
126
125
126
125
126
125
125
125
125
126
125
126
126
126
126
125
126
126
125
126
125
126
125
125
126
126
125
125
125
125
126
125
126
126
126
126
126
141
126
125
129
125
126
125
125
126
125
126
126
126
125
125
126
126
125
126
125
126
128
125
126
126
125
125
125
125
126
126
125
126
125
125
126
125
127
125
126
125
126
125
126
126
125
125
126
125
125
125
125
125
125
126
125
126
126
125
126
125
126
126
135
125
125
126
125
128
126
130
125
125
125
126
125
125
126
125
126
126
125
187
125
126
126
125
139
125
128
126
125
125
125
141
127
126
126
126
125
134
126
139
125
125
125
126
125
125
126
125
125
180
125
125
126
126
126
128
125
126
126
126
126
125
126
126
126
126
125
126
125
126
129
126
125
126
125
128
125
125
126
126
125
125
125
126
125
126
125
126
126
126
126
125
126
125
126
125
125
168
126
125
125
128
126
126
126
126
126
126
126
126
125
126
125
135
125
126
126
126
125
141
126
125
126
125
126
125
125
125
125
126
125
125
126
125
125
125
125
125
125
125
126
141
126
126
126
125
125
126
125
125
125
125
125
125
125
125
126
126
126
125
125
126
125
145
126
125
126
125
125
125
125
137
125
125
126
125
125
125
125
125
125
125
126
126
126
126
126
125
125
125
125
125
126
126
125
125
126
126
126
126
125
125
125
125
125
125
126
126
126
125
125
126
126
125
125
125
125
125
125
125
126
126
126
131
126
125
125
125
125
126
126
125
125
125
125
125
126
125
125
126
125
126
125
125
128
125
125
126
126
125
125
125
125
125
126
126
126
126
125
125
126
125
126
126
126
125
131
125
126
125
126
126
126
125
126
125
126
126
125
125
125
126
128
126
125
126
126
126
126
136
126
125
125
125
126
126
126
126
126
125
126
125
125
125
125
126
126
125
125
126
126
126
126
125
126
126
126
125
125
125
126
126
126
126
125
125
125
126
126
126
126
125
125
126
125
126
126
126
126
126
126
126
136
125
128
126
126
126
125
125
125
125
125
125
125
132
126
125
125
127
126
126
125
125
126
126
125
126
125
125
125
126
126
125
132
125
126
126
126
125
125
125
125
125
126
125
125
125
126
125
125
125
126
125
126
126
125
125
126
125
126
126
126
125
125
125
125
126
131
126
125
128
125
138
125
126
125
127
137
125
125
126
126
125
129
125
125
125
125
125
126
126
126
125
126
125
126
126
125
131
126
125
126
125
148
125
125
125
125
126
125
125
125
125
126
126
126
126
133
126
130
126
126
125
125
126
125
125
125
125
125
126
126
125
126
125
136
126
126
125
126
126
126
126
138
126
125
125
134
125
126
126
125
131
125
125
125
125
125
126
125
125
130
126
125
125
126
125
125
125
125
125
125
125
125
125
126
126
125
126
125
126
126
125
126
126
149
125
125
125
125
138
125
126
125
126
126
125
125
125
125
125
125
126
125
126
125
128
125
126
126
125
126
125
125
126
125
126
126
126
126
125
126
126
126
126
126
137
126
125
126
126
125
125
126
126
125
126
125
126
125
125
125
125
126
125
126
125
129
125
126
125
126
125
126
125
125
125
125
126
126
125
125
126
126
125
125
125
133
139
131
126
125
125
125
125
125
126
125
125
125
125
125
126
126
126
126
126
126
125
125
126
129
125
125
125
126
125
126
125
125
126
126
125
125
126
125
126
126
125
126
126
125
125
128
125
125
126
125
126
126
125
127
125
125
125
125
125
125
125
126
125
125
125
125
126
131
126
125
125
125
126
125
125
126
126
125
126
125
126
125
125
125
125
156
125
125
126
126
126
125
126
125
125
126
125
126
125
125
126
126
125
126
125
125
125
125
126
125
125
126
128
126
125
125
125
126
126
126
142
125
126
126
125
126
125
126
125
125
125
126
126
126
126
127
126
126
125
128
126
125
126
125
126
126
125
125
125
125
126
125
125
125
126
126
125
126
125
125
126
125
125
126
141
138
126
125
126
126
125
126
126
126
126
126
126
126
125
125
125
126
125
126
125
126
126
125
126
126
126
125
126
125
126
125
125
125
126
125
126
125
125
125
125
126
125
125
126
126
126
126
126
125
126
126
126
126
125
126
126
126
152
125
125
125
126
125
126
125
125
126
125
125
125
125
126
126
126
125
125
126
125
126
126
126
126
126
137
126
125
126
125
126
125
125
125
126
125
126
126
125
125
125
126
125
125
125
126
126
125
125
126
125
125
125
126
126
125
125
125
125
125
125
125
125
126
125
126
125
125
125
126
126
125
125
125
126
126
126
125
155
125
125
125
125
125
126
126
126
125
126
126
125
125
126
125
126
126
126
126
126
126
130
125
126
125
126
125
125
126
128
126
125
126
126
126
126
157
125
125
125
125
125
125
125
