1293
1285
1285
1283
1283
1282
1288
1285
1322
1287
1283
1283
1283
1294
1282
1291
1282
1304
1282
1293
1283
1298
1283
1294
1285
1305
1284
1292
1298
1324
1284
1291
1296
1295
1282
1293
1283
1292
1283
1292
1282
1300
1283
1296
1283
1300
1283
1292
1283
1301
1283
1292
1283
1312
1283
1295
1283
1294
1283
1308
1283
1299
1283
1303
1283
1294
1282
1310
1282
1298
1283
1305
1283
1293
1282
1305
1282
1297
1283
1302
1283
1293
1283
1305
1283
1311
1283
1304
1283
1294
1282
1293
1287
1306
1282
1296
1282
1293
1283
1292
1286
1282
1282
1283
1283
1312
1282
1283
1282
1283
1282
1283
1282
1283
1283
1282
1283
1288
1282
1283
1282
1283
1285
1282
1283
1287
1282
1283
1283
1305
1283
1292
1283
1301
1285
1293
1284
1303
1283
1292
1283
1314
1286
1283
1283
1283
1283
1283
1282
1282
1287
1285
1282
1283
1283
1292
1283
1341
1283
1283
1287
1295
1282
1285
1283
1283
1283
1284
1283
1289
1283
1283
1283
1283
1283
1288
1283
1288
1282
1288
1295
1318
1310
1283
1301
1282
1295
1287
1307
1288
1305
1282
1297
1282
1306
1284
1294
1296
1289
1282
1282
1289
1285
1284
1283
1314
1288
1293
1292
1293
1286
1314
1288
1305
1283
1294
1282
1309
1288
1296
1283
1293
1283
1316
1284
1295
1316
1300
1283
1298
1285
1326
1282
1291
1283
1308
1284
1292
1283
1305
1282
1331
1283
1293
1287
1289
1283
1303
1298
1297
1283
1304
1287
1295
1283
1301
1283
1292
1283
1305
1283
1297
1282
1301
1282
1294
1283
1301
1283
1298
1283
1302
1283
1294
1283
1300
1286
1283
1287
1283
1282
1282
1282
1282
1283
1283
1286
1283
1285
1282
1282
1283
1283
1282
1319
1286
1282
1283
1306
1283
1296
1282
1306
1286
1293
1283
1307
1283
1293
1296
1283
1283
1333
1282
1283
1283
1283
1283
1283
1282
1302
1282
1304
1285
1292
1283
1298
1282
1298
1283
1306
1283
1295
1283
1291
1284
1303
1283
1295
1282
1303
1283
1291
1283
1311
1290
1292
1283
1305
1283
1292
1283
1293
1288
1293
1282
1300
1283
1294
1283
1304
1283
1292
1283
1310
1282
1292
1282
1305
1282
1298
1283
1303
1283
1291
1283
1359
1282
1299
1311
1293
1282
1312
1282
1298
1283
1311
1285
1293
1283
1298
1282
1293
1284
1306
1289
1283
1283
1283
1283
1283
1283
1283
1289
1283
1284
1283
1282
1311
1282
1292
1283
1369
1283
1329
1282
1295
1282
1309
1283
1294
1284
1293
1282
1302
1283
1301
1283
1291
1282
1293
1282
1294
1282
1291
1289
1295
1300
1292
1283
1290
1285
1308
1283
1291
1283
1291
1285
1300
1282
1291
1282
1294
1286
1327
1283
1291
1283
1302
1282
1291
1282
1325
1283
1292
1285
1301
1283
1291
1283
1282
1286
1294
1283
1283
1283
1285
1282
1283
1303
1283
1282
1285
1282
1282
1283
1283
1282
1285
1283
1284
1283
1294
1290
1301
1283
1316
1283
1291
1291
1295
1282
1290
1283
1292
1285
1299
1283
1310
1283
1292
1283
1304
1282
1294
1283
1309
1285
1292
1282
1292
1283
1303
1283
1295
1282
1298
1283
1293
1285
1310
1283
1296
1283
1284
1283
1283
1284
1283
1283
1285
1288
1295
1282
1301
1282
1300
1282
1295
1283
1283
1283
1283
1282
1288
1283
1283
1283
1284
1283
1283
1283
1282
1283
1282
1283
1282
1282
1283
1283
1282
1289
1283
1282
1283
1284
1283
1283
1283
1294
1302
1285
1295
1283
1308
1309
1294
1287
1292
1282
1290
1283
1296
1290
1306
1284
1295
1283
1298
1285
1294
1282
1303
1283
1327
1282
1291
1283
1301
1283
1285
1283
1299
1287
1283
1283
1283
1282
1283
1283
1283
1287
1284
1283
1283
1283
1282
1283
1285
1299
1283
1282
1282
1283
1284
1283
1283
1282
1287
1283
1284
1304
1283
1292
1283
1307
1301
1293
1282
1304
1283
1292
1282
1308
1282
1297
1282
1305
1282
1294
1282
1307
1283
1311
1283
1304
1282
1292
1283
1317
1288
1303
1286
1293
1283
1301
1283
1295
1283
1282
1299
1283
1283
1282
1282
1299
1282
1300
1298
1296
1282
1304
1283
1285
1282
1283
1283
1286
1283
1283
1283
1282
1283
1282
1282
1300
1284
1283
1282
1283
1283
1283
1283
1282
1309
1283
1293
1282
1307
1282
1295
1283
1322
1283
1292
1282
1300
1283
1293
1282
1321
1294
1283
1282
1313
1295
1283
1293
1295
1297
1282
1307
1288
1296
1284
1297
1317
1312
1282
1301
1288
1304
1283
1307
1284
1306
1290
1294
1283
1294
1283
1311
1283
1299
1282
1282
1283
1292
1285
1291
1283
1292
1283
1311
1283
1283
1282
1283
1288
1282
1288
1283
1283
1283
1295
1283
1295
1283
1282
1285
1282
1287
1292
1282
1286
1282
1299
1282
1292
1283
1295
1283
1283
1282
1283
1283
1283
1283
1282
1285
1283
1294
1282
1282
1283
1282
1283
1283
1283
1283
1282
1283
1283
1282
1282
1283
1285
1292
1287
1315
1283
1293
1283
1306
1283
1293
1283
1295
1284
1288
1282
1305
1283
1295
1285
1309
1283
1291
1282
1292
1285
1302
1282
1295
1284
1303
1289
1293
1287
1305
1283
1292
1283
1302
1283
1292
1283
1304
1282
1291
1289
1301
1282
1292
1283
1291
1283
1299
1283
1296
1283
1298
1282
1291
1282
1293
1283
1290
1283
1283
1283
1284
1283
1283
1283
1282
1283
1285
1283
1282
1283
1283
1283
1282
1289
1283
1283
1283
1282
1284
1292
1282
1294
1282
1306
1283
1292
1282
1305
1282
1292
1290
1309
1282
1292
1284
1303
1282
1296
1285
1306
1282
1294
1282
1302
1283
1295
1283
1311
1283
1293
1283
1283
1283
1284
1283
1284
1283
1283
1283
1284
1283
1282
1282
1283
1287
1284
1283
1283
1302
1282
1316
1284
1286
1283
1282
1283
1286
1282
1303
1283
1282
1283
1284
1283
1283
1283
1283
1283
1283
1288
1282
1288
1316
1282
1283
1283
1283
1290
1283
1283
1298
1282
1283
1282
1294
1282
1292
1283
1297
1298
1292
1283
1308
1283
1301
1282
1307
1298
1292
1283
1292
1282
1291
1283
1307
1283
1293
1283
1303
1284
1292
1290
1307
1283
1309
1283
1302
1282
1292
1290
1291
1284
1322
1283
1295
1283
1293
1283
1296
1283
1288
1282
1306
1282
1297
1283
1314
1282
1292
1298
1292
1283
1303
1282
1300
1282
1304
1282
1292
1283
1293
1282
1306
1283
1298
1283
1318
1282
1292
1282
1309
1285
1294
1283
1324
1283
1291
1284
1304
1285
1292
1282
1303
1284
1295
1283
1305
1283
1296
1284
1308
1298
1290
1282
1306
1284
1295
1282
1290
1298
1293
1283
1301
1283
1294
1283
1303
1284
1291
1282
1296
1282
1309
1287
1297
1282
1319
1283
1294
1282
1309
1287
1292
1283
1320
1282
1292
1283
1303
1283
1292
1282
1303
1283
1294
1282
1303
1283
1297
1282
1304
1300
1293
1283
1307
1282
1295
1283
1300
1282
1283
1282
1283
1284
1283
1283
1283
1282
1299
1283
1283
1283
1282
1286
1283
1284
1299
1282
1283
1282
1283
1285
1282
1282
1283
1283
1283
1283
1283
1283
1286
1283
1284
1299
1282
1283
1283
1283
1288
1283
1282
1299
1283
1283
1284
1283
1283
1282
1283
1283
1284
1283
1283
1283
1283
1287
1283
1283
1299
1282
1282
1632
1283
1287
1284
1283
1364
1301
1292
1282
1302
1287
1292
1283
1346
1283
1292
1282
1294
1283
1292
1283
1296
1283
1304
1283
1292
1283
1301
1282
1296
1283
1316
1283
1292
1283
1304
1283
1293
1283
1294
1283
1290
1282
1282
1285
1295
1283
1284
1283
1283
1288
1282
1292
1283
1283
1292
1282
1298
1282
1291
1285
1291
1283
1300
1283
1282
1283
1282
1283
1285
1282
1283
1284
1283
1292
1283
1282
1285
1283
1282
1302
1283
1300
1283
1305
1283
1295
1283
1343
1282
1293
1283
1304
1283
1296
1283
1304
1283
1293
1282
1305
1283
1292
1349
1305
1282
1293
1282
1303
1283
1295
1287
1305
1283
1293
1283
1283
1283
1282
1282
1283
1283
1282
1284
1283
