1411
1442
1411
1420
1424
1453
1413
1421
1412
1412
1411
1426
1438
1411
1422
1411
1428
1413
1421
1419
1425
1411
1411
1413
1411
1411
1411
1433
1414
1424
1411
1430
1412
1422
1411
1440
1411
1427
1411
1434
1411
1412
1411
1416
1411
1411
1433
1411
1420
1412
1433
1415
1425
1412
1433
1411
1421
1411
1429
1416
1412
1414
1412
1412
1411
1421
1411
1436
1411
1422
1411
1431
1411
1421
1411
1437
1411
1453
1411
1411
1411
1411
1412
1412
1422
1411
1437
1412
1421
1412
1447
1411
1423
1411
1413
1411
1411
1422
1416
1433
1411
1421
1411
1433
1411
1423
1416
1412
1412
1411
1413
1411
1423
1412
1435
1412
1424
1416
1431
1413
1411
1417
1411
1422
1411
1432
1414
1424
1412
1434
1411
1422
1414
1411
1411
1412
1411
1417
1421
1422
1421
1412
1421
1418
1423
1411
1411
1411
1413
1420
1411
1427
1416
1423
1411
1430
1411
1423
1412
1433
1415
1411
1412
1412
1412
1411
1411
1412
1424
1412
1433
1412
1425
1411
1429
1411
1425
1411
1434
1411
1412
1411
1419
1421
1411
1465
1411
1462
1411
1424
1441
1415
1411
1413
1412
1411
1429
1412
1430
1413
1430
1411
1425
1411
1421
1427
1415
1411
1411
1414
1411
1420
1413
1451
1415
1423
1411
1434
1411
1423
1413
1452
1415
1425
1412
1411
1414
1411
1412
1428
1416
1414
1436
1411
1422
1411
1432
1430
1427
1412
1437
1411
1425
1411
1445
1429
1426
1411
1413
1411
1411
1411
1411
1427
1415
1447
1411
1439
1411
1432
1413
1447
1415
1427
1411
1422
1411
1411
1411
1427
1416
1411
1423
1412
1433
1411
1422
1428
1437
1412
1423
1414
1435
1411
1423
1428
1414
1411
1421
1457
1411
1423
1414
1419
1411
1420
1411
1429
1411
1411
1411
1423
1411
1413
1420
1411
1436
1411
1424
1417
1426
1412
1419
1411
1426
1411
1412
1418
1411
1413
1411
1420
1411
1449
1411
1429
1411
1430
1411
1421
1413
1411
1412
1411
1411
1411
1422
1411
1430
1411
1423
1413
1430
1411
1421
1411
1444
1411
1420
1411
1411
1421
1413
1436
1411
1423
1415
1430
1411
1422
1411
1412
1412
1413
1415
1411
1422
1411
1431
1411
1425
1411
1431
1411
1421
1411
1411
1411
1412
1413
1411
1421
1411
1430
1411
1463
1411
1433
1411
1423
1412
1412
1411
1411
1445
1421
1428
1418
1422
1411
1420
1412
1413
1411
1411
1420
1413
1411
1413
1411
1411
1420
1414
1477
1418
1423
1411
1424
1411
1411
1411
1412
1453
1411
1429
1411
1420
1411
1427
1411
1438
1411
1411
1411
1412
1411
1411
1437
1411
1425
1412
1420
1411
1430
1411
1440
1412
1434
1420
1420
1412
1412
1411
1417
1432
1411
1423
1411
1421
1411
1431
1432
1422
1414
1412
1411
1412
1412
1411
1432
1411
1422
1411
1428
1412
1423
1411
1441
1412
1429
1411
1420
1411
1432
1411
1427
1411
1411
1411
1411
1411
1411
1416
1414
1434
1411
1420
1411
1439
1411
1419
1413
1441
1411
1423
1412
1412
1412
1411
1413
1411
1426
1413
1425
1411
1419
1436
1442
1411
1420
1411
1412
1411
1413
1432
1411
1438
1412
1435
1411
1418
1412
1443
1412
1430
1411
1418
1411
1436
1413
1440
1411
1411
1411
1411
1413
1411
1412
1432
1420
1412
1428
1411
1436
1411
1419
1432
1431
1417
1415
1435
1419
1447
1440
1423
1423
1426
1449
1411
1411
1411
1448
1411
1422
1411
1435
1411
1420
1411
1455
1411
1411
1417
1441
1421
1422
1411
1438
1411
1421
1422
1412
1412
1411
1427
1413
1421
1445
1427
1411
1424
1412
1419
1413
1440
1427
1413
1411
1412
1413
1411
1421
1411
1422
1413
1421
1411
1431
1411
1415
1416
1419
1411
1419
1421
1411
1436
1417
1422
1418
1431
1411
1411
1411
1411
1411
1414
1435
1412
1421
1411
1436
1417
1422
1412
1429
1411
1412
1412
1411
1411
1411
1413
1411
1418
1412
1420
1412
1431
1411
1423
1411
1439
1412
1422
1412
1436
1411
1422
1412
1412
1412
1416
1422
1413
1433
1417
1422
1411
1435
1411
1422
1411
1411
1418
1417
1416
1411
1424
1411
1420
1411
1430
1411
1421
1412
1413
1412
1412
1412
1411
1421
1411
1432
1411
1420
1411
1431
1412
1429
1412
1411
1413
1411
1411
1419
1428
1411
1421
1411
1420
1411
1432
1419
1424
1411
1429
1411
1421
1411
1412
1418
1411
1411
1411
1420
1411
1420
1412
1438
1413
1423
1411
1428
1411
1421
1411
1416
1411
1411
1411
1412
1432
1411
1421
1411
1434
1411
1424
1411
1430
1411
1424
1411
1412
1411
1412
1412
1412
1430
1434
1422
1421
1422
1411
1430
1411
1411
1411
1411
1423
1420
1423
1444
1435
1412
1424
1411
1411
1411
1411
1422
1411
1428
1411
1425
1411
1431
1417
1422
1412
1411
1411
1416
1421
1411
1436
1411
1421
1411
1423
1416
1421
1411
1435
1411
1419
1411
1421
1417
1411
1411
1411
1411
1416
1420
1411
1429
1411
1425
1411
1437
1411
1420
1412
1411
1412
1413
1412
1411
1417
1411
1432
1411
1422
1411
1419
1412
1432
1411
1423
1411
1419
1411
1411
1411
1411
1411
1416
1420
1410
1420
1417
1436
1412
1424
1415
1430
1412
1422
1411
1412
1416
1411
1416
1411
1419
1412
1420
1411
1420
1411
1439
1412
1419
1411
1420
1411
1429
1412
1417
1412
1412
1412
1411
1422
1411
1433
1420
1424
1411
1419
1412
1423
1438
1419
1424
1411
1427
1411
1430
1411
1422
1418
1412
1411
1450
1414
1411
1434
1411
1424
1413
1432
1411
1420
1412
1432
1414
1411
1411
1411
1412
1413
1412
1410
1411
1411
1422
1414
1430
1411
1424
1411
1432
1413
1421
1411
1431
1411
1417
1412
1418
1411
1411
1428
1411
1422
1411
1430
1413
1428
1411
1429
1411
1424
1411
1412
1412
1411
1423
1411
1420
1411
1431
1411
1424
1411
1435
1412
1421
1412
1411
1411
1411
1411
1412
1421
1412
1434
1411
1421
1411
1425
1411
1432
1411
1423
1411
1411
1411
1411
1412
1411
1421
1411
1433
1414
1426
1411
1433
1411
1422
1411
1431
1414
1412
1411
1412
1412
1411
1431
1412
1427
1411
1431
1411
1421
1411
1429
1412
1427
1411
1411
1412
1412
1411
1411
1424
1413
1432
1411
1422
1411
1429
1411
1423
1412
1433
1412
1411
1411
1411
1423
1413
1432
1411
1422
1411
1434
1411
1425
1418
1411
1411
1414
1412
1411
1423
1411
1426
1411
1433
1412
1423
1411
1431
1412
1424
1411
1411
1414
1411
1424
1411
1431
1413
1421
1411
1448
1411
1424
1414
1411
1412
1412
1411
1417
1421
1411
1423
1415
1422
1411
1420
1411
1422
1411
1432
1412
1422
1411
1426
1411
1417
1425
1411
1437
1411
1422
1428
1438
1411
1420
1411
1443
1412
1411
1427
1411
1411
1622
1421
1420
1441
1411
1470
1411
1435
1446
1411
1417
1411
1452
1411
1421
1411
1423
1419
1423
1411
1426
1413
1411
1411
1411
1412
1411
1412
1412
1420
1411
1430
1413
1437
1411
1420
1412
1432
1411
1422
1411
1433
1411
1413
1412
1411
1411
1412
1412
1412
1423
1411
1430
1411
1423
1412
1439
1412
1423
1411
1431
1411
1421
1411
1411
1415
1412
1412
1413
1420
1411
1434
1411
1422
1411
1429
1412
1421
1411
1449
1411
1420
1413
1411
1412
1412
1412
1412
1411
1411
1438
1411
1422
1411
1424
1411
1431
1412
1413
1412
1411
1412
1412
1421
1415
1441
1411
1422
1412
1436
1411
1422
1414
1437
1412
1414
1411
1411
1412
1411
1417
1411
1434
1412
1425
1411
1433
1411
1424
1411
1433
1413
1425
1411
1429
1411
1415
1412
1483
1424
1411
1434
1413
1422
1411
1432
1411
1413
1411
1411
1417
1414
1430
1413
1425
1411
1430
1411
1424
1414
1430
1417
1426
1412
1413
1411
1411
1414
1411
1426
1412
1430
1411
1421
1412
1436
1411
1425
1412
1411
1413
1412
1412
1411
1434
1412
1422
1410
1433
1411
1422
1413
1411
1412
1411
1411
1413
1411
1414
1425
1412
1435
1418
1421
1411
1429
