1539
1539
1560
1540
1575
1539
1567
1540
1540
1551
1540
1566
1540
1540
1558
1540
1549
1541
1552
1544
1540
1551
1540
1557
1540
1550
1544
1542
1560
1539
1551
1540
1607
1544
1541
1564
1543
1552
1552
1540
1584
1540
1568
1540
1550
1540
1540
1541
1547
1548
1539
1559
1541
1540
1548
1553
1561
1541
1552
1540
1540
1549
1545
1550
1539
1561
1540
1542
1540
1540
1550
1540
1564
1540
1540
1540
1540
1565
1539
1551
1540
1542
1540
1542
1548
1540
1549
1540
1562
1539
1540
1545
1540
1550
1540
1557
1540
1540
1565
1545
1548
1540
1551
1541
1563
1539
1540
1550
1540
1546
1539
1571
1539
1540
1561
1540
1550
1540
1548
1541
1540
1557
1539
1562
1540
1555
1540
1540
1540
1542
1558
1540
1550
1539
1541
1539
1555
1550
1540
1556
1540
1540
1540
1546
1558
1540
1556
1540
1540
1542
1542
1549
1540
1560
1541
1540
1540
1540
1554
1541
1559
1540
1540
1543
1539
1552
1539
1550
1540
1547
1549
1540
1566
1540
1550
1542
1540
1539
1540
1549
1539
1549
1542
1552
1564
1540
1558
1540
1565
1548
1540
1549
1539
1549
1540
1549
1573
1540
1549
1540
1548
1540
1558
1540
1547
1548
1540
1574
1542
1548
1539
1540
1540
1540
1547
1540
1556
1540
1551
1541
1540
1559
1540
1548
1543
1548
1541
1564
1540
1543
1548
1540
1559
1540
1553
1540
1564
1540
1540
1546
1540
1548
1540
1564
1540
1551
1540
1540
1557
1540
1553
1540
1565
1540
1549
1542
1540
1551
1540
1559
1540
1594
1543
1540
1546
1540
1548
1540
1562
1540
1540
1556
1540
1548
1540
1561
1540
1540
1543
1540
1549
1540
1549
1540
1560
1540
1554
1539
1540
1557
1544
1551
1540
1570
1539
1540
1560
1540
1546
1540
1554
1540
1546
1553
1539
1549
1546
1573
1545
1540
1554
1540
1549
1540
1564
1544
1549
1541
1540
1548
1539
1563
1546
1577
1540
1540
1554
1540
1551
1540
1565
1540
1546
1551
1540
1550
1540
1583
1540
1540
1553
1540
1549
1540
1556
1539
1540
1561
1540
1550
1540
1559
1544
1540
1539
1540
1549
1540
1559
1544
1554
1540
1540
1549
1539
1559
1540
1554
1539
1539
1548
1539
1559
1540
1556
1540
1540
1540
1540
1570
1539
1559
1546
1539
1549
1539
1549
1540
1584
1540
1540
1550
1541
1548
1540
1581
1542
1540
1552
1540
1549
1539
1552
1544
1541
1549
1540
1539
1540
1565
1540
1564
1540
1561
1539
1540
1550
1540
1551
1549
1552
1540
1539
1547
1540
1548
1540
1561
1543
1540
1556
1539
1549
1540
1564
1544
1539
1539
1539
1546
1540
1566
1540
1540
1539
1540
1547
1540
1560
1539
1555
1540
1540
1553
1539
1549
1540
1553
1539
1540
1566
1540
1564
1540
1548
1540
1540
1540
1540
1550
1539
1560
1545
1549
1540
1540
1560
1540
1551
1545
1569
1540
1540
1540
1540
1560
1540
1554
1540
1540
1540
1540
1545
1539
1568
1540
1551
1540
1539
1545
1539
1559
1540
1549
1540
1540
1545
1546
1558
1540
1550
1539
1540
1548
1540
1547
1554
1556
1542
1540
1552
1540
1551
1547
1551
1540
1539
1548
1540
1556
1540
1547
1542
1540
1540
1540
1560
1540
1569
1540
1554
1539
1540
1554
1540
1551
1544
1551
1540
1540
1555
1540
1562
1544
1553
1540
1539
1552
1540
1550
1541
1562
1539
1542
1540
1539
1550
1540
1550
1539
1540
1539
1539
1554
1539
1555
1540
1540
1540
1540
1546
1568
1539
1548
1554
1540
1542
1569
1559
1539
1590
1540
1540
1555
1540
1558
1540
1541
1540
1540
1554
1539
1552
1539
1552
1539
1546
1544
1540
1549
1540
1561
1539
1540
1549
1539
1549
1542
1540
1540
1539
1550
1540
1550
1542
1540
1540
1539
1552
1545
1549
1540
1559
1540
1540
1554
1540
1548
1540
1549
1540
1559
1540
1540
1553
1540
1549
1539
1560
1540
1540
1540
1540
1549
1544
1561
1539
1540
1540
1539
1558
1544
1551
1540
1560
1540
1540
1562
1541
1552
1539
1559
1540
1540
1558
1540
1554
1540
1558
1540
1540
1558
1539
1557
1540
1559
1540
1540
1559
1540
1550
1540
1561
1540
1540
1558
1540
1550
1543
1561
1540
1540
1540
1540
1550
1543
1561
1539
1540
1540
1540
1550
1541
1559
1540
1540
1540
1539
1550
1540
1561
1540
1540
1540
1540
1549
1540
1561
1539
1549
1540
1540
1547
1540
1557
1540
1550
1540
1540
1540
1540
1563
1543
1551
1540
1540
1539
1539
1573
1542
1564
1540
1562
1540
1540
1557
1541
1551
1540
1560
1540
1540
1540
1540
1563
1540
1555
1540
1540
1539
1539
1566
1540
1553
1540
1560
1540
1540
1553
1540
1541
1562
1540
1566
1541
1549
1540
1574
1548
1540
1549
1540
1554
1540
1539
1554
1540
1548
1540
1558
1540
1549
1556
1540
1565
1539
1557
1543
1540
1568
1539
1551
1560
1566
1542
1540
1558
1539
1551
1542
1561
1546
1540
1557
1542
1553
1539
1559
1546
1540
1540
1555
1548
1540
1553
1540
1549
1539
1540
1549
1539
1551
1540
1552
1540
1540
1568
1540
1548
1539
1551
1540
1540
1555
1540
1565
1539
1549
1540
1571
1542
1540
1566
1539
1550
1542
1565
1539
1557
1559
1542
1551
1540
1564
1540
1557
1559
1540
1551
1540
1562
1540
1539
1557
1540
1551
1540
1565
1541
1540
1573
1541
1551
1540
1565
1539
1540
1555
1540
1560
1540
1557
1541
1563
1539
1539
1551
1539
1565
1541
1552
1541
1556
1560
1540
1554
1540
1551
1540
1539
1540
1542
1555
1540
1557
1540
1560
1541
1540
1547
1540
1559
1540
1549
1540
1561
1546
1542
1548
1543
1563
1540
1551
1540
1539
1540
1544
1564
1540
1549
1540
1558
1539
1540
1543
1540
1549
1541
1549
1540
1549
1544
1540
1542
1540
1559
1539
1550
1542
1569
1540
1540
1557
1540
1549
1540
1570
1540
1540
1540
1540
1549
1539
1560
1541
1559
1539
1540
1557
1542
1553
1551
1550
1540
1542
1549
1540
1559
1544
1553
1540
1540
1541
1540
1561
1540
1551
1540
1559
1542
1540
1560
1540
1554
1542
1558
1540
1539
1540
1540
1553
1540
1559
1539
1548
1540
1559
1550
1548
1560
1542
1541
1552
1540
1554
1545
1549
1540
1543
1563
1547
1550
1549
1558
1540
1542
1553
1540
1549
1540
1566
1540
1540
1540
1540
1550
1540
1565
1540
1549
1540
1540
1548
1540
1562
1540
1549
1540
1540
1547
1540
1560
1540
1549
1540
1540
1542
1540
1547
1544
1559
1543
1553
1539
1539
1548
1547
1559
1540
1552
1542
1542
1559
1540
1561
1540
1553
1540
1540
1540
1540
1566
1540
1552
1540
1556
1540
1543
1559
1540
1553
1540
1560
1541
1549
1540
1544
1565
1541
1550
1540
1557
1542
1549
1540
1540
1548
1539
1548
1540
1554
1547
1540
1555
1540
1549
1540
1547
1542
1540
1539
1540
1559
1542
1548
1540
1556
1540
1542
1552
1539
1558
1539
1553
1540
1568
1544
1540
1551
1540
1554
1540
1540
1539
1540
1551
1540
1580
1540
1540
1540
1539
1548
1539
1550
1551
1540
1540
1555
1562
1539
1550
1543
1540
1542
1555
1556
1540
1548
1541
1540
1539
1539
1553
1541
1553
1539
1565
1540
1541
1573
1540
1553
1539
1567
1540
1540
1572
1540
1553
1540
1559
1540
1540
1557
1540
1552
1539
1559
1548
1540
1540
1555
1560
1540
1552
1546
1560
1540
1556
1564
1540
1552
1540
1563
1542
1540
1551
1540
1558
1541
1556
1539
1540
1557
1541
1559
1540
1569
1543
1542
1623
1540
1550
1587
1544
1540
1540
1567
1539
1553
1540
1550
1545
1540
1553
1539
1553
1540
1559
1546
1540
1554
1555
1553
1542
1551
1542
1540
1566
1556
1552
1540
1560
1540
1556
1541
1540
1565
1540
1561
1542
1558
1540
1540
1565
1541
1559
1540
1550
1544
1563
1540
1608
1561
1539
1551
1544
1564
1540
1555
1553
1540
1559
1546
1555
1539
1557
1558
1540
1551
1540
1571
1540
1540
1539
1539
1550
1539
1570
1540
1551
1555
1540
1549
1540
1564
