1683
1668
1679
1668
1676
1711
1669
1678
1681
1670
1680
1668
1669
1679
1672
1683
1668
1669
1678
1669
1714
1673
1668
1681
1668
1685
1677
1668
1685
1669
1679
1691
1673
1677
1669
1689
1669
1668
1690
1668
1680
1668
1673
1679
1668
1690
1669
1668
1683
1676
1680
1668
1669
1679
1669
1687
1673
1669
1690
1669
1679
1669
1668
1686
1668
1688
1668
1668
1703
1668
1680
1669
1677
1679
1669
1668
1686
1670
1681
1668
1668
1688
1670
1681
1668
1669
1681
1670
1683
1668
1672
1677
1671
1691
1668
1668
1719
1671
1678
1670
1668
1683
1668
1685
1672
1668
1677
1668
1681
1669
1669
1697
1668
1709
1669
1669
1678
1668
1701
1669
1669
1690
1669
1678
1669
1672
1679
1669
1679
1668
1685
1670
1672
1686
1669
1681
1669
1668
1686
1672
1679
1669
1669
1678
1668
1687
1672
1669
1699
1668
1680
1669
1668
1681
1668
1692
1669
1668
1687
1669
1684
1669
1669
1677
1669
1678
1669
1692
1683
1669
1687
1669
1678
1668
1672
1695
1670
1680
1669
1679
1669
1669
1683
1681
1687
1671
1669
1676
1669
1683
1671
1668
1693
1669
1679
1671
1672
1682
1669
1669
1677
1669
1683
1669
1680
1689
1668
1677
1668
1690
1679
1668
1683
1668
1683
1669
1669
1680
1668
1690
1668
1669
1685
1668
1684
1668
1669
1680
1669
1679
1669
1669
1687
1668
1682
1668
1668
1680
1669
1675
1668
1668
1691
1671
1681
1690
1668
1683
1670
1669
1678
1671
1686
1671
1669
1686
1668
1679
1673
1669
1681
1668
1687
1668
1680
1690
1668
1684
1668
1669
1677
1669
1682
1668
1762
1676
1669
1687
1668
1672
1683
1668
1692
1669
1669
1677
1673
1692
1668
1669
1677
1669
1692
1671
1669
1691
1670
1680
1669
1669
1686
1671
1686
1668
1669
1688
1670
1686
1668
1669
1677
1671
1685
1669
1682
1686
1669
1678
1668
1686
1668
1671
1678
1669
1685
1669
1668
1679
1672
1691
1671
1668
1687
1668
1680
1672
1669
1676
1668
1676
1671
1689
1671
1668
1684
1671
1677
1669
1668
1680
1671
1687
1668
1668
1688
1671
1678
1669
1668
1676
1670
1713
1669
1681
1677
1668
1686
1668
1668
1698
1671
1680
1668
1668
1690
1668
1682
1690
1669
1679
1669
1680
1691
1668
1678
1668
1669
1689
1669
1678
1677
1668
1676
1670
1692
1668
1668
1695
1670
1679
1669
1669
1677
1671
1688
1668
1669
1677
1668
1677
1668
1695
1679
1669
1677
1670
1675
1677
1669
1687
1670
1669
1676
1672
1695
1670
1668
1696
1668
1676
1671
1686
1669
1682
1674
1682
1668
1727
1683
1679
1704
1668
1691
1668
1686
1684
1669
1680
1669
1680
1668
1669
1689
1669
1683
1668
1669
1677
1669
1678
1669
1669
1676
1669
1687
1668
1679
1681
1671
1690
1668
1677
1671
1669
1682
1669
1689
1669
1670
1680
1669
1690
1668
1671
1688
1668
1682
1669
1671
1677
1668
1687
1668
1683
1669
1668
1678
1669
1680
1668
1672
1692
1668
1681
1668
1668
1685
1672
1683
1669
1668
1694
1671
1680
1672
1669
1678
1669
1693
1669
1668
1693
1671
1678
1668
1688
1668
1671
1684
1668
1678
1668
1671
1678
1669
1693
1669
1671
1676
1668
1691
1669
1674
1678
1669
1700
1670
1672
1682
1674
1692
1669
1669
1688
1668
1683
1675
1668
1678
1669
1678
1671
1668
1679
1668
1677
1671
1668
1680
1669
1691
1671
1668
1689
1668
1682
1668
1669
1680
1668
1669
1684
1668
1673
1699
1668
1677
1668
1678
1685
1668
1677
1670
1668
1690
1675
1687
1694
1669
1687
1668
1676
1691
1668
1682
1668
1677
1677
1672
1670
1687
1668
1685
1668
1668
1718
1669
1683
1668
1668
1693
1668
1695
1669
1669
1677
1668
1686
1668
1686
1691
1669
1678
1668
1669
1682
1693
1687
1668
1668
1685
1669
1677
1687
1689
1676
1669
1690
1669
1676
1690
1669
1678
1668
1677
1669
1668
1699
1668
1690
1668
1668
1673
1668
1701
1668
1668
1690
1668
1678
1668
1672
1707
1668
1680
1668
1668
1674
1671
1696
1668
1669
1673
1669
1684
1671
1668
1676
1670
1690
1670
1668
1681
1669
1698
1668
1668
1675
1671
1692
1668
1668
1676
1671
1690
1669
1672
1682
1671
1698
1669
1678
1669
1671
1691
1668
1703
1684
1670
1702
1671
1668
1691
1668
1678
1668
1685
1684
1669
1687
1668
1680
1689
1683
1685
1669
1688
1670
1668
1677
1684
1685
1698
1668
1678
1669
1678
1684
1671
1679
1668
1692
1668
1669
1708
1675
1681
1669
1668
1677
1669
1707
1669
1668
1677
1668
1688
1669
1685
1678
1669
1690
1669
1669
1692
1683
1683
1669
1680
1684
1668
1688
1699
1704
1677
1668
1680
1668
1668
1686
1675
1679
1668
1702
1685
1668
1683
1675
1669
1677
1684
1678
1668
1669
1684
1669
1688
1684
1668
1691
1668
1683
1668
1688
1693
1668
1694
1669
1673
1688
1668
1697
1668
1691
1677
1671
1688
1668
1685
1690
1669
1677
1677
1668
1676
1673
1679
1668
1669
1680
1669
1677
1669
1669
1680
1668
1690
1669
1669
1684
1668
1677
1668
1672
1686
1668
1678
1668
1668
1686
1670
1683
1668
1668
1678
1668
1677
1670
1687
1680
1668
1675
1669
1687
1674
1668
1685
1669
1680
1671
1669
1678
1669
1690
1671
1669
1679
1668
1690
1704
1669
1692
1669
1683
1668
1695
1687
1668
1690
1668
1893
1689
1678
1682
1669
1668
1683
1669
1690
1669
1668
1710
1669
1693
1679
1672
1678
1668
1668
1676
1668
1688
1674
1669
1687
1668
1680
1671
1668
1683
1669
1677
1670
1668
1684
1668
1682
1670
1669
1676
1669
1695
1669
1672
1677
1668
1690
1668
1680
1686
1673
1680
1669
1696
1678
1669
1686
1673
1677
1668
1668
1679
1668
1695
1698
1668
1679
1669
1681
1669
1669
1702
1668
1678
1674
1669
1677
1668
1704
1668
1668
1679
1668
1674
1682
1674
1682
1674
1688
1676
1670
1694
1673
1697
1686
1670
1678
1668
1683
1679
1669
1689
1668
1681
1669
1668
1678
1669
1688
1678
1669
1689
1668
1678
1669
1669
1680
1668
1686
1669
1669
1677
1673
1701
1678
1668
1689
1669
1669
1688
1669
1685
1668
1674
1677
1668
1688
1669
1670
1686
1673
1678
1668
1670
1692
1669
1687
1673
1670
1686
1668
1677
1668
1670
1680
1668
1685
1668
1670
1686
1668
1683
1668
1669
1673
1668
1685
1675
1672
1685
1668
1678
1670
1668
1676
1672
1685
1670
1668
1684
1668
1677
1673
1669
1676
1669
1685
1669
1677
1690
1668
1676
1670
1687
1678
1668
1697
1668
1677
1668
1669
1676
1668
1694
1669
1669
1690
1668
1704
1684
1683
1680
1668
1670
1679
1669
1692
1682
1668
1683
1669
1669
1686
1681
1691
1669
1669
1693
1670
1715
1675
1669
1681
1669
1686
1669
1668
1685
1668
1682
1669
1683
1668
1668
1684
1669
1682
1669
1669
1679
1669
1699
1669
1668
1695
1668
1681
1668
1675
1683
1669
1689
1669
1680
1669
1672
1683
1669
1680
1669
1670
1679
1671
1688
1669
1669
1693
1668
1680
1675
1669
1679
1669
1689
1669
1668
1698
1668
1681
1668
1668
1678
1669
1695
1668
1668
1679
1668
1688
1668
1681
1690
1668
1680
1668
1668
1690
1676
1683
1687
1669
1678
1669
1669
1685
1668
1686
1675
1679
1684
1668
1686
1669
1688
1669
1668
1687
1671
1685
1669
1669
1678
1672
1692
1669
1675
1686
1670
1679
1669
1669
1677
1675
1679
1669
1669
1681
1669
1689
1675
1669
1689
1669
1683
1669
1668
1695
1668
1677
1668
1669
1677
1668
1696
1669
1669
1689
1669
1679
1669
1675
1679
1668
1691
1668
1678
1669
1675
1680
1668
1691
1678
1669
1703
1675
1668
1678
1668
1682
1668
1674
1687
1668
1679
1668
1670
1678
1669
1679
1668
1669
1677
1669
1686
1669
1674
1691
1669
1678
1669
1668
1677
1668
1690
1668
1668
1702
1668
1688
1679
1669
1729
1679
1669
1718
1677
1685
1669
1700
1685
1668
1678
1677
1668
1678
1668
1678
