1797
1807
1800
1797
1815
1799
1797
1817
1803
1814
1820
1807
1816
1799
1799
1828
1797
1797
1806
1797
1808
1815
1797
1818
1797
1797
1826
1796
1805
1825
1802
1797
1807
1797
1816
1806
1813
1808
1796
1797
1814
1802
1797
1830
1797
1806
1798
1797
1808
1802
1803
1814
1796
1797
1820
1799
1806
1813
1798
1809
1797
1797
1805
1797
1829
1804
1797
1817
1797
1799
1804
1797
1813
1807
1801
1816
1797
1797
1805
1797
1817
1806
1797
1813
1797
1797
1803
1801
1819
1804
1797
1812
1800
1823
1820
1803
1811
1816
1798
1797
1818
1804
1809
1815
1796
1805
1798
1798
1804
1797
1799
1808
1797
1811
1804
1799
1812
1797
1797
1805
1798
1797
1811
1797
1803
1816
1797
1805
1798
1797
1803
1797
1797
1812
1797
1812
1797
1799
1810
1797
1797
1808
1797
1804
1812
1797
1810
1797
1797
1807
1797
1797
1804
1800
1811
1805
1797
1821
1797
1800
1812
1797
1797
1814
1797
1808
1816
1797
1806
1797
1797
1803
1797
1797
1826
1797
1806
1805
1797
1819
1799
1808
1797
1800
1818
1808
1796
1806
1797
1803
1808
1797
1797
1812
1796
1812
1811
1810
1830
1806
1797
1805
1801
1797
1807
1797
1814
1806
1797
1808
1797
1797
1806
1797
1816
1797
1801
1807
1797
1798
1807
1798
1816
1807
1797
1817
1796
1805
1814
1800
1809
1815
1797
1810
1797
1799
1807
1797
1813
1807
1797
1813
1799
1797
1808
1797
1810
1812
1797
1812
1797
1796
1826
1799
1797
1807
1797
1816
1811
1797
1815
1797
1803
1814
1797
1809
1813
1799
1807
1803
1797
1816
1798
1798
1814
1800
1810
1797
1797
1816
1797
1799
1814
1797
1818
1797
1797
1813
1797
1801
1811
1797
1813
1797
1797
1814
1797
1797
1804
1797
1813
1797
1804
1820
1799
1797
1805
1797
1808
1819
1797
1808
1797
1797
1806
1801
1797
1806
1798
1816
1804
1796
1823
1797
1797
1812
1797
1807
1821
1797
1808
1797
1797
1822
1797
1806
1817
1797
1797
1805
1797
1841
1810
1797
1808
1798
1797
1807
1803
1797
1804
1797
1817
1804
1802
1819
1808
1797
1814
1799
1797
1811
1797
1814
1810
1797
1806
1798
1799
1808
1796
1797
1805
1819
1816
1809
1797
1813
1797
1797
1824
1800
1807
1814
1797
1805
1797
1800
1808
1797
1805
1818
1797
1806
1802
1797
1805
1797
1804
1829
1799
1810
1797
1797
1804
1798
1805
1817
1810
1797
1818
1797
1814
1817
1798
1798
1808
1802
1797
1806
1796
1807
1814
1802
1811
1797
1797
1810
1797
1817
1824
1797
1814
1797
1797
1815
1797
1806
1815
1800
1814
1796
1796
1811
1798
1797
1817
1797
1806
1813
1799
1807
1797
1800
1807
1797
1822
1807
1862
1808
1797
1797
1808
1817
1797
1820
1797
1815
1834
1810
1809
1820
1833
1805
1837
1797
1811
1797
1797
1819
1798
1807
1852
1797
1806
1799
1797
1805
1797
1835
1808
1797
1816
1797
1799
1806
1797
1797
1816
1798
1808
1817
1819
1813
1797
1802
1810
1797
1808
1836
1796
1807
1797
1797
1806
1797
1824
1805
1797
1813
1797
1797
1840
1797
1797
1815
1799
1808
1797
1818
1808
1798
1797
1805
1797
1839
1808
1796
1815
1797
1797
1818
1818
1808
1825
1799
1807
1797
1797
1808
1799
1797
1807
1797
1824
1817
1796
1806
1797
1798
1809
1797
1837
1797
1814
1820
1797
1797
1816
1797
1809
1797
1797
1811
1797
1818
1810
1798
1816
1808
1797
1797
1817
1797
1852
1880
1797
1808
1820
1797
1809
1824
1799
1818
1797
1797
1827
1800
1845
1821
1797
1809
1797
1797
1861
1800
1812
1809
1797
1797
1805
1866
1797
1841
1796
1815
1806
1829
1823
1797
1797
1817
1797
1805
1854
1797
1808
1797
1797
1817
1797
1799
1818
1797
1809
1816
1797
1823
1808
1797
1810
1808
1797
1807
1805
1814
1809
1800
1815
1797
1812
1806
1797
1797
1806
1797
1815
1809
1797
1807
1797
1799
1806
1798
1815
1806
1797
1807
1798
1797
1813
1797
1796
1813
1798
1808
1817
1803
1807
1798
1797
1821
1797
1812
1810
1797
1814
1797
1797
1824
1805
1797
1818
1799
1809
1811
1798
1815
1799
1797
1807
1797
1818
1812
1798
1807
1797
1798
1811
1797
1821
1808
1797
1819
1797
1797
1831
1797
1797
1807
1796
1822
1809
1803
1814
1807
1797
1820
1797
1797
1819
1797
1807
1816
1799
1808
1804
1797
1807
1799
1818
1805
1797
1813
1796
1797
1811
1797
1803
1816
1796
1796
1818
1797
1807
1797
1803
1818
1796
1797
1825
1796
1809
1802
1797
1810
1807
1797
1808
1804
1797
1812
1797
1797
1806
1798
1803
1797
1799
1809
1801
1800
1811
1797
1797
1813
1797
1799
1807
1797
1812
1814
1797
1805
1797
1797
1807
1797
1801
1813
1797
1805
1821
1797
1804
1800
1797
1807
1797
1797
1807
1800
1823
1797
1806
1813
1797
1818
1822
1799
1808
1814
1797
1808
1800
1798
1807
1798
1799
1807
1797
1820
1808
1799
1814
1797
1797
1817
1797
1807
1810
1797
1818
1797
1804
1814
1797
1797
1806
1797
1819
1805
1797
1815
1797
1797
1821
1803
1808
1851
1800
1817
1809
1797
1824
1799
1797
1818
1797
1811
1822
1797
1853
1810
1811
1811
1797
1803
1810
1797
1797
1817
1797
1817
1815
1797
1807
1797
1797
1807
1803
1797
1809
1797
1820
1806
1797
1817
1796
1797
1810
1800
1797
1823
1797
1807
1819
1797
1806
1797
1799
1808
1797
1797
1824
1799
1813
1797
1797
1810
1797
1797
1813
1804
1811
1821
1797
1806
1797
1800
1807
1797
1797
1814
1797
1808
1804
1797
1812
1797
1797
1806
1797
1812
1816
1797
1807
1799
1797
1813
1796
1799
1807
1797
1810
1816
1811
1797
1837
1808
1814
1815
1800
1808
1808
1797
1807
1797
1804
1811
1797
1812
1806
1797
1806
1830
1797
1811
1797
1797
1812
1797
1797
1812
1797
1808
1826
1797
7473
4460
3365
2868
2618
2257
2073
1965
1811
1812
1798
1807
1815
1797
1810
1796
1797
1814
1822
1799
1817
1798
1807
1817
1797
1807
1797
1797
1808
1797
1797
1806
1797
1820
1798
1797
1815
1799
1804
1809
1796
1815
1807
1797
1806
1797
1797
1808
1797
1797
1805
1811
1811
1805
1796
1806
1802
1796
1809
1797
1817
1808
1797
1812
1800
1799
1821
1797
1805
1807
1797
1812
1797
1797
1823
1804
1796
1822
1797
1806
1813
1798
1812
1797
1801
1815
1798
1821
1799
1797
1806
1801
1797
1808
1797
1815
1802
1800
1820
1797
1813
1814
1799
1807
1801
1797
1809
1813
1796
1806
1797
1801
1808
1812
1816
1807
1799
1825
1797
1797
1835
1797
1797
1818
1801
1810
1806
1797
1816
1800
1797
1807
1797
1825
1819
1796
1811
1808
1797
1815
1797
1797
1816
1799
1810
1828
1812
1807
1797
1797
1811
1797
1797
1822
1797
1855
1809
1811
1818
1858
1797
1821
1844
1802
1816
1797
1798
1810
1796
1797
1806
1797
1805
1815
1797
1812
1807
1797
1805
1799
1797
1805
1797
1815
1807
1812
1821
1797
1800
1812
1797
1797
1813
1798
1815
1811
1797
1807
1804
1797
1820
1797
1807
1806
1797
1831
1806
1796
1809
1808
1797
1808
1797
1797
1825
1820
1797
1806
1797
1813
1818
1797
1809
1797
1812
1815
1796
1797
1807
1798
1807
1830
1797
1817
1799
1798
1806
1797
1814
1809
1797
1813
1798
1798
1831
1797
1797
1813
1804
1809
1797
1812
1810
1797
1797
1810
1796
1825
1818
1797
1809
1800
1797
1807
1812
1797
1811
1797
1811
1807
1808
1820
1804
1797
1810
1798
1797
1838
1796
1809
1822
1801
1808
1797
1796
1808
1797
1820
1807
1798
1838
1807
1797
1814
1806
1797
1815
1813
1809
1817
1797
1809
1797
1812
1807
1797
1797
1810
1797
1820
1822
1797
1813
1796
1800
1811
1798
1797
1812
1797
1807
1802
1797
1823
1797
1797
1812
1804
1797
1806
1799
1817
1797
1796
1811
1798
1813
1814
1797
1808
1826
1797
1807
1813
1799
1808
1797
1827
1808
