1944
1936
1926
1940
1980
1963
1933
1941
1927
1925
1936
1926
1936
1938
1934
1925
1944
1926
1932
1942
1926
1926
1935
1926
1926
1937
1925
1926
1935
1953
1926
1934
1934
1926
1936
1934
1926
1939
1936
1926
1942
1932
1926
1948
1935
1925
1944
1933
1925
1946
1936
1927
1942
1933
1926
1940
1935
1926
1943
1933
1927
1943
1931
1925
1940
1925
1925
1939
1930
1927
1945
1925
1926
1937
1925
1926
1931
1926
1925
1932
1926
1930
1942
1926
1926
1940
1926
1931
1943
1925
1925
1930
1925
1930
1934
1928
1925
1934
1926
1926
1934
1925
1925
1934
1936
1933
1946
1981
1927
1926
1951
1925
1931
1968
1925
1925
1944
1925
1929
1940
1934
1926
1935
1952
1930
1939
1939
1925
1935
1934
1930
1935
1946
1926
1936
1941
1929
1936
1945
1926
1938
1941
1928
1936
1940
1926
1935
1936
1925
1938
1941
1927
1926
1933
1925
1932
1935
1926
1926
1933
1926
1948
1937
1926
1928
1933
1925
1943
1938
1925
1925
1933
1925
1927
1940
1925
1926
1934
1926
1936
1926
1943
1935
1933
1929
1938
1928
1926
1934
1926
1932
1980
1925
1925
1954
1926
1926
1972
1929
1927
1943
1926
1925
1958
1929
1925
1946
1926
1925
1992
1935
1926
1936
1925
1925
1931
1927
1926
1946
1929
1928
1931
1947
1925
1939
1935
1925
1934
1949
1930
1934
1941
1925
1935
1933
1928
1945
1934
1927
1955
1933
1928
1946
1935
1925
1940
1936
1946
1934
1947
1925
1936
1942
1926
1941
1935
1925
1946
1934
1927
1938
1945
1925
1935
1945
1925
1938
1947
1927
1937
1942
1926
1937
1943
1925
1934
1944
1927
1934
1944
1926
1936
1941
1926
1937
1945
1927
1934
1926
1926
1936
1925
1926
1930
1926
1925
1984
1953
1939
1937
1945
1926
1938
2020
1926
1927
1938
1927
1926
1954
1928
1927
1942
1926
1926
1939
1931
1926
1941
1925
1928
1956
1927
1926
1948
1925
1925
1943
1925
1928
1934
1926
1926
1939
1941
1933
1938
1925
1926
1933
1925
1932
1942
1926
1926
1936
1927
1934
1941
1926
1926
1950
1926
1926
1934
1927
1925
1945
1925
1927
1945
1928
1926
1953
1926
1926
1947
1925
1927
1933
1926
1926
1939
1926
1926
1945
1926
1926
1942
1926
1926
1949
1925
1933
1935
1932
1926
1933
1925
1926
1946
1932
1925
1943
1927
1935
1945
1926
1935
1930
1926
1946
1934
1928
1952
1933
1925
1925
1951
1943
1945
1925
1979
1932
1926
1934
1925
1925
1943
1925
1925
1939
1926
1926
1934
1925
1928
1938
1926
1925
1943
1926
1934
1934
1926
1949
1933
1925
1934
1948
1934
1941
1930
1925
1936
1940
1931
1939
1950
1926
1936
1947
1932
1937
1948
1925
1936
1946
1926
1935
1936
1928
1935
1935
1925
1957
1934
1925
1937
1932
1927
1952
1934
1925
1947
1926
1926
1940
1926
1926
1934
1925
1925
1934
1930
1925
1974
1927
1932
1934
1988
1926
1931
1931
1926
1948
1978
1925
1950
1936
1927
1945
1979
1926
1955
1939
1926
1943
1934
1927
1944
1938
1926
1944
1935
1952
1945
1939
1925
1945
1935
1947
1952
1939
1926
1944
1937
1947
1947
1938
1925
1943
1935
1925
1945
1937
1925
1933
1933
1928
1943
1933
1925
1936
1946
1925
1947
1945
1927
1925
1951
1926
1957
1942
1926
1939
1943
1925
1936
1935
1926
1928
1942
1925
1937
1974
1925
1938
1946
1925
1934
1968
1925
1939
1936
1925
1926
1969
1928
1926
1934
1926
1936
1940
1930
1928
1935
1928
1926
1933
1926
1932
1937
1926
1926
1934
1928
1933
1936
1926
1947
1935
1925
1993
1940
1933
1926
1937
1926
1954
1937
1947
1925
1942
1935
1930
1946
1941
1926
1943
1934
1926
1941
1948
1926
1937
1945
1925
1942
1949
1928
1936
1942
1926
1937
1946
1925
1935
1937
1927
1936
1947
1926
1938
1943
1925
1935
1952
1928
1936
1940
1925
1942
1933
1926
1935
1926
1927
1944
1927
1926
1945
1925
1925
1945
1927
1927
1943
1934
1925
1938
1937
1933
1947
1946
1925
1935
1944
1934
1938
1943
1926
1937
1955
1933
1937
1943
1928
1935
1943
1926
1932
1936
1926
1943
1938
1926
1949
1935
1925
1947
1937
1926
1951
1938
1926
1945
1938
1925
1951
1936
1926
1950
1945
1929
1932
1935
1928
1926
1937
1925
1926
1934
1926
1926
1938
1926
1925
1941
1925
1926
1939
1925
1925
1940
1926
1926
1937
1925
1926
1941
1926
1925
1937
1925
1925
1935
1929
1925
1935
1926
1926
1952
1929
1926
1934
1926
1926
1933
1927
1926
1934
1926
1926
1937
1943
1926
1934
1925
1925
1941
1941
1925
1941
1925
1925
1932
1943
1948
1952
1942
1941
1938
1957
1925
1950
1926
2008
1945
1935
1926
1961
1938
1930
1947
1935
1925
1947
1936
1932
1926
1935
1959
1926
1935
1927
1926
1935
1941
1926
1936
1926
1926
1936
1942
1928
1937
1926
1932
1938
1926
1925
1935
1925
1933
1937
1925
1941
1938
1926
1926
1936
1925
1944
1936
1925
1926
1949
1925
1941
1936
1927
1926
1942
1926
1925
1937
1926
1925
1940
1927
1926
1958
1926
1925
1945
1925
1925
1960
1926
1925
1933
1931
1927
1950
1926
1925
1932
1933
1925
1933
1926
1944
1934
1932
1942
1935
1941
1936
1932
1926
1937
1944
1941
1939
1943
1925
1948
1950
1943
1938
1944
1926
1942
1948
1926
1926
1940
1927
1932
1941
1925
1942
1935
1926
1945
1936
1925
1942
1935
1925
1927
1940
1926
1941
1937
1925
1925
1953
1926
1926
1935
1925
1925
1952
1925
1926
1941
1927
1925
1948
1926
1925
1961
1926
1926
1933
1927
1926
1951
1926
1925
1941
1929
1925
1947
1927
1925
1945
1930
1928
1943
1925
1925
1943
1931
1926
1942
1942
1927
1942
1925
1925
1946
1942
1925
1979
1927
1943
1945
1979
1940
1942
1935
1934
1939
1938
1926
1936
1944
1934
1936
1945
1926
1934
1950
1931
1939
1944
1928
1936
1937
1925
1941
1945
1926
1935
1941
1926
1945
1934
1925
1935
1943
1926
1943
1926
1926
1936
1926
1925
1940
1925
1926
1936
1927
1926
1939
1933
1926
1938
1926
1925
1948
1932
1925
1949
1935
1925
1939
1933
1926
1937
1926
1925
1949
1926
1926
1937
1927
1925
1950
1926
1940
1936
1945
1926
1939
1948
1938
1940
1948
1925
1939
1944
1932
1937
1943
1926
1939
1988
1931
1938
1937
1926
1949
1937
1927
1939
1935
1927
1950
1936
1926
1942
1945
1937
1942
1948
1926
1943
1936
1925
1949
1935
1927
1949
1936
1926
1940
1947
1926
1937
1935
1926
1963
1947
1926
1938
1950
1925
1926
1947
1925
1926
1950
1928
1926
1941
1925
1926
1952
1926
1926
1941
1927
1926
1942
1926
1926
2042
1925
1925
1942
1934
1926
1945
1926
1937
1942
1932
1938
1949
1926
1935
1942
1932
1940
1943
1926
1936
1941
1925
1937
1940
1926
1936
1940
1926
1944
1944
1926
1934
1933
1926
1946
1936
1925
1943
1944
1925
1934
1942
1927
1925
1942
1925
1934
1942
1933
1927
1950
1937
1930
1943
1935
1927
1943
1937
1925
1945
1936
1926
1942
1939
1926
1950
1935
1926
1943
1938
1925
1952
1938
1926
1945
1937
1926
1951
1936
1925
1944
1939
1926
1943
1940
1927
1944
1926
1926
1944
1934
1937
1945
1938
1928
1945
1933
1925
1942
1927
1926
1944
1925
1932
1935
1926
1926
1937
1926
1932
1948
1925
1925
1944
1926
1938
1936
1934
1925
1936
1934
1930
1935
1936
1942
1939
1945
1926
1938
1942
1941
1940
1944
1926
1936
1944
1941
1939
1942
1925
1940
1935
1926
1940
1945
1925
1944
1944
1943
1927
1937
1926
1932
1936
1925
1926
1936
1926
1932
1937
1926
1942
1935
1926
1930
1936
1925
1941
1945
1926
1926
1949
1928
1941
1935
1925
1926
1941
1926
1926
1968
1925
1926
1952
1925
1926
1959
1925
1926
1943
1926
1926
1931
1926
1932
1931
1930
1926
1939
1926
1925
1937
1930
1926
1945
1926
1926
1940
1929
1925
1940
1926
1925
1941
1925
1939
