2055
2067
2056
2071
2073
2076
2056
2054
2064
2064
2056
2072
2062
2060
2056
2062
2053
2054
2066
2068
2054
2064
2062
2055
2060
2065
2063
2054
2065
2066
2061
2069
2073
2059
2055
2066
2069
2054
2055
2064
2059
2054
2078
2064
2054
2079
2064
2056
2061
2074
2054
2063
2061
2071
2060
2067
2076
2054
2054
2069
2067
2055
2064
2071
2054
2055
2071
2055
2056
2076
2063
2054
2071
2068
2055
2065
2077
2054
2054
2062
2064
2054
2081
2063
2061
2054
2065
2080
2054
2071
2076
2054
2053
2067
2054
2061
2062
2067
2054
2077
2062
2062
2054
2066
2054
2056
2095
2072
2062
2087
2064
2054
2054
2077
2064
2056
2064
2064
2054
2055
2065
2055
2054
2065
2075
2055
2068
2069
2054
2054
2073
2055
2053
2075
2066
2054
2072
2068
2055
2054
2063
2054
2056
2067
2071
2054
2056
2069
2054
2054
2072
2064
2054
2071
2066
2054
2054
2064
2055
2054
2067
2060
2054
2067
2071
2054
2061
2071
2054
2054
2070
2066
2060
2072
2062
2055
2054
2067
2061
2057
2063
2053
2077
2089
2078
2054
2054
2065
2055
2054
2063
2075
2054
2065
2064
2054
2054
2070
2054
2059
2074
2063
2054
2075
2062
2076
2054
2061
2054
2054
2062
2078
2055
2066
2068
2054
2054
2066
2054
2054
2069
2082
2060
2080
2062
2054
2054
2072
2054
2064
2085
2061
2054
2076
2063
2059
2065
2071
2054
2054
2064
2059
2054
2059
2068
2054
2062
2078
2054
2060
2067
2054
2076
2068
2075
2054
2071
2061
2055
2080
2071
2054
2055
2065
2080
2062
2063
2075
2054
2054
2076
2061
2054
2071
2061
2054
2074
2068
2054
2054
2066
2054
2054
2080
2061
2054
2071
2061
2054
2061
2065
2054
2054
2059
2069
2062
2062
2071
2054
2054
2068
2060
2055
2068
2064
2054
2068
2068
2056
2054
2060
2054
2056
2064
2069
2054
2063
2068
2055
2055
2069
2054
2054
2066
2062
2055
2065
2078
2054
2055
2066
2054
2054
2078
2059
2054
2065
2080
2054
2054
2065
2063
2061
2075
2064
2056
2054
2067
2062
2067
2066
2071
2055
2065
2080
2054
2074
2076
2066
2054
2080
2068
2054
2054
2061
2054
2062
2067
2068
2055
2064
2069
2062
2066
2071
2055
2055
2070
2063
2054
2062
2068
2055
2064
2095
2054
2054
2070
2054
2054
2071
2061
2055
2071
2061
2056
2080
2062
2054
2055
2063
2063
2061
2065
2073
2054
2063
2070
2055
2055
2119
2066
2091
2068
2062
2054
2067
2064
2056
2054
2063
2062
2059
2065
2063
2054
2056
2063
2067
2055
2068
2081
2055
2063
2082
2053
2054
2066
2068
2054
2069
2063
2054
2055
2078
2055
2058
2075
2066
2054
2082
2064
2064
2054
2065
2055
2054
2063
2074
2056
2067
2081
2054
2090
2073
2054
2054
2069
2064
2054
2066
2080
2054
2054
2069
2059
2061
2069
2074
2054
2055
2074
2053
2054
2072
2064
2054
2079
2068
2083
2054
2062
2067
2073
2065
2077
2056
2055
2070
2130
2056
2054
2084
2054
2055
2113
2075
2054
2065
2072
2054
2055
2072
2067
2054
2075
2062
2054
2054
2067
2053
2056
2095
2068
2055
2068
2062
2054
2078
2067
2055
2056
2067
2064
2057
2062
2062
2056
2054
2071
2067
2056
2062
2074
2054
2065
2073
2055
2054
2061
2054
2054
2087
2064
2055
2071
2065
2054
2080
2069
2054
2054
2068
2054
2059
2065
2076
2054
2068
2067
2058
2054
2063
2054
2054
2064
2076
2054
2072
2063
2070
2058
2063
2091
2054
2067
2065
2082
2054
2066
2080
2054
2076
2076
2066
2054
2073
2064
2087
2054
2063
2064
2054
2072
2074
2056
2054
2062
2054
2054
2070
2063
2054
2065
2060
2054
2056
2065
2060
2054
2064
2065
2058
2069
2072
2069
2057
2063
2064
2054
2066
2067
2054
2063
2079
2055
2054
2074
2054
2060
2062
2062
2054
2063
2069
2054
2054
2073
2054
2054
2071
2068
2054
2071
2063
2054
2055
2066
2055
2054
2065
2070
2054
2067
2072
2054
2054
2072
2054
2055
2064
2065
2054
2071
2067
2056
2055
2065
2053
2054
2067
2068
2055
2072
2065
2054
2055
2070
2054
2054
2064
2072
2055
2070
2072
2054
2054
2073
2055
2061
2072
2063
2054
2073
2062
2061
2054
2064
2054
2054
2065
2078
2054
2065
2074
2054
2054
2079
2054
2054
2074
2063
2054
2076
2064
2054
2054
2063
2054
2061
2072
2073
2054
2063
2069
2060
2054
2065
2056
2054
2063
2077
2056
2067
2072
2054
2056
2077
2066
2054
2072
2063
2054
2087
2066
2054
2054
2072
2063
2054
2073
2063
2055
2076
2068
2055
2054
2065
2071
2054
2260
2072
2054
2054
2063
2063
2076
2062
2054
2054
2121
2066
2061
2078
2079
2056
2074
2068
2088
2054
2057
2069
2054
2058
2063
2073
2054
2065
2073
2056
2054
2068
2054
2054
2069
2058
2054
2062
2068
2054
2065
2065
2054
2055
2064
2054
2054
2065
2056
2054
2066
2071
2056
2067
2072
2053
2056
2072
2054
2057
2069
2063
2055
2070
2066
2060
2075
2064
2054
2056
2059
2076
2054
2066
2070
2055
2054
2084
2054
2054
2061
2057
2054
2069
2063
2056
2073
2062
2054
2061
2064
2054
2054
2064
2056
2061
2064
2062
2056
2072
2065
2062
2073
2063
2055
2055
2065
2059
2054
2063
2071
2056
2064
2081
2055
2078
2145
2066
2054
2074
2064
2054
2055
2066
2055
2061
2067
2076
2054
2063
2066
2057
2054
2073
2054
2057
2061
2074
2055
2063
2076
2054
2055
2082
2054
2054
2058
2061
2056
2071
2065
2054
2056
2069
2054
2055
2082
2062
2054
2069
2062
2055
2074
2063
2056
2062
2068
2056
2055
2087
2054
2054
2069
2064
2054
2063
2059
2055
2064
2069
2054
2056
2064
2054
2054
2062
2062
2054
2062
2129
2055
2076
2069
2055
2059
2082
2069
2058
2062
2073
2054
2054
2062
2077
2054
2064
2063
2054
2055
2072
2071
2055
2065
2067
2056
2054
2072
2055
2055
2070
2068
2055
2071
2064
2054
2060
2069
2054
2054
2064
2071
2055
2071
2072
2054
2054
2070
2054
2058
2074
2065
2054
2071
2067
2058
2055
2064
2070
2054
2069
2068
2054
2054
2063
2054
2054
2072
2072
2054
2064
2066
2054
2057
2073
2055
2054
2074
2063
2058
2077
2064
2055
2054
2065
2057
2054
2065
2060
2054
2065
2076
2054
2055
2070
2054
2054
2067
2071
2055
2068
2071
2054
2055
2063
2055
2055
2064
2071
2054
2064
2065
2055
2054
2063
2064
2054
2068
2072
2054
2065
2070
2054
2055
2072
2059
2062
2081
2068
2061
2054
2065
2073
2056
2069
2072
2055
2055
2076
2055
2054
2074
2063
2054
2077
2064
2054
2054
2061
2055
2067
2064
2064
2055
2064
2062
2061
2054
2067
2054
2055
2062
2098
2054
2079
2065
2057
2054
2069
2054
2073
2063
2076
2054
2072
2062
2070
2062
2086
2054
2072
2063
2125
2069
2054
2094
2062
2054
2075
2059
2054
2074
2066
2054
2054
2065
2061
2056
2065
2081
2054
2054
2069
2059
2055
2073
2067
2057
2071
2067
2055
2066
2066
2054
2054
2065
2083
2054
2075
2062
2054
2057
2064
2054
2057
2064
2070
2061
2065
2066
2055
2054
2062
2060
2054
2065
2061
2053
2063
2075
2056
2070
2070
2062
2055
2079
2063
2070
2054
2062
2054
2060
2063
2071
2060
2065
2073
2062
2066
2086
2054
2055
2062
2058
2054
2068
2069
2054
2062
2072
2054
2054
2064
2055
2055
2065
2054
2054
2063
2064
2054
2066
2073
2061
2054
2067
2057
2058
2078
2061
2057
2070
2061
2059
2075
2062
2054
2054
2063
2059
2054
2065
2067
2055
2061
2067
2055
2065
2073
2054
2054
2071
2055
2055
2066
2076
2054
2068
2063
2054
2078
2063
2055
2058
2066
2054
2054
2073
2065
2058
2074
2065
2057
2054
2063
2059
2057
2075
2054
2054
2074
2069
2053
2077
2077
2054
2054
2068
2054
2054
2064
2061
2054
2069
2073
2055
2063
2087
2054
2070
2071
2074
2055
2078
2071
2059
2118
2098
2064
2054
2077
2066
2053
2055
2063
2054
2056
2067
