2184
2193
2199
2214
2185
2205
2194
2183
2185
2203
2200
2184
2185
2193
2200
2183
2191
2200
2193
2183
2204
2193
2190
2183
2195
2203
2183
2182
2205
2193
2183
2183
2193
2204
2183
2183
2204
2193
2183
2204
2192
2201
2183
2192
2200
2183
2183
2202
2193
2183
2190
2195
2200
2183
2192
2200
2188
2183
2193
2205
2183
2183
2199
2210
2183
2183
2201
2200
2182
2198
2197
2196
2183
2196
2215
2191
2183
2194
2203
2183
2198
2202
2195
2183
2189
2193
2212
2183
2196
2198
2190
2184
2200
2195
2183
2183
2194
2216
2183
2183
2230
2209
2190
2243
2218
2208
2219
2192
2194
2203
2188
2183
2206
2193
2216
2183
2198
2193
2190
2199
2195
2183
2183
2193
2188
2198
2184
2202
2191
2190
2183
2210
2200
2184
2193
2198
2201
2183
2193
2200
2182
2183
2211
2202
2183
2183
2207
2195
2199
2183
2191
2197
2190
2183
2198
2190
2182
2194
2204
2199
2199
2198
2192
2189
2182
2217
2191
2187
2183
2202
2202
2183
2192
2204
2196
2183
2216
2191
2183
2195
2192
2183
2230
2195
2191
2190
2193
2201
2220
2183
2199
2201
2182
2183
2191
2200
2183
2187
2201
2191
2183
2219
2199
2194
2183
2183
2196
2221
2189
2187
2211
2194
2183
2196
2199
2191
2182
2195
2204
2202
2183
2201
2196
2183
2183
2198
2199
2183
2195
2199
2186
2186
2190
2202
2186
2184
2196
2191
2185
2183
2191
2190
2191
2190
2205
2183
2185
2203
2191
2183
2187
2191
2196
2185
2183
2205
2195
2183
2184
2194
2199
2183
2193
2204
2184
2183
2194
2191
2183
2183
2201
2193
2182
2183
2193
2198
2187
2197
2192
2183
2196
2196
2191
2183
2183
2204
2192
2186
2183
2193
2197
2183
2198
2216
2193
2182
2183
2195
2224
2183
2191
2206
2183
2182
2190
2198
2183
2183
2193
2214
2186
2193
2195
2186
2183
2207
2192
2185
2183
2200
2211
2194
2183
2191
2190
2184
2184
2223
2201
2183
2193
2198
2184
2183
2192
2190
2183
2184
2199
2195
2183
2184
2190
2217
2185
2183
2191
2192
2182
2193
2199
2191
2189
2192
2207
2184
2185
2197
2194
2183
2201
2194
2197
2183
2186
2201
2209
2183
2202
2193
2190
2210
2195
2227
2192
2183
2198
2223
2207
2224
2198
2190
2183
2190
2208
2201
2221
2183
2231
2194
2183
2183
2196
2194
2216
2183
2199
2190
2184
2200
2196
2183
2183
2189
2200
2199
2201
2183
2183
2199
2218
2199
2184
2194
2191
2183
2183
2194
2212
2182
2226
2192
2191
2182
2183
2206
2201
2188
2184
2196
2192
2194
2183
2192
2194
2183
2192
2211
2183
2183
2199
2194
2183
2183
2194
2200
2183
2194
2207
2195
2183
2255
2196
2204
2187
2195
2203
2183
2183
2192
2194
2183
2183
2195
2192
2208
2183
2191
2191
2183
2183
2212
2198
2183
2183
2190
2203
2183
2191
2194
2183
2183
2208
2199
2185
2183
2200
2192
2203
2193
2195
2183
2186
2198
2192
2183
2211
2194
2190
2203
2188
2192
2198
2184
2185
2201
2202
2183
2188
2188
2200
2183
2192
2190
2183
2183
2216
2190
2183
2183
2188
2190
2185
2183
2192
2193
2183
2186
2191
2202
2183
2191
2202
2186
2183
2191
2202
2183
2183
2205
2189
2183
2183
2202
2194
2183
2192
2189
2182
2183
2194
2203
2183
2183
2201
2191
2190
2183
2190
2194
2183
2199
2190
2184
2183
2190
2200
2187
2183
2196
2190
2185
2183
2195
2196
2184
2194
2199
2183
2184
2183
2199
2194
2193
2191
2205
2205
2183
2183
2198
2201
2183
2183
2192
2199
2183
2197
2201
2191
2183
2203
2194
2183
2183
2193
2211
2183
2191
2198
2193
2183
2208
2195
2187
2183
2193
2194
2185
2188
2192
2191
2185
2201
2194
2183
2185
2200
2194
2183
2186
2213
2194
2183
2186
2195
2205
2190
2195
2225
2183
2183
2202
2193
2183
2183
2191
2198
2192
2183
2195
2190
2183
2199
2200
2202
2183
2190
2204
2183
2183
2190
2190
2183
2183
2198
2199
2182
2184
2201
2190
2185
2183
2208
2201
2185
2186
2191
2200
2183
2183
2200
2193
2184
2201
2194
2183
2183
2194
2206
2183
2184
2193
2207
2184
2191
2193
2185
2183
2204
2192
2185
2183
2191
2201
2188
2191
2198
2183
2185
2196
2195
2183
2185
2190
2195
2184
2196
2202
2191
2183
2199
2196
2183
2183
2193
2197
2183
2183
2200
2192
2183
2196
2192
2183
2183
2194
2195
2183
2185
2199
2191
2183
2198
2219
2203
2191
2183
2205
2189
2206
2196
2197
2185
2183
2195
2193
2182
2183
2189
2197
2185
2183
2198
2194
2183
2196
2192
2183
2183
2191
2206
2185
2185
2197
2191
2182
2192
2202
2182
2183
2225
2199
2183
2184
2194
2191
2183
2202
2195
2197
2183
2193
2206
2198
2183
2191
2200
2183
2187
2193
2200
2183
2195
2202
2189
2183
2197
2192
2185
2183
2207
2202
2184
2195
2203
2186
2185
2203
2192
2183
2184
2196
2202
2183
2195
2198
2183
2187
2205
2192
2183
2183
2193
2189
2183
2195
2202
2183
2193
2202
2194
2183
2183
2192
2209
2184
2183
2191
2185
2183
2204
2194
2184
2183
2193
2198
2185
2204
2192
2185
2184
2200
2204
2183
2185
2210
2194
2187
2184
2192
2195
2183
2197
2192
2183
2183
2195
2194
2193
2183
2202
2193
2183
2196
2211
2183
2183
2208
2197
2182
2183
2193
2199
2182
2183
2207
2195
2183
2201
2196
2184
2188
2199
2191
2183
2183
2191
2201
2184
2193
2201
2183
2186
2190
2190
2184
2184
2191
2194
2183
2183
2190
2202
2183
2196
2196
2184
2183
2397
2204
2191
2183
2222
2205
2198
2189
2192
2205
2183
2191
2205
2189
2182
2190
2194
2195
2194
2186
2197
2194
2183
2201
2196
2183
2183
2199
2200
2183
2183
2203
2196
2183
2214
2198
2200
2183
2196
2199
2183
2188
2203
2198
2183
2199
2192
2189
2183
2196
2201
2185
2183
2201
2193
2200
2183
2192
2222
2185
2183
2194
2198
2183
2199
2194
2199
2184
2206
2204
2183
2183
2193
2191
2183
2193
2196
2190
2183
2194
2196
2190
2183
2198
2194
2183
2183
2189
2191
2198
2183
2194
2204
2183
2194
2190
2199
2183
2200
2199
2191
2190
2209
2201
2183
2183
2208
2196
2183
2189
2203
2190
2183
2192
2200
2198
2183
2217
2194
2183
2189
2189
2204
2198
2183
2215
2202
2182
2183
2195
2200
2183
2198
2191
2202
2183
2200
2191
2189
2183
2211
2199
2185
2231
2192
2202
2185
2193
2200
2190
2183
2211
2202
2185
2184
2193
2197
2198
2183
2201
2199
2184
2206
2192
2183
2183
2215
2196
2198
2185
2240
2194
2193
2184
2273
2208
2218
2192
2212
2230
2183
2184
2205
2194
2183
2185
2196
2195
2190
2195
2215
2183
2183
2201
2201
2183
2184
2195
2204
2183
2184
2206
2194
2183
2183
2200
2203
2183
2194
2202
2183
2189
2205
2200
2183
2183
2193
2196
2183
2184
2193
2200
2189
2197
2210
2184
2183
2201
2203
2183
2183
2194
2201
2183
2185
2201
2193
2183
2192
2201
2183
2183
2194
2192
2184
2190
2200
2192
2183
2183
2207
2201
2184
2217
2191
2183
2189
2195
2191
2184
2184
2198
2214
2183
2183
2192
2194
2183
2210
2193
2184
2190
2199
2208
2183
2184
2193
2196
2183
2209
2194
2202
2183
2197
2203
2190
2183
2200
2195
2183
2193
2203
2183
2184
2196
2198
2190
2183
2193
2205
2183
2183
2209
2193
2183
2205
2192
2183
2188
2203
2197
2182
2184
2208
2195
2183
2184
2192
2200
2186
2196
2203
2182
2183
2191
2203
2183
2184
2199
2193
2183
2205
2191
2183
2183
2194
2195
2183
2183
2192
2215
2182
2203
2209
2251
2193
2218
2199
2206
2182
2183
2202
2191
2187
2183
2197
2194
2183
2183
2194
2191
2183
2203
2191
2187
2183
2192
2201
2183
2183
2204
2192
2182
2183
2190
2203
2183
2183
2199
2190
2183
2200
2194
2183
2182
2191
2194
2196
2184
2206
2192
2182
2183
2191
2203
2199
2183
2192
2204
2184
2183
2191
2195
2182
2217
2191
2200
2183
2193
