2312
2331
2321
2345
2325
2311
2334
2321
2352
2312
2312
2321
2318
2324
2311
2321
2323
2332
2312
2448
2323
2324
2323
2312
2333
2320
2323
2311
2313
2343
2319
2327
2312
2316
2327
2335
2311
2311
2323
2326
2321
2311
2312
2327
2321
2312
2312
2321
2328
2313
2311
2330
2320
2329
2315
2311
2330
2321
2314
2316
2324
2322
2330
2312
2311
2332
2323
2312
2311
2326
2327
2312
2312
2334
2324
2327
2314
2314
2329
2323
2311
2314
2324
2327
2314
2312
2360
2326
2340
2311
2326
2321
2382
2321
2316
2311
2401
2327
2311
2344
2321
2322
2320
2314
2328
2319
2331
2312
2314
2325
2336
2331
2311
2321
2324
2332
2311
2312
2324
2331
2320
2311
2337
2319
2327
2311
2328
2317
2318
2313
2315
2336
2322
2313
2312
2322
2330
2336
2311
2311
2319
2331
2328
2311
2326
2323
2332
2311
2324
2325
2320
2315
2314
2335
2325
2312
2314
2336
2335
2330
2311
2312
2329
2324
2327
2311
2317
2321
2327
2327
2313
2328
2319
2315
2314
2322
2328
2311
2317
2327
2319
2311
2349
2359
2320
2312
2312
2334
2353
2335
2311
2314
2335
2318
2315
2311
2317
2331
2312
2329
2320
2338
2314
2312
2319
2329
2314
2311
2328
2320
2364
2311
2312
2328
2320
2311
2314
2342
2331
2311
2312
2342
2322
2311
2311
2322
2338
2335
2311
2312
2321
2321
2330
2312
2334
2319
2313
2328
2321
2327
2331
2314
2312
2342
2325
2311
2312
2322
2330
2321
2311
2313
2321
2324
2325
2313
2330
2321
2312
2317
2324
2330
2320
2311
2313
2338
2320
2312
2312
2321
2326
2331
2311
2322
2329
2321
2312
2312
2319
2320
2311
2319
2320
2322
2311
2313
2335
2320
2325
2313
2311
2319
2336
2313
2312
2332
2320
2315
2311
2317
2321
2319
2312
2311
2326
2319
2322
2312
2346
2321
2324
2311
2312
2360
2325
2322
2311
2319
2323
2335
2312
2311
2319
2328
2311
2312
2334
2321
2312
2317
2334
2319
2311
2311
2328
2324
2320
2311
2334
2322
2327
2312
2328
2336
2319
2311
2321
2320
2322
2311
2314
2321
2326
2314
2312
2336
2319
2315
2312
2320
2319
2314
2313
2321
2318
2314
2311
2320
2334
2320
2312
2312
2320
2328
2312
2312
2322
2329
2313
2318
2321
2328
2319
2377
2347
2326
2320
2312
2311
2319
2332
2317
2311
2320
2326
2332
2311
2311
2330
2322
2311
2312
2319
2318
2314
2311
2332
2327
2322
2328
2363
2319
2325
2320
2382
2312
2343
2326
2320
2312
2312
2324
2320
2317
2311
2318
2318
2325
2311
2311
2321
2322
2316
2317
2329
2318
2312
2312
2324
2319
2319
2312
2311
2325
2329
2311
2311
2330
2319
2311
2312
2319
2319
2323
2316
2312
2320
2318
2311
2312
2320
2332
2312
2311
2320
2330
2327
2311
2312
2324
2329
2312
2312
2323
2325
2312
2316
2324
2329
2319
2311
2326
2329
2372
2311
2316
2320
2321
2312
2314
2317
2324
2337
2322
2352
2324
2331
2365
2312
2312
2327
2326
2312
2311
2316
2329
2320
2311
2316
2320
2318
2312
2312
2323
2319
2312
2311
2322
2324
2337
2312
2321
2329
2324
2316
2312
2323
2327
2312
2311
2320
2321
2328
2311
2325
2332
2322
2311
2312
2322
2326
2311
2311
2327
2324
2313
2321
2333
2319
2324
2312
2316
2323
2332
2311
2311
2325
2326
2312
2312
2323
2328
2315
2312
2322
2330
2320
2311
2315
2321
2331
2312
2313
2331
2322
2312
2313
2333
2323
2328
2322
2329
2313
2327
2331
2321
2351
2311
2311
2320
2319
2318
2312
2323
2319
2318
2312
2329
2323
2326
2312
2319
2320
2329
2312
2312
2327
2320
2312
2311
2322
2329
2312
2312
2327
2320
2312
2312
2320
2326
2320
2311
2325
2322
2329
2312
2321
2323
2319
2311
2330
2320
2323
2312
2312
2325
2323
2311
2312
2319
2324
2312
2312
2320
2325
2313
2312
2316
2325
2321
2312
2326
2321
2324
2311
2320
2329
2322
2311
2312
2319
2323
2312
2312
2325
2320
2311
2312
2320
2326
2311
2311
2323
2328
2311
2311
2324
2323
2320
2314
2311
2321
2326
2311
2311
2328
2321
2312
2311
2324
2329
2319
2311
2320
2324
2324
2317
2312
2318
2328
2313
2313
2328
2317
2313
2312
2322
2325
2322
2311
2312
2347
2318
2319
2312
2333
2325
2333
2316
2313
2320
2325
2323
2311
2320
2323
2322
2311
2312
2336
2325
2312
2311
2327
2328
2319
2311
2311
2331
2323
2312
2313
2328
2325
2315
2312
2337
2319
2320
2317
2312
2336
2320
2313
2312
2321
2330
2311
2311
2328
2323
2323
2312
2327
2322
2328
2313
2312
2330
2320
2311
2316
2326
2346
2320
2313
2324
2334
2325
2311
2338
2332
2326
2321
2311
2360
2349
2320
2314
2318
2323
2322
2312
2316
2322
2347
2311
2312
2326
2323
2328
2312
2325
2336
2329
2311
2325
2322
2338
2312
2314
2320
2326
2311
2311
2338
2325
2328
2312
2313
2329
2321
2311
2313
2325
2327
2314
2315
2330
2323
2312
2314
2323
2327
2323
2314
2328
2324
2328
2312
2312
2319
2323
2311
2311
2322
2323
2312
2324
2318
2322
2325
2311
2318
2322
2328
2312
2312
2331
2327
2312
2313
2323
2330
2327
2313
2312
2321
2329
2313
2311
2320
2322
2328
2311
2324
2324
2340
2311
2311
2330
2319
2345
2311
2312
2325
2318
2313
2313
2324
2343
2333
2311
2312
2322
2331
2317
2312
2330
2322
2312
2311
2329
2324
2322
2311
2333
2329
2330
2311
2313
2336
2321
2315
2313
2323
2329
2312
2320
2323
2322
2335
2312
2312
2321
2330
2317
2311
2334
2327
2329
2312
2325
2329
2325
2311
2312
2324
2326
2312
2318
2323
2332
2311
2313
2334
2322
2330
2335
2312
2329
2323
2311
2312
2322
2329
2327
2311
2314
2330
2320
2316
2311
2332
2322
2312
2311
2323
2325
2331
2319
2323
2335
2326
2313
2312
2321
2326
2313
2312
2331
2336
2328
2315
2327
2327
2322
2311
2311
2323
2322
2312
2312
2323
2337
2321
2312
2331
2322
2335
2311
2312
2338
2319
2311
2316
2323
2326
2313
2312
2337
2321
2327
2312
2312
2331
2322
2311
2312
2322
2329
2316
2312
2341
2321
2330
2312
2324
2322
2324
2311
2318
2341
2321
2312
2311
2650
2330
2348
2312
2311
2311
2324
2321
2312
2344
2322
2322
2329
2313
2361
2321
2326
2317
2312
2330
2322
2313
2311
2331
2322
2343
2311
2322
2323
2335
2329
2311
2331
2323
2311
2312
2338
2320
2311
2316
2323
2334
2323
2313
2315
2319
2326
2318
2312
2335
2322
2313
2330
2320
2328
2323
2312
2340
2318
2325
2311
2312
2324
2336
2316
2311
2322
2334
2328
2312
2314
2329
2321
2322
2312
2312
2319
2322
2312
2328
2324
2332
2315
2312
2328
2323
2311
2312
2327
2321
2327
2312
2326
2331
2327
2459
2316
2329
2323
2312
2314
2345
2320
2325
2318
2321
2348
2320
2312
2316
2321
2326
2311
2311
2326
2326
2312
2328
2320
2330
2324
2311
2329
2329
2326
2311
2312
2319
2343
2311
2314
2327
2327
2327
2314
2321
2332
2320
2317
2312
2320
2323
2322
2311
2335
2320
2312
2316
2332
2321
2321
2312
2312
2327
2327
2328
2312
2326
2334
2311
2312
2330
2374
2320
2317
2312
2341
2339
2365
2319
2311
2424
2327
2311
2322
2325
2322
2326
2311
2312
2324
2320
2312
2311
2321
2335
2320
2313
2321
2335
2330
2312
2311
2331
2321
2311
2317
2332
2323
2312
2311
2326
2340
2321
2311
2312
2321
2334
2312
2312
2323
2328
2316
2314
2329
2341
2324
2316
2311
2323
2321
2311
2311
2332
2334
2322
2311
2311
2330
2327
2312
2311
2330
2323
2312
2311
2325
2327
2323
2317
2331
2321
2325
2314
2312
2329
2321
2314
2321
2327
2335
2323
2312
2327
2323
2335
2312
2311
2328
2329
2311
2318
2324
2328
2312
2311
2329
2333
2322
2311
2314
2320
2330
2314
2313
2330
2321
2321
2312
2321
2317
2314
2311
2318
2322
2328
2311
2311
2345
2320
2312
2312
2320
2330
2322
2312
2336
2321
2336
2319
2314
