2452
2451
2446
2484
2445
2440
2449
2447
2446
2440
2440
2447
2458
2446
2440
2444
2451
2459
2449
2441
2444
2453
2454
2448
2439
2444
2453
2455
2449
2440
2440
2453
2454
2448
2440
2440
2455
2454
2447
2441
2440
2466
2448
2446
2440
2439
2463
2457
2448
2440
2441
2454
2455
2449
2440
2440
2451
2459
2448
2440
2441
2461
2456
2449
2442
2440
2474
2458
2461
2451
2462
2444
2456
2500
2449
2440
2440
2453
2449
2451
2440
2441
2454
2478
2471
2448
2440
2450
2454
2472
2448
2441
2440
2451
2472
2463
2440
2440
2458
2469
2454
2440
2440
2453
2469
2458
2440
2440
2462
2455
2449
2460
2440
2454
2461
2449
2448
2440
2445
2462
2465
2448
2440
2440
2457
2465
2461
2445
2440
2450
2466
2448
2440
2440
2468
2466
2467
2440
2440
2468
2451
2452
2450
2442
2469
2451
2469
2451
2440
2464
2451
2471
2448
2440
2442
2454
2475
2454
2441
2440
2448
2450
2447
2439
2439
2455
2448
2451
2448
2440
2449
2451
2458
2458
2439
2443
2452
2461
2447
2452
2455
2440
2463
2451
2450
2447
2449
2441
2449
2451
2453
2447
2440
2442
2453
2450
2471
2440
2456
2477
2458
2451
2440
2456
2464
2450
2455
2440
2458
2466
2453
2458
2440
2441
2457
2457
2452
2440
2441
2476
2460
2450
2440
2440
2477
2451
2449
2440
2440
2470
2463
2449
2440
2440
2469
2453
2458
2440
2440
2782
2465
2457
2459
2440
2440
2495
2452
2454
2439
2439
2490
2451
2456
2459
2442
2453
2452
2446
2457
2440
2440
2453
2449
2449
2440
2442
2452
2453
2450
2440
2440
2456
2463
2449
2440
2456
2451
2450
2440
2442
2449
2456
2449
2442
2439
2445
2449
2460
2441
2440
2458
2448
2449
2440
2442
2448
2457
2449
2442
2440
2445
2449
2462
2441
2441
2448
2454
2448
2444
2440
2441
2456
2449
2463
2440
2440
2455
2448
2453
2442
2441
2451
2452
2455
2440
2440
2462
2458
2457
2440
2452
2454
2449
2456
2440
2440
2448
2458
2449
2439
2440
2448
2449
2455
2445
2442
2459
2448
2450
2443
2440
2456
2453
2454
2444
2463
2459
2449
2449
2445
2441
2447
2447
2456
2440
2443
2447
2461
2449
2440
2446
2453
2456
2448
2439
2444
2449
2460
2448
2440
2444
2447
2448
2457
2440
2439
2449
2451
2452
2459
2447
2441
2453
2451
2459
2441
2456
2456
2450
2454
2442
2456
2451
2449
2449
2440
2444
2441
2440
2458
2475
2454
2440
2441
2449
2448
2463
2441
2440
2448
2456
2457
2441
2441
2451
2458
2452
2440
2442
2450
2453
2448
2440
2440
2448
2453
2448
2445
2461
2450
2455
2450
2444
2462
2448
2455
2450
2444
2440
2449
2455
2448
2440
2441
2446
2449
2448
2442
2440
2449
2448
2452
2440
2444
2451
2460
2448
2440
2445
2450
2459
2449
2440
2444
2451
2494
2460
2443
2454
2440
2449
2449
2463
2444
2440
2452
2465
2454
2440
2442
2449
2458
2451
2442
2444
2449
2458
2449
2440
2445
2448
2457
2448
2440
2446
2451
2457
2447
2442
2441
2448
2459
2448
2440
2440
2452
2447
2456
2440
2441
2459
2446
2455
2441
2440
2457
2450
2454
2440
2442
2459
2449
2453
2441
2448
2452
2454
2446
2440
2440
2450
2459
2449
2440
2442
2449
2458
2451
2440
2440
2456
2462
2449
2441
2441
2462
2453
2455
2440
2440
2462
2450
2459
2440
2440
2449
2453
2448
2451
2445
2440
2449
2454
2447
2440
2440
2448
2464
2450
2440
2448
2448
2441
2453
2444
2449
2453
2449
2440
2442
2454
2453
2448
2442
2440
2454
2456
2450
2440
2441
2454
2455
2449
2441
2441
2454
2454
2450
2558
2441
2462
2451
2455
2441
2440
2452
2458
2448
2441
2440
2453
2466
2450
2440
2441
2454
2454
2459
2440
2441
2459
2452
2457
2448
2440
2460
2453
2449
2455
2440
2456
2457
2447
2459
2440
2440
2454
2455
2447
2440
2457
2450
2459
2448
2442
2440
2455
2452
2455
2440
2440
2447
2454
2459
2440
2445
2455
2448
2447
2442
2440
2447
2469
2450
2450
2440
2453
2449
2453
2449
2439
2440
2447
2453
2453
2440
2442
2456
2449
2455
2442
2440
2457
2451
2457
2448
2440
2455
2450
2454
2440
2443
2461
2458
2449
2442
2440
2448
2459
2459
2454
2439
2450
2456
2450
2440
2440
2462
2453
2452
2440
2439
2448
2457
2449
2440
2442
2446
2460
2446
2442
2440
2445
2454
2451
2442
2440
2446
2446
2458
2442
2442
2445
2462
2446
2445
2440
2455
2449
2447
2440
2440
2449
2461
2446
2440
2448
2445
2456
2451
2440
2443
2446
2455
2447
2440
2446
2440
2446
2445
2455
2444
2440
2446
2455
2447
2441
2462
2450
2451
2474
2441
2451
2452
2466
2444
2440
2453
2455
2450
2447
2440
2457
2450
2462
2440
2440
2463
2450
2748
2452
2447
2440
2460
2461
2458
2450
2440
2490
2449
2448
2456
2440
2473
2451
2463
2464
2440
2460
2456
2449
2456
2440
2457
2454
2453
2457
2441
2441
2460
2449
2440
2441
2452
2479
2449
2440
2447
2451
2475
2449
2440
2447
2460
2478
2457
2440
2446
2453
2462
2460
2458
2445
2440
2459
2451
2457
2440
2440
2456
2473
2454
2440
2444
2465
2473
2451
2440
2444
2450
2472
2448
2440
2446
2454
2454
2449
2442
2442
2454
2455
2449
2440
2441
2456
2456
2465
2440
2442
2457
2461
2452
2448
2440
2482
2461
2466
2440
2440
2456
2449
2475
2443
2440
2463
2450
2459
2449
2440
2458
2448
2448
2470
2443
2440
2451
2458
2466
2440
2440
2457
2457
2464
2440
2442
2455
2455
2461
2440
2440
2454
2455
2447
2441
2460
2450
2453
2449
2458
2443
2448
2458
2449
2455
2440
2448
2457
2447
2440
2444
2449
2458
2449
2441
2440
2486
2455
2459
2451
2440
2440
2457
2449
2514
2442
2440
2461
2451
2451
2448
2440
2442
2453
2451
2459
2440
2440
2462
2475
2458
2440
2440
2458
2454
2449
2442
2440
2467
2449
2453
2440
2441
2455
2460
2449
2440
2441
2461
2449
2448
2439
2441
2463
2452
2463
2445
2440
2450
2452
2448
2455
2441
2450
2460
2449
2440
2440
2446
2462
2449
2455
2442
2440
2460
2450
2457
2441
2441
2454
2450
2449
2440
2446
2454
2455
2449
2442
2441
2452
2459
2448
2441
2440
2453
2460
2448
2440
2440
2461
2453
2457
2440
2449
2471
2449
2440
2440
2452
2457
2448
2444
2441
2460
2453
2453
2446
2440
2459
2451
2456
2444
2441
2457
2459
2447
2439
2440
2457
2453
2455
2440
2444
2459
2454
2456
2440
2442
2458
2452
2454
2442
2443
2457
2451
2458
2440
2440
2457
2453
2455
2440
2451
2457
2453
2440
2441
2451
2458
2452
2440
2440
2503
2453
2476
2452
2453
2440
2457
2455
2452
2439
2440
2450
2455
2456
2440
2440
2458
2449
2456
2450
2440
2440
2458
2451
2450
2440
2441
2455
2457
2448
2442
2445
2457
2459
2451
2440
2440
2459
2455
2448
2440
2451
2461
2450
2441
2440
2452
2460
2457
2440
2440
2451
2461
2456
2440
2442
2450
2456
2455
2442
2441
2450
2458
2454
2440
2441
2460
2454
2454
2440
2442
2459
2454
2448
2446
2440
2450
2460
2450
2446
2440
2453
2459
2449
2449
2440
2451
2456
2451
2441
2440
2456
2459
2453
2440
2442
2440
2459
2448
2442
2447
2451
2459
2449
2456
2447
2453
2457
2449
2440
2452
2451
2464
2448
2458
2443
2440
2461
2449
2445
2440
2458
2457
2456
2442
2440
2458
2458
2451
2440
2440
2465
2454
2454
2449
2442
2456
2452
2458
2442
2440
2457
2451
2450
2440
2439
2453
2461
2450
2458
2441
2440
2466
2451
2455
2439
2463
2468
2452
2476
2441
2440
2465
2449
2495
2450
2440
2456
2457
2448
2449
2441
2442
2456
2448
2465
2439
2440
2450
2457
2448
2439
2441
2470
2449
2462
2440
2440
2463
2451
2450
2440
2440
2452
2449
2452
2440
2440
2456
2450
2458
2440
2440
2458
2451
2449
2440
2442
2451
2455
2448
2442
2440
2452
2451
2447
2439
2440
2459
2451
2454
2439
2441
2461
2449
2455
