2578
2588
2570
2596
2569
2578
2588
2579
2585
2569
2571
2587
2577
2586
2577
2569
2569
2578
2585
2581
2582
2569
2569
2577
2582
2579
2582
2569
2573
2574
2583
2592
2577
2571
2576
2569
2587
2579
2585
2577
2570
2571
2583
2581
2583
2579
2569
2569
2580
2589
2577
2588
2576
2569
2575
2581
2577
2579
2587
2569
2574
2585
2580
2585
2577
2569
2569
2584
2591
2579
2583
2569
2571
2569
2576
2575
2585
2571
2569
2571
2577
2583
2580
2579
2569
2570
2577
2577
2586
2581
2583
2569
2587
2581
2592
2580
2568
2569
2569
2576
2577
2576
2576
2569
2569
2576
2574
2588
2576
2569
2569
2576
2609
2581
2584
2601
2569
2570
2595
2576
2591
2577
2569
2569
2580
2576
2593
2576
2570
2569
2585
2576
2577
2578
2573
2585
2579
2590
2580
2587
2569
2570
2570
2578
2589
2588
2578
2569
2571
2581
2587
2578
2589
2569
2569
2587
2578
2586
2581
2571
2570
2578
2580
2589
2579
2569
2570
2580
2574
2578
2578
2576
2569
2569
2581
2578
2582
2587
2568
2578
2585
2571
2581
2620
2579
2595
2577
2570
2578
2569
2590
2591
2579
2593
2569
2572
2579
2585
2585
2588
2569
2569
2587
2582
2587
2579
2578
2571
2581
2584
2585
2578
2571
2571
2584
2585
2581
2586
2571
2571
2588
2578
2586
2586
2569
2569
2582
2585
2584
2586
2569
2569
2586
2589
2579
2585
2569
2569
2589
2579
2589
2579
2569
2571
2579
2577
2577
2588
2571
2569
2587
2580
2590
2581
2571
2570
2586
2583
2589
2578
2569
2572
2583
2587
2579
2578
2569
2569
2611
2587
2581
2592
2569
2576
2569
2587
2589
2576
2587
2570
2568
2569
2580
2591
2577
2578
2569
2577
2576
2583
2576
2592
2575
2570
2585
2577
2576
2591
2569
2571
2582
2581
2578
2590
2569
2569
2585
2577
2577
2589
2569
2569
2596
2582
2586
2577
2570
2573
2586
2585
2586
2578
2571
2569
2594
2586
2578
2583
2569
2569
2579
2582
2582
2593
2571
2569
2583
2580
2589
2577
2569
2571
2582
2589
2581
2577
2569
2573
2583
2585
2577
2587
2573
2569
2576
2579
2583
2587
2570
2569
2584
2578
2593
2578
2570
2571
2577
2601
2580
2579
2569
2569
2585
2586
2578
2569
2569
2569
2587
2580
2586
2568
2569
2570
2579
2585
2581
2569
2569
2570
2584
2592
2590
2581
2569
2569
2577
2586
2580
2589
2570
2569
2584
2580
2586
2580
2570
2577
2581
2588
2601
2586
2569
2577
2578
2592
2578
2569
2575
2569
2581
2581
2588
2576
2569
2586
2578
2578
2590
2570
2570
2569
2595
2583
2579
2583
2570
2570
2581
2588
2579
2589
2569
2574
2590
2577
2586
2569
2582
2570
2593
2579
2587
2586
2699
2585
2582
2583
2594
2579
2585
2569
2587
2586
2577
2602
2569
2569
2592
2579
2594
2587
2570
2575
2588
2593
2588
2578
2575
2570
2598
2596
2578
2593
2569
2585
2587
2578
2593
2569
2586
2569
2584
2586
2584
2585
2569
2581
2587
2581
2594
2569
2569
2585
2585
2596
2591
2571
2576
2584
2596
2588
2577
2576
2571
2594
2634
2579
2602
2569
2626
2587
2580
2592
2576
2605
2569
2577
2593
2579
2618
2570
2569
2587
2582
2595
2585
2569
2576
2585
2596
2586
2571
2575
2570
2593
2588
2577
2575
2570
2591
2577
2590
2583
2569
2586
2585
2577
2591
2578
2569
2569
2584
2585
2585
2593
2588
2575
2575
2569
2598
2575
2582
2585
2569
2585
2579
2585
2584
2570
2578
2576
2572
2593
2578
2577
2604
2590
2572
2625
2581
2638
2589
2577
2582
2570
2569
2582
2577
2576
2585
2569
2571
2588
2576
2588
2575
2569
2576
2581
2582
2577
2579
2569
2574
2569
2579
2575
2592
2582
2575
2578
2570
2609
2573
2584
2584
2569
2568
2577
2584
2583
2577
2569
2569
2569
2587
2580
2591
2580
2569
2573
2583
2586
2578
2586
2573
2569
2584
2577
2586
2584
2568
2570
2585
2580
2590
2580
2569
2569
2578
2589
2579
2583
2571
2569
2593
2581
2597
2577
2569
2574
2580
2581
2578
2589
2572
2569
2599
2580
2586
2583
2569
2569
2579
2589
2580
2585
2571
2568
2586
2580
2586
2577
2569
2571
2587
2580
2584
2582
2569
2573
2572
2582
2580
2588
2573
2568
2581
2582
2584
2580
2571
2569
2580
2582
2591
2585
2568
2571
2586
2580
2577
2582
2569
2569
2590
2586
2579
2583
2571
2572
2588
2582
2583
2576
2572
2572
2588
2577
2583
2581
2569
2568
2580
2577
2579
2588
2568
2569
2584
2581
2589
2577
2572
2569
2587
2587
2577
2583
2569
2574
2588
2581
2590
2578
2590
2569
2593
2581
2578
2605
2587
2579
2569
2574
2582
2569
2569
2579
2621
2621
2583
2572
2569
2586
2583
2581
2609
2570
2572
2569
2584
2592
2584
2572
2569
2569
2598
2577
2587
2581
2569
2586
2609
2585
2578
2578
2569
2569
2583
2580
2588
2576
2572
2573
2577
2579
2587
2577
2573
2569
2578
2581
2586
2583
2569
2569
2578
2587
2582
2587
2569
2570
2585
2584
2668
2577
2591
2568
2578
2578
2581
2596
2584
2572
2569
2581
2592
2588
2578
2569
2569
2591
2587
2582
2569
2569
2592
2588
2578
2579
2569
2584
2574
2583
2582
2590
2584
2569
2571
2581
2606
2594
2608
2571
2569
2577
2627
2580
2588
2569
2569
2607
2576
2591
2588
2577
2569
2570
2580
2577
2592
2577
2569
2573
2590
2585
2583
2578
2573
2569
2582
2586
2583
2580
2569
2571
2578
2576
2579
2584
2569
2569
2577
2589
2577
2575
2571
2569
2586
2579
2578
2588
2569
2573
2612
2578
2581
2578
2573
2569
2593
2579
2577
2590
2569
2569
2596
2602
2588
2578
2571
2569
2578
2587
2579
2586
2570
2570
2581
2585
2581
2591
2569
2572
2580
2590
2580
2635
2579
2570
2590
2579
2589
2580
2587
2569
2570
2584
2579
2587
2578
2570
2569
2579
2586
2579
2584
2569
2569
2578
2578
2585
2578
2569
2569
2578
2584
2582
2587
2569
2568
2583
2578
2575
2578
2569
2569
2576
2574
2576
2576
2569
2572
2570
2577
2577
2581
2583
2569
2569
2577
2581
2578
2588
2569
2569
2583
2578
2589
2586
2569
2576
2580
2588
2586
2598
2579
2575
2569
2581
2587
2579
2592
2569
2569
2585
2577
2592
2580
2569
2569
2586
2585
2586
2586
2569
2570
2586
2584
2576
2586
2571
2573
2591
2580
2585
2580
2573
2572
2579
2584
2582
2591
2569
2569
2585
2580
2581
2587
2569
2570
2586
2583
2587
2577
2572
2569
2582
2584
2580
2586
2569
2576
2584
2577
2586
2579
2573
2569
2579
2587
2579
2573
2572
2569
2583
2584
2582
2569
2569
2585
2576
2589
2582
2578
2584
2569
2585
2582
2579
2596
2569
2571
2578
2583
2593
2590
2572
2569
2581
2594
2588
2583
2569
2569
2592
2581
2584
2576
2569
2585
2585
2591
2582
2577
2585
2569
2578
2583
2580
2594
2569
2571
2577
2593
2591
2590
2571
2569
2575
2600
2577
2587
2569
2569
2603
2580
2589
2569
2569
2585
2590
2582
2588
2575
2585
2569
2578
2592
2594
2582
2576
2571
2582
2588
2636
2588
2623
2580
2569
2609
2583
2578
2585
2576
2601
2569
2579
2584
2576
2605
2569
2570
2588
2579
2601
2582
2572
2569
2578
2602
2582
2586
2569
2571
2602
2581
2591
2577
2569
2584
2583
2578
2577
2587
2585
2569
2581
2587
2578
2605
2571
2572
2579
2577
2607
2577
2573
2571
2577
2596
2588
2582
2569
2569
2598
2587
2580
2577
2571
2586
2578
2590
2577
2589
2584
2571
2588
2579
2590
2585
2569
2572
2580
2586
2593
2571
2588
2571
2589
2596
2586
2584
2571
2569
2616
2585
2587
2585
2569
2588
2583
2584
2589
2581
2586
2569
2584
2581
2577
2586
2569
2587
2583
2588
2594
2569
2573
2569
2583
2593
2588
2573
2569
2570
2594
2583
2585
2571
2569
2586
2590
2585
2585
2576
2588
2569
2593
2578
2576
2600
2570
2574
2588
2576
2604
2580
2573
2569
2597
2596
2578
2588
2569
2569
2603
2622
2579
2597
2578
2570
2569
2589
2577
2581
