257
255
254
254
254
254
254
254
254
254
255
293
254
254
253
266
254
254
258
254
254
254
254
254
255
254
254
254
265
254
254
255
254
255
254
257
255
263
254
254
254
254
255
254
254
253
283
253
253
254
254
254
254
254
254
270
274
254
255
306
254
254
255
255
254
254
254
258
254
254
254
254
254
254
254
253
264
254
254
254
254
254
254
254
254
254
254
254
254
261
253
254
254
254
254
253
254
254
263
254
255
254
256
254
253
254
254
254
253
256
254
290
253
254
253
254
254
254
254
254
254
254
254
255
255
254
254
254
254
254
254
254
254
254
254
254
254
254
254
254
254
255
254
254
254
254
255
254
253
254
256
255
254
254
254
254
254
254
254
254
254
255
254
254
254
255
254
255
255
254
255
254
254
254
254
253
256
254
254
254
254
310
254
254
254
254
254
255
257
254
291
257
254
253
266
254
254
254
255
254
254
255
254
267
258
254
256
254
254
255
262
254
254
254
253
253
266
254
254
255
254
254
254
254
254
267
254
254
254
255
254
254
254
254
265
254
257
254
255
254
253
254
254
266
254
254
254
253
253
254
254
254
254
255
254
254
254
254
254
254
254
254
261
254
255
254
254
254
254
253
255
254
259
254
265
255
254
254
254
254
255
254
254
269
254
254
254
254
255
254
254
254
255
254
254
253
302
253
253
256
254
254
253
254
254
254
254
254
254
297
255
255
254
256
254
254
254
255
254
254
254
254
284
255
254
254
254
254
254
254
254
263
254
254
254
259
253
254
254
254
254
270
254
254
274
254
254
254
255
254
254
256
254
300
254
254
254
254
254
254
254
254
254
255
253
254
253
254
254
254
254
254
256
255
255
264
254
254
255
254
254
254
254
254
254
254
254
254
255
265
254
256
254
254
253
254
253
255
260
254
254
254
254
254
255
254
254
254
254
261
254
254
255
254
254
254
254
254
262
254
254
254
254
254
254
255
266
253
254
254
254
254
255
254
254
265
254
255
255
254
254
254
254
254
264
253
254
254
254
254
254
255
255
257
254
254
254
255
254
254
255
254
264
254
254
254
254
254
253
254
254
254
254
254
256
297
254
254
254
254
254
254
255
254
255
254
254
254
254
254
255
254
257
254
254
254
254
254
254
254
254
255
285
254
254
254
254
254
254
255
254
255
254
254
254
254
254
255
254
254
265
255
254
254
254
254
254
255
254
254
256
254
254
269
254
254
254
254
254
254
254
254
288
256
254
254
254
255
259
254
254
301
254
254
254
254
254
254
254
254
254
254
255
254
255
254
254
256
254
254
254
254
254
254
254
254
254
254
254
254
253
254
254
254
254
317
254
254
254
254
254
256
254
254
254
254
254
254
255
254
254
255
254
254
254
254
254
254
255
254
254
266
254
254
254
253
255
255
255
254
270
254
253
254
254
254
254
254
255
280
254
254
254
254
255
254
253
254
255
254
254
254
254
254
254
254
260
254
254
254
254
257
254
254
254
254
254
254
254
254
254
254
253
254
254
260
255
254
254
254
257
254
254
254
313
254
254
255
255
254
254
255
254
282
254
255
254
253
254
254
254
253
266
254
254
254
254
254
254
254
254
253
254
254
254
286
254
254
254
254
254
254
254
255
254
254
254
270
254
254
253
254
254
254
255
254
283
254
254
254
255
255
254
254
254
254
254
254
254
264
254
253
254
254
254
254
254
254
261
255
254
254
255
254
254
254
255
255
254
254
254
254
265
255
254
254
254
253
254
254
253
254
254
254
259
266
254
255
257
254
254
254
254
253
254
254
255
255
256
257
254
265
254
254
254
253
254
258
255
254
255
255
254
254
268
255
254
254
255
254
254
254
254
336
254
254
254
254
254
253
254
254
290
254
255
254
254
265
254
255
254
269
255
254
254
254
254
254
255
254
272
254
254
254
282
255
254
254
254
253
254
254
254
254
253
254
254
266
254
254
255
254
254
269
254
254
254
292
258
254
266
254
253
253
264
254
255
254
255
291
254
254
254
267
253
254
254
254
254
254
256
254
255
254
254
254
255
254
254
254
254
273
255
254
257
254
255
254
254
254
255
254
254
255
254
254
254
254
254
254
255
254
263
255
254
254
254
254
266
256
254
255
254
254
254
254
254
254
254
255
254
254
254
254
254
254
255
266
254
254
254
254
255
255
254
254
254
254
254
255
254
255
254
255
254
254
268
254
254
254
255
256
254
254
254
255
254
254
254
254
254
254
254
254
254
267
254
254
254
254
255
254
254
255
255
255
255
254
254
256
254
268
254
254
254
254
254
254
255
254
255
254
256
254
254
254
254
254
255
254
254
254
254
270
258
254
256
254
254
254
254
255
265
255
255
254
254
255
254
256
258
254
254
259
254
254
292
254
255
254
254
254
254
257
258
309
254
254
254
254
254
254
260
254
266
254
254
260
254
254
255
254
255
254
254
254
254
254
338
254
253
258
265
254
254
254
254
255
254
254
254
254
255
254
254
254
255
254
254
254
254
253
254
254
253
254
254
254
254
255
254
254
254
254
277
254
254
254
254
255
254
254
253
267
255
255
254
254
255
255
254
256
269
254
254
254
255
254
255
254
254
284
254
254
254
254
255
254
253
254
281
254
254
254
255
254
254
254
254
260
254
254
253
254
254
254
254
254
254
254
254
254
266
262
255
254
269
254
254
254
254
254
256
253
254
254
254
254
254
266
254
254
254
254
255
254
254
254
254
254
254
254
254
254
254
254
255
254
256
254
254
255
254
254
254
254
254
254
254
254
254
255
254
254
254
254
254
255
254
254
255
254
254
254
256
254
254
255
269
254
254
255
255
254
254
254
254
256
261
254
254
254
255
254
255
254
254
254
255
254
271
254
254
254
254
254
254
254
254
267
254
254
255
254
255
254
255
254
254
254
254
254
254
254
255
255
254
254
254
254
254
254
255
254
254
254
283
254
254
255
254
254
254
253
254
254
254
254
254
255
253
254
254
255
254
255
254
253
254
254
254
254
287
254
254
254
254
254
254
254
254
254
254
254
254
254
261
