383
383
383
383
385
382
382
383
383
389
399
391
382
382
382
382
383
382
382
383
385
383
383
383
383
383
392
382
382
383
404
385
382
383
436
383
389
383
383
382
383
383
385
383
383
382
382
383
383
382
382
383
386
383
382
382
383
388
383
382
383
432
383
383
383
383
383
382
390
383
382
382
383
382
383
383
386
382
383
383
382
383
383
383
396
383
383
384
396
383
383
383
383
382
383
383
382
383
383
383
384
382
383
382
382
382
383
393
382
382
382
414
382
383
383
392
385
383
382
383
385
382
382
382
383
383
382
382
382
382
383
383
386
383
400
382
382
382
382
383
383
382
382
383
383
383
383
383
385
383
382
383
383
383
385
382
383
390
382
382
383
428
382
383
386
382
383
383
383
382
383
382
383
383
383
383
383
383
382
393
383
384
382
410
382
383
383
394
383
382
383
382
391
382
398
382
383
387
394
382
383
382
388
382
382
383
382
383
383
383
383
382
383
395
383
382
383
383
383
384
382
383
383
383
383
383
383
383
406
389
383
383
383
383
383
388
382
382
382
383
382
383
383
383
383
383
382
382
383
389
412
383
383
382
382
383
384
383
383
388
383
383
382
387
383
410
383
382
383
408
382
383
382
397
384
382
383
383
383
383
382
383
382
383
382
383
382
383
383
383
383
383
383
383
383
383
383
383
383
382
382
383
383
382
383
383
382
382
385
383
383
383
383
383
383
383
382
382
382
382
398
383
383
383
434
382
383
383
383
382
383
383
383
383
383
383
383
383
383
383
383
383
383
382
383
383
383
383
383
383
383
383
383
382
383
383
382
388
382
397
383
382
382
417
383
383
382
382
383
382
383
383
383
387
383
382
391
382
383
382
383
383
399
383
382
383
391
382
383
384
383
383
382
383
383
382
383
383
383
382
383
402
383
383
383
391
383
383
382
382
383
383
390
443
382
382
390
383
383
382
385
383
383
382
383
383
383
383
386
382
382
384
393
382
383
383
427
383
382
383
383
383
382
383
383
382
383
402
383
383
382
393
383
385
383
430
383
383
383
394
386
382
383
393
382
384
383
383
383
383
382
383
382
383
382
383
394
382
382
383
382
383
383
383
382
382
382
383
385
383
383
383
382
383
393
383
382
382
409
383
383
383
383
383
383
382
383
383
383
383
383
383
383
382
382
384
382
394
389
383
382
383
383
383
406
382
383
382
394
382
382
382
383
382
382
383
383
382
383
416
382
382
383
400
382
386
383
383
383
383
383
383
383
383
383
390
382
383
393
382
382
382
411
382
384
383
383
382
383
382
382
383
382
393
383
383
383
406
382
383
383
382
433
383
382
382
383
382
383
386
382
382
383
423
383
382
382
383
382
384
382
383
382
385
400
382
383
384
382
388
383
382
383
389
383
383
383
383
383
383
383
383
383
396
414
386
383
383
383
385
382
382
382
382
393
382
382
382
394
383
383
383
392
383
383
389
418
383
383
383
393
383
382
382
395
383
383
383
383
383
383
383
383
382
383
382
383
383
383
382
383
383
382
382
383
383
383
383
383
383
383
420
382
383
383
396
382
383
383
426
383
383
383
438
383
383
383
382
383
384
382
382
383
382
383
383
382
383
382
383
387
383
383
383
382
383
383
383
382
382
382
383
383
383
388
383
383
382
393
383
383
383
383
384
382
382
383
383
382
383
382
383
386
389
383
383
383
383
383
382
383
383
383
382
382
382
383
383
385
383
382
382
383
383
383
383
383
384
382
383
382
382
382
382
382
383
383
382
383
402
382
383
383
412
383
383
389
403
383
383
383
383
382
382
399
383
383
383
383
383
383
383
382
383
383
383
383
383
382
382
383
390
383
383
382
382
383
383
383
383
382
394
387
382
382
424
383
390
383
383
382
382
388
388
383
383
418
382
388
383
383
383
382
385
383
382
382
382
382
382
382
403
382
383
383
383
383
382
387
382
382
383
400
382
385
383
406
383
383
383
392
383
382
383
431
382
385
383
395
383
383
382
402
383
382
383
394
386
383
382
383
382
383
382
382
383
383
383
385
383
383
383
382
383
383
383
382
389
383
383
385
382
383
383
382
382
398
383
382
383
382
382
383
383
382
383
383
382
382
382
388
383
382
384
383
383
383
438
383
382
390
393
383
383
386
397
382
382
383
395
383
383
382
383
382
382
388
383
383
383
383
383
383
382
383
400
383
386
383
383
383
383
383
383
383
383
382
383
383
385
383
383
382
382
383
382
382
383
382
390
384
383
422
383
382
382
395
383
383
383
409
383
383
383
394
383
382
383
382
382
383
383
383
383
399
383
382
383
382
382
383
383
385
383
382
382
383
383
383
382
383
382
383
382
383
382
383
383
389
425
383
383
383
395
383
382
383
392
382
383
383
395
382
382
383
383
383
382
383
383
383
383
383
399
382
383
383
383
383
383
382
383
383
383
383
383
382
383
383
383
396
388
393
382
382
383
382
392
383
383
394
383
383
383
395
383
382
383
393
383
383
383
397
382
386
382
382
382
383
383
382
383
383
383
383
383
383
382
382
382
383
383
383
382
382
406
383
383
383
383
383
383
382
383
383
383
383
385
382
382
382
382
383
382
394
383
383
383
394
385
383
383
394
383
383
382
383
383
382
383
383
383
383
382
383
383
383
383
383
383
382
382
383
383
383
383
383
383
382
382
382
382
382
383
387
382
383
412
383
383
383
383
383
391
382
383
382
382
383
383
383
383
394
383
382
383
404
383
398
382
408
383
382
383
392
383
386
383
383
382
382
382
383
383
383
383
383
383
383
383
382
383
389
383
382
382
382
393
385
383
382
394
383
383
383
408
383
383
382
395
385
382
382
382
382
383
383
398
383
382
383
386
383
383
383
383
382
383
382
383
383
383
383
385
383
383
382
382
383
383
383
387
382
382
391
382
383
383
392
383
383
383
392
383
383
383
382
385
382
383
383
382
383
382
383
382
399
383
383
383
382
383
383
383
384
383
383
383
382
391
386
382
383
382
382
383
412
382
382
386
394
383
382
383
383
383
383
