511
531
511
511
531
511
511
512
520
512
511
512
511
511
517
511
512
519
511
512
512
511
512
511
511
511
514
520
513
512
511
511
511
511
511
511
512
519
511
511
511
511
512
511
532
511
511
511
512
511
511
511
511
511
518
514
511
511
511
511
511
550
512
511
511
511
512
511
512
511
511
522
511
511
511
511
511
511
511
511
511
539
511
511
511
511
511
511
511
511
512
519
511
511
511
511
511
511
536
512
511
520
511
511
511
511
511
511
531
511
511
512
511
512
513
511
511
511
536
511
511
512
511
511
517
512
511
512
521
511
511
511
511
511
511
511
511
511
520
512
511
511
511
511
511
512
511
511
520
511
511
511
511
513
511
523
512
511
511
512
511
512
521
511
512
511
511
512
512
542
511
511
529
511
512
539
511
511
524
512
511
512
511
511
511
511
512
527
519
511
512
515
511
511
511
514
511
511
510
511
552
511
511
511
511
512
511
520
511
513
511
511
511
510
519
511
511
511
511
517
512
511
511
512
511
511
511
511
511
511
512
519
511
518
511
511
511
512
512
511
511
541
511
512
511
511
511
518
519
513
511
511
511
533
511
511
512
511
537
512
511
519
511
511
511
511
511
512
511
525
512
511
511
511
511
515
511
511
518
511
511
511
511
511
511
517
512
512
511
517
512
511
512
511
527
521
511
511
514
512
511
511
529
511
512
512
511
511
530
516
511
511
542
512
512
511
511
511
511
552
511
511
540
511
511
512
511
511
514
520
511
511
511
511
511
512
520
512
512
511
511
511
511
512
511
511
525
511
511
512
512
511
512
536
511
511
512
511
511
511
515
512
512
521
511
512
512
512
511
512
521
511
511
511
514
511
512
514
511
511
521
511
512
511
511
512
511
523
511
511
539
511
511
527
511
511
511
547
511
511
512
512
511
511
511
511
512
511
511
512
511
522
512
521
511
516
534
511
511
511
512
523
514
511
511
512
511
517
542
511
511
512
514
511
511
511
511
511
520
511
511
518
513
511
511
521
511
511
511
512
512
512
520
511
511
511
512
511
511
513
511
511
539
512
511
512
511
511
511
521
514
512
511
511
511
512
531
511
511
511
511
512
514
520
515
511
511
511
511
511
512
511
511
523
511
511
511
511
512
511
522
511
514
512
511
511
511
557
511
511
511
511
512
512
511
511
511
537
512
512
511
511
514
511
540
511
512
519
511
511
511
548
512
511
512
511
512
511
537
512
512
511
517
511
511
511
511
511
521
511
511
512
512
512
511
521
513
512
511
511
511
511
523
511
511
511
511
512
511
523
513
511
514
512
511
511
522
511
511
511
511
511
511
512
520
511
512
512
520
516
511
513
511
511
521
512
513
511
511
511
514
517
511
511
511
511
511
511
511
511
512
519
511
511
512
511
511
511
520
512
519
512
511
511
511
511
512
511
512
512
511
524
511
511
512
511
511
511
543
513
511
511
511
512
524
511
511
515
513
512
511
512
514
511
532
511
511
511
511
511
511
531
511
511
511
511
512
512
547
512
511
511
511
511
511
574
512
512
521
511
512
511
511
511
512
524
511
512
511
511
522
511
523
511
511
511
511
511
511
512
511
511
522
511
519
511
511
512
511
538
511
511
511
512
511
511
546
511
512
522
511
511
511
527
511
511
522
511
512
511
511
511
511
546
511
511
511
511
511
511
512
511
511
511
511
511
511
544
512
511
527
512
527
511
511
511
511
511
512
512
511
511
512
511
522
511
527
511
511
511
512
512
511
511
529
512
511
511
514
511
511
512
516
512
565
511
511
530
513
511
511
511
511
511
512
517
512
526
511
510
547
511
511
511
511
511
511
532
511
511
511
520
511
511
511
512
511
524
511
511
511
511
512
512
520
511
512
511
511
511
511
571
512
512
511
511
511
511
519
511
515
512
511
512
512
529
511
511
511
511
511
510
511
511
512
513
523
511
512
512
511
511
511
523
512
511
512
512
511
511
523
512
511
511
511
512
511
522
512
511
511
511
511
511
524
512
511
511
511
511
511
521
512
519
511
511
511
511
516
512
512
512
512
511
566
512
511
511
518
512
511
511
515
512
511
511
512
523
511
512
512
523
511
511
512
514
511
524
511
511
522
511
511
526
511
511
512
521
511
511
512
511
512
511
521
512
511
512
511
511
511
522
511
512
514
511
511
511
532
511
511
511
527
511
512
528
512
511
512
512
511
511
556
511
511
511
512
511
512
521
511
512
511
511
511
511
538
511
512
511
511
511
512
511
511
512
522
511
511
511
511
511
511
523
512
512
511
518
511
511
523
511
534
522
511
518
512
511
511
527
528
511
511
512
511
512
522
525
511
511
511
512
511
511
537
511
511
511
511
511
511
540
511
511
511
511
511
511
553
511
511
512
511
512
511
528
511
511
512
511
512
511
521
511
512
512
511
511
511
554
511
512
512
512
511
511
532
520
511
523
511
511
511
511
512
512
512
514
511
523
512
511
512
511
511
512
512
511
512
536
511
512
535
512
512
512
511
512
511
550
511
523
522
512
511
523
511
511
526
511
511
511
531
512
511
516
511
511
511
512
511
511
522
511
511
523
512
511
512
514
511
511
523
512
517
512
511
511
518
519
517
512
511
513
512
514
523
512
511
511
511
511
511
511
512
511
541
512
511
511
511
511
511
512
511
511
522
511
525
511
511
511
511
511
512
511
552
511
527
524
511
511
541
511
511
511
511
511
511
539
511
511
545
512
511
511
511
511
513
511
511
511
520
511
511
511
512
511
511
538
511
511
513
512
511
511
512
511
511
524
511
511
512
511
511
511
522
512
512
511
512
511
511
539
511
511
521
511
512
512
511
517
511
527
511
510
511
511
527
511
511
511
513
523
511
516
511
511
512
511
523
511
511
511
511
512
512
527
511
511
511
512
513
511
526
512
511
527
512
512
512
543
513
511
516
511
512
511
541
511
511
511
526
512
511
527
512
512
511
511
511
512
524
511
511
511
511
511
512
543
512
512
512
517
512
511
544
511
511
511
511
511
511
548
511
511
511
