640
640
677
641
639
651
640
648
658
640
640
649
639
640
659
654
640
650
640
639
655
640
640
658
639
640
653
639
640
671
639
639
648
639
640
655
640
642
649
640
646
660
640
640
649
640
640
664
639
639
649
639
640
649
639
640
663
640
640
653
640
640
664
642
640
654
640
640
648
640
640
640
640
640
640
640
640
640
648
639
640
642
640
640
640
640
640
649
639
640
678
646
640
649
640
640
679
640
640
650
639
639
653
640
641
660
640
640
652
640
639
640
640
640
640
640
640
642
640
640
640
640
640
640
640
640
640
652
640
640
646
639
639
669
640
642
651
640
640
667
640
640
657
640
640
650
640
640
692
640
640
653
640
640
664
640
640
647
639
639
649
640
640
686
639
640
662
643
639
650
641
640
664
640
640
639
645
639
639
651
639
640
646
640
640
665
645
658
652
640
640
666
639
639
646
639
639
650
639
640
664
640
640
651
674
640
649
639
640
659
640
640
651
659
639
671
640
645
648
640
640
640
641
640
650
641
639
653
640
651
655
640
640
641
640
640
675
647
640
653
640
640
661
639
640
652
640
639
651
640
641
648
639
639
698
640
640
651
645
640
640
639
647
640
639
641
640
640
640
649
640
640
650
640
640
652
640
640
649
640
640
640
640
640
640
640
640
639
649
640
640
640
643
640
640
640
640
640
640
640
650
641
639
664
640
641
649
645
640
649
643
640
640
639
640
640
639
640
640
641
640
639
639
640
640
640
647
640
640
640
640
640
640
639
640
639
640
641
640
644
639
640
639
640
640
640
640
640
640
649
640
640
669
640
640
651
641
640
651
640
640
640
640
640
642
642
640
640
640
641
640
640
640
640
649
640
640
687
641
640
650
640
642
664
640
640
649
640
640
640
640
643
640
640
640
640
640
639
640
649
640
639
663
640
642
650
640
640
639
642
640
647
640
640
645
645
639
640
640
640
640
640
640
640
640
646
654
652
640
641
666
639
640
653
640
639
647
639
640
650
639
640
661
640
639
650
640
640
673
640
640
651
642
640
663
640
640
650
639
640
640
647
640
640
640
640
639
639
640
639
640
640
639
640
640
640
640
640
642
639
640
640
640
640
640
640
647
642
640
640
640
639
640
639
640
640
640
640
640
640
640
640
640
640
639
641
669
641
640
653
640
640
670
640
640
651
640
639
663
640
640
640
640
641
639
640
640
639
640
640
640
640
640
640
640
640
640
647
640
640
640
642
639
640
640
640
639
640
640
664
643
640
640
640
640
665
640
640
661
640
640
649
640
640
663
640
640
651
640
640
668
640
640
652
640
641
666
640
640
640
651
640
640
650
640
639
652
646
643
658
640
646
640
639
640
642
640
644
655
639
640
653
640
642
652
640
640
650
640
639
650
639
639
649
640
646
651
640
639
655
656
640
654
640
639
639
640
640
640
640
640
640
639
640
650
640
639
640
640
640
640
647
639
640
639
655
640
640
640
640
640
639
640
639
639
639
640
639
639
640
640
640
639
640
639
640
647
640
640
640
640
639
640
639
640
639
640
640
639
639
640
639
663
640
640
654
639
640
651
640
640
647
640
640
640
655
639
671
639
639
654
640
640
653
640
639
652
639
639
688
640
640
650
640
640
651
645
640
666
640
658
662
639
640
664
640
640
651
642
640
675
640
640
655
639
640
662
640
640
651
639
641
669
640
640
670
642
639
665
639
640
640
640
640
640
640
639
640
640
639
639
639
639
640
640
640
646
640
640
640
640
639
641
640
640
640
673
646
640
669
640
640
640
639
663
657
640
640
669
639
647
651
640
640
649
640
640
672
640
640
640
640
640
640
639
640
640
639
643
640
640
640
639
639
640
642
639
640
640
640
640
640
640
640
640
640
641
640
640
639
640
640
640
640
640
640
667
640
640
640
656
640
640
651
640
640
652
640
640
640
640
640
640
639
640
640
639
640
640
640
641
639
640
640
639
640
642
640
640
645
641
640
640
640
640
639
640
640
640
640
640
639
640
641
639
639
654
640
642
670
639
640
650
640
640
649
640
642
664
640
640
653
640
640
676
640
640
653
640
640
672
640
640
648
641
640
680
640
640
650
640
640
649
640
640
639
640
640
639
640
640
640
642
640
640
640
640
640
640
640
640
640
640
640
640
639
639
640
639
641
640
640
639
640
640
642
640
640
640
641
640
640
640
640
640
667
640
640
640
640
640
650
640
640
673
640
641
654
640
640
671
640
640
651
640
640
669
640
640
680
640
640
650
643
640
665
640
640
640
640
640
640
639
641
640
640
640
640
639
639
668
642
641
654
640
640
663
640
644
661
640
640
678
640
641
656
645
640
651
639
644
639
640
640
651
640
640
683
641
640
652
645
640
648
640
640
675
639
640
652
640
639
668
639
639
655
640
639
651
640
640
663
641
640
651
640
640
663
644
640
651
640
642
640
640
640
640
640
639
639
640
640
640
640
640
640
640
640
640
640
641
640
669
640
640
662
640
639
653
640
641
675
640
640
652
640
644
666
640
640
654
640
640
640
640
640
640
640
640
643
640
640
640
640
640
639
668
640
640
651
640
640
668
640
640
654
640
640
666
640
640
640
640
640
640
643
640
640
640
640
640
640
641
640
640
640
640
664
643
640
654
640
640
662
640
640
650
640
640
665
640
641
653
640
640
663
640
640
640
639
642
640
639
639
640
640
640
640
640
642
640
666
640
640
657
640
640
672
641
640
652
640
640
665
640
640
640
642
640
640
640
640
640
640
640
640
640
640
640
640
640
640
654
640
640
653
640
639
640
639
639
650
640
639
656
643
639
673
640
639
650
640
640
662
640
640
654
702
641
640
640
640
640
640
654
640
640
639
640
640
643
657
640
640
649
640
640
692
640
640
650
639
639
663
640
640
649
640
640
649
640
639
640
640
639
639
641
639
639
640
640
640
656
639
640
640
640
639
642
640
640
639
640
640
650
657
640
649
640
640
679
643
640
652
640
640
661
639
656
640
640
640
641
640
642
640
640
640
640
640
640
656
640
640
640
640
639
