768
769
774
768
768
768
773
771
769
806
778
768
768
773
768
794
769
768
777
801
768
769
769
771
768
768
801
768
768
778
775
768
768
771
779
768
768
817
768
771
768
768
776
769
769
780
768
769
769
769
769
768
769
791
768
768
791
770
769
768
769
768
768
768
830
773
768
777
769
769
771
769
768
768
769
777
768
769
793
768
769
769
768
768
768
768
784
784
768
793
768
771
769
769
774
768
769
792
768
769
768
769
770
768
768
777
768
769
777
768
785
769
768
769
771
769
780
771
774
768
769
769
768
768
779
775
768
806
768
768
768
769
768
770
768
768
768
769
800
768
769
780
769
768
769
769
768
769
769
778
768
769
775
768
768
793
768
769
782
768
776
769
769
769
768
768
779
768
768
783
768
769
832
768
768
769
777
794
769
768
804
769
768
768
768
787
779
775
780
774
769
801
768
779
768
768
780
768
769
768
768
768
802
768
797
769
768
779
768
768
779
768
778
769
768
791
768
768
768
768
768
771
768
769
769
769
792
768
776
783
768
768
769
772
768
768
768
774
769
768
792
768
768
768
772
768
768
769
777
768
768
797
770
769
768
768
769
768
768
782
770
769
769
769
768
769
768
773
770
768
783
769
769
778
768
768
770
768
769
768
768
784
769
769
770
768
768
768
768
800
776
769
782
769
768
768
768
769
768
769
770
768
768
783
768
769
793
769
768
769
769
768
769
775
782
768
770
793
769
769
780
769
768
769
770
774
768
769
797
768
768
785
769
768
791
769
769
768
768
769
768
769
795
768
769
780
769
768
989
769
780
768
774
799
769
768
770
768
796
775
769
779
768
781
768
769
768
774
769
778
777
768
782
768
799
769
768
779
768
768
780
769
774
791
769
769
769
769
771
768
768
778
768
768
779
769
771
809
768
768
769
768
768
768
769
775
768
768
768
814
769
769
768
776
796
768
768
779
772
769
769
768
768
768
768
778
768
775
779
768
768
768
769
779
768
768
778
769
768
769
769
768
768
768
776
768
769
792
772
768
769
769
768
768
769
778
768
769
792
769
768
778
768
768
769
768
777
769
769
792
768
772
768
769
768
784
769
780
769
769
777
768
769
768
768
769
768
768
769
769
768
793
768
769
782
768
769
778
784
770
768
768
768
769
768
769
772
770
793
769
783
778
768
768
796
768
768
768
768
769
768
768
785
769
768
783
769
769
794
768
769
783
770
768
769
768
779
769
769
792
768
778
768
768
768
770
768
800
769
769
768
769
772
768
769
792
768
768
782
768
769
768
768
776
768
768
796
768
768
780
768
769
793
768
768
772
768
769
769
768
768
768
772
768
770
768
768
780
768
768
784
768
820
774
768
782
768
768
768
768
768
768
768
778
774
768
780
769
802
768
768
768
768
769
783
770
768
1022
768
795
768
774
797
770
768
768
769
769
768
768
779
790
769
769
805
769
768
769
776
771
769
793
805
768
779
768
769
769
768
769
768
768
781
768
768
795
768
768
768
768
768
775
769
779
768
785
795
768
769
780
768
770
769
777
768
768
769
794
768
770
780
768
768
796
770
769
769
768
807
768
769
783
769
769
768
771
773
768
769
780
769
769
789
771
768
783
769
768
769
768
768
770
769
768
768
768
782
769
769
803
768
769
768
784
769
768
768
782
769
768
792
769
768
768
769
770
768
769
782
769
769
791
775
768
781
768
784
768
768
769
769
768
769
768
775
779
768
768
807
768
769
769
769
769
770
768
790
768
770
780
768
768
801
768
768
768
770
768
768
768
773
768
769
781
768
768
768
785
784
768
768
778
768
769
802
768
789
769
769
781
768
768
768
773
769
802
769
795
769
768
777
771
768
769
769
768
768
768
778
769
769
769
772
768
769
768
793
770
783
777
768
769
768
775
769
768
769
789
769
785
769
773
768
768
782
778
768
768
768
768
809
768
768
785
770
768
769
768
769
768
768
795
768
768
780
768
768
769
773
768
769
768
794
768
768
775
770
768
771
769
779
768
768
768
769
768
768
768
791
771
769
780
769
768
786
769
769
769
769
780
768
768
816
769
769
781
769
769
768
768
768
769
771
783
768
769
779
769
768
769
769
770
768
768
805
769
768
779
768
769
769
769
768
768
769
801
769
769
779
769
768
768
768
768
769
771
778
769
769
794
768
768
769
768
768
768
768
790
771
768
782
771
769
799
769
769
769
769
768
768
773
769
768
769
781
768
769
779
769
769
795
769
771
769
768
768
770
768
768
769
768
799
768
769
780
768
768
768
768
768
769
769
768
768
769
789
768
768
797
768
769
769
769
795
768
768
777
769
771
796
768
768
769
769
768
768
769
778
772
769
783
769
768
771
770
768
769
769
797
768
771
783
768
768
795
769
768
769
768
768
768
768
778
768
768
774
768
768
769
770
769
768
768
778
768
768
791
768
768
780
768
769
785
768
768
783
768
769
768
769
769
769
768
778
769
769
778
769
768
768
769
769
769
768
769
768
769
793
775
769
779
768
768
816
769
768
780
769
790
768
770
780
769
768
791
769
769
769
768
769
768
769
769
768
769
797
768
768
779
768
769
769
771
775
768
768
794
768
769
779
769
769
769
769
769
768
768
777
771
769
791
769
768
778
769
768
778
768
768
768
768
797
768
769
780
768
778
776
768
776
768
768
780
769
768
768
769
768
778
771
776
769
768
793
768
769
769
775
782
768
770
781
768
768
768
768
801
768
768
788
768
771
769
771
769
769
769
802
769
768
780
768
768
769
768
780
768
768
783
775
768
768
768
768
778
768
796
769
768
779
768
769
769
768
769
770
768
779
768
768
805
769
768
769
768
768
768
779
780
769
769
790
768
768
768
768
769
769
769
775
768
768
778
768
769
792
768
770
768
768
777
768
768
783
769
770
780
769
769
798
769
769
784
768
769
768
768
769
768
768
777
776
769
793
768
768
768
768
768
773
769
779
768
768
791
773
768
768
768
768
768
769
790
769
768
783
768
768
768
768
769
768
769
795
768
768
781
769
772
803
769
769
769
768
770
769
769
