904
898
896
910
899
897
901
896
908
896
899
897
897
908
898
908
897
900
918
896
911
897
896
921
902
909
897
897
925
897
910
897
897
919
897
905
896
897
920
897
913
897
896
897
897
917
899
897
915
897
897
897
897
928
897
897
897
897
926
897
911
904
897
924
897
908
899
897
897
897
918
897
897
897
897
905
906
897
897
897
905
896
897
897
897
905
899
897
897
897
904
897
896
913
897
924
897
902
906
897
897
897
897
906
905
897
897
897
908
897
897
897
897
905
897
909
897
896
913
897
912
897
897
908
897
906
899
896
926
897
908
897
897
910
897
897
896
896
916
902
897
899
897
921
897
896
896
897
930
903
897
897
897
917
897
897
898
897
907
897
900
897
897
908
897
897
897
897
908
897
903
897
897
911
897
897
921
900
897
897
921
897
897
897
897
921
897
897
900
897
921
901
907
897
897
907
896
897
912
897
923
897
897
897
897
917
898
898
897
898
921
897
898
909
897
923
897
897
910
899
899
897
897
907
897
897
897
897
924
897
901
897
897
917
897
898
909
898
897
898
897
911
897
899
898
897
907
897
897
897
898
907
897
896
897
898
906
897
898
922
897
906
906
897
920
899
909
897
897
921
898
897
899
897
921
897
898
897
896
909
897
897
897
902
908
897
897
897
897
910
897
897
897
897
925
897
897
898
897
910
897
898
897
897
923
897
897
898
897
927
987
909
897
899
900
897
903
913
896
897
897
906
897
897
904
896
920
897
897
897
904
914
898
897
897
903
920
899
898
913
897
897
897
897
907
900
896
897
897
924
897
897
899
897
920
897
903
897
897
925
898
897
897
898
918
897
897
909
897
897
898
897
907
897
897
897
897
911
897
897
897
898
908
897
897
918
897
897
904
899
909
897
897
897
897
906
897
898
897
897
921
897
898
897
899
905
897
905
896
897
897
897
924
918
898
897
897
910
896
897
897
899
907
901
897
896
897
951
896
897
897
897
911
896
901
897
897
925
897
897
897
897
931
911
905
897
897
923
898
896
898
896
909
897
897
925
897
909
897
897
921
897
897
896
896
906
897
897
897
898
907
897
898
898
897
905
900
897
929
897
898
896
896
902
897
896
898
900
912
897
896
897
897
905
897
897
897
897
912
897
897
897
897
912
897
897
898
897
912
897
897
925
897
897
897
897
922
897
897
897
898
915
898
897
897
897
906
897
897
900
897
908
897
897
897
898
905
897
897
897
897
924
897
898
897
897
917
897
897
897
899
909
897
897
897
897
906
897
897
919
897
908
897
897
928
898
916
898
902
897
909
924
897
897
899
897
897
896
922
897
904
897
897
907
897
897
910
897
898
897
926
897
897
899
900
920
897
897
897
897
914
903
897
897
897
914
897
903
898
897
908
898
896
925
897
922
896
897
910
900
908
896
897
897
896
907
897
896
897
896
909
898
898
897
897
906
897
898
897
897
927
897
898
897
896
913
898
897
897
897
924
897
897
910
898
918
897
897
915
899
897
897
896
907
898
897
899
897
907
897
897
897
897
906
904
897
896
897
908
897
897
899
897
907
897
899
918
898
907
897
897
920
897
898
897
899
920
897
897
898
898
905
897
900
922
897
904
897
897
904
898
899
897
897
903
897
897
914
899
923
897
897
907
897
897
897
899
902
897
897
897
897
905
900
898
897
897
921
904
897
897
900
938
897
897
905
897
897
899
902
937
897
912
897
898
899
897
905
897
903
940
897
897
918
898
907
899
923
897
897
897
897
917
902
897
897
897
908
897
901
897
897
908
909
897
896
900
906
897
897
897
896
908
897
904
900
896
916
896
897
902
898
908
897
897
897
897
910
897
897
901
897
908
897
897
898
897
911
897
897
918
901
897
897
906
897
898
898
896
930
897
900
897
897
907
897
897
898
897
912
897
897
920
897
897
897
897
908
897
897
898
897
912
897
897
897
897
919
898
897
913
897
897
901
897
908
897
897
897
897
911
897
897
915
897
909
897
897
925
897
897
897
899
921
897
897
896
896
923
897
897
897
897
921
898
906
897
897
918
897
897
912
897
897
897
897
908
897
897
897
897
910
897
897
897
897
919
897
897
907
897
897
898
897
909
897
902
900
898
908
897
897
897
897
909
897
897
897
897
922
897
898
906
897
897
897
897
905
901
897
897
896
1221
897
922
901
896
896
899
920
897
897
897
897
961
911
913
933
897
898
899
922
896
896
902
897
919
897
897
897
897
920
897
897
897
897
911
897
897
909
897
933
897
897
897
898
909
897
897
918
899
915
897
897
897
897
908
897
897
923
904
910
897
900
902
897
907
897
897
918
897
897
897
897
915
897
897
897
899
907
898
897
897
896
916
897
897
921
897
897
897
897
936
897
908
901
897
898
897
907
898
897
901
897
907
898
897
899
897
907
897
898
897
897
921
899
897
910
897
896
897
897
907
901
897
897
897
908
897
899
897
897
923
897
900
909
897
898
897
897
907
897
897
897
899
916
897
897
897
897
905
898
898
897
897
922
897
897
910
898
897
897
897
941
897
897
900
898
908
897
896
897
897
905
899
897
897
897
906
896
897
898
914
916
896
897
897
899
922
897
897
897
897
908
897
897
897
899
928
897
910
897
896
907
897
897
897
896
907
897
898
897
896
935
897
897
897
896
913
897
897
897
896
907
897
897
897
897
907
897
896
897
897
907
914
897
897
896
924
905
897
897
898
919
897
897
898
897
906
898
897
898
897
905
898
913
897
897
905
897
904
925
898
907
896
897
897
897
906
897
899
897
897
907
897
896
922
897
897
897
897
913
897
899
897
897
909
896
897
897
897
923
897
898
897
898
912
913
897
897
896
929
904
897
897
899
920
897
897
897
897
920
901
897
897
896
922
897
912
899
897
920
896
897
896
897
922
897
933
898
897
897
897
918
899
897
924
897
906
897
897
899
897
916
897
897
915
897
897
931
897
926
897
897
900
897
934
897
897
897
896
922
897
899
899
897
915
897
896
897
896
905
897
897
897
901
905
897
897
916
897
897
897
898
905
897
899
