1026
1025
1026
1026
1038
1032
1057
1026
1026
1026
1025
1039
1026
1035
1025
1035
1025
1027
1033
1025
1034
1026
1036
1025
1045
1033
1025
1026
1025
1047
1033
1039
1026
1025
1026
1025
1035
1025
1025
1026
1032
1026
1025
1050
1025
1029
1025
1025
1026
1025
1047
1025
1042
1026
1026
1025
1025
1048
1026
1040
1025
1025
1026
1026
1034
1025
1062
1025
1025
1032
1026
1051
1027
1035
1026
1025
1025
1026
1034
1033
1025
1026
1026
1026
1026
1065
1028
1026
1025
1025
1026
1026
1037
1026
1041
1025
1025
1026
1033
1055
1026
1035
1026
1025
1026
1026
1050
1026
1047
1025
1026
1026
1026
1037
1026
1050
1025
1025
1084
1027
1025
1036
1041
1026
1072
1025
1028
1027
1025
1026
1025
1090
1033
1036
1025
1026
1041
1025
1025
1027
1037
1025
1042
1025
1025
1025
1029
1039
1025
1050
1025
1026
1028
1025
1049
1036
1035
1025
1026
1028
1026
1026
1026
1051
1025
1032
1026
1025
1026
1025
1043
1026
1034
1025
1026
1025
1025
1035
1025
1026
1025
1032
1038
1027
1060
1026
1036
1037
1026
1026
1033
1045
1025
1036
1025
1026
1027
1025
1026
1025
1037
1025
1050
1027
1026
1026
1026
1037
1025
1030
1033
1025
1026
1030
1026
1025
1039
1025
1046
1035
1025
1026
1032
1057
1025
1037
1025
1026
1030
1033
1025
1026
1045
1025
1036
1025
1028
1026
1029
1044
1026
1026
1025
1029
1025
1025
1051
1026
1037
1027
1026
1026
1025
1034
1025
1025
1026
1025
1026
1026
1035
1026
1051
1028
1026
1026
1026
1045
1025
1026
1026
1026
1025
1026
1056
1026
1026
1032
1026
1048
1026
1035
1026
1026
1026
1025
1049
1030
1058
1026
1026
1026
1026
1039
1026
1026
1025
1029
1026
1025
1036
1025
1025
1025
1028
1046
1025
1036
1026
1026
1026
1028
1038
1025
1049
1026
1025
1026
1027
1050
1025
1039
1026
1025
1026
1026
1039
1025
1025
1025
1026
1026
1026
1036
1025
1034
1029
1026
1028
1026
1039
1026
1025
1026
1026
1027
1027
1032
1025
1035
1025
1025
1026
1026
1043
1029
1038
1025
1027
1026
1026
1044
1026
1036
1026
1031
1026
1025
1044
1026
1040
1026
1027
1026
1026
1037
1026
1053
1025
1027
1025
1025
1048
1025
1041
1027
1028
1025
1026
1026
1025
1044
1026
1036
1029
1025
1026
1026
1038
1027
1052
1027
1026
1025
1026
1051
1026
1026
1027
1025
1041
1057
1041
1025
1044
1028
1025
1032
1026
1026
1058
1041
1025
1046
1027
1025
1033
1026
1060
1026
1036
1025
1026
1026
1026
1035
1029
1035
1025
1025
1026
1026
1047
1026
1025
1026
1029
1025
1026
1035
1026
1025
1027
1030
1034
1025
1041
1026
1025
1032
1026
1038
1026
1041
1025
1026
1026
1026
1068
1026
1038
1025
1025
1026
1025
1048
1032
1037
1025
1026
1025
1025
1033
1026
1026
1034
1026
1026
1026
1034
1027
1026
1025
1026
1033
1029
1053
1025
1025
1026
1026
1052
1026
1026
1025
1030
1026
1026
1036
1026
1027
1026
1025
1052
1026
1042
1025
1025
1027
1025
1036
1025
1033
1026
1027
1025
1026
1034
1026
1053
1026
1027
1026
1026
1032
1025
1038
1026
1026
1026
1025
1034
1026
1042
1036
1026
1026
1026
1070
1026
1025
1026
1025
1034
1030
1035
1026
1025
1027
1026
1034
1026
1047
1026
1030
1070
1029
1026
1031
1036
1025
1038
1025
1030
1026
1025
1053
1026
1042
1025
1056
1025
1032
1026
1025
1035
1034
1026
1026
1038
1026
1026
1036
1028
1025
1028
1040
1026
1046
1033
1025
1026
1025
1026
1026
1037
1027
1026
1025
1025
1026
1036
1035
1025
1050
1026
1026
1025
1026
1033
1028
1028
1026
1025
1042
1026
1034
1026
1038
1026
1026
1025
1025
1038
1026
1051
1026
1025
1026
1026
1042
1026
1035
1026
1026
1026
1026
1050
1025
1026
1027
1026
1048
1025
1035
1026
1059
1027
1026
1026
1028
1038
1026
1038
1026
1025
1025
1028
1048
1026
1025
1025
1026
1050
1028
1036
1025
1026
1033
1030
1026
1026
1046
1026
1036
1025
1025
1028
1026
1036
1026
1044
1026
1026
1028
1025
1037
1026
1025
1026
1025
1041
1026
1046
1025
1026
1025
1026
1034
1025
1036
1026
1025
1026
1025
1039
1025
1046
1028
1026
1025
1027
1054
1025
1038
1025
1026
1025
1032
1025
1025
1050
1026
1025
1026
1025
1026
1025
1036
1026
1046
1025
1025
1026
1026
1046
1026
1047
1028
1025
1026
1026
1039
1036
1047
1028
1025
1025
1025
1026
1026
1038
1025
1026
1025
1025
1027
1025
1048
1026
1039
1025
1026
1026
1026
1049
1028
1026
1026
1033
1025
1037
1028
1026
1026
1032
1025
1025
1038
1028
1070
1025
1026
1026
1025
1048
1025
1036
1026
1025
1025
1026
1037
1027
1034
1025
1035
1026
1026
1025
1025
1034
1026
1026
1029
1026
1026
1026
1039
1026
1025
1026
1025
1032
1030
1050
1025
1026
1025
1026
1026
1026
1035
1025
1026
1026
1026
1026
1025
1046
1026
1026
1025
1027
1026
1025
1043
1026
1033
1026
1026
1025
1025
1041
1025
1034
1027
1025
1025
1025
1031
1026
1044
1028
1026
1026
1025
1047
1026
1033
1026
1026
1025
1026
1034
1026
1047
1026
1025
1026
1025
1043
1044
1036
1025
1025
1025
1025
1025
1026
1046
1026
1035
1025
1025
1026
1028
1035
1025
1036
1025
1029
1026
1027
1035
1025
1044
1026
1026
1026
1028
1039
1026
1026
1026
1026
1033
1026
1044
1025
1027
1030
1026
1052
1028
1034
1026
1026
1026
1026
1033
1030
1026
1025
1026
1047
1025
1033
1026
1026
1026
1028
1034
1026
1050
1026
1025
1026
1025
1051
1026
1026
1025
1025
1025
1026
1034
1026
1028
1026
1026
1033
1025
1049
1026
1028
1025
1026
1042
1026
1039
1025
1028
1026
1032
1045
1025
1025
1025
1030
1029
1026
1037
1026
1046
1026
1025
1026
1025
1044
1029
1034
1028
1026
1025
1026
1033
1026
1042
1028
1026
1026
1026
1054
1025
1041
1026
1032
1026
1029
1025
1026
1039
1026
1043
1026
1026
1027
1026
1044
1025
1040
1025
1025
1027
1026
1036
1025
1050
1025
1031
1025
1027
1025
1025
1034
1025
1032
1029
1027
1026
1026
1033
1026
1026
1026
1027
1042
1026
1034
1026
1026
1025
1042
1037
1025
1051
1028
1026
1025
1025
1036
1025
1035
1025
1026
1027
1029
1038
1026
1034
1025
1041
1027
1026
1026
1025
1037
1026
1061
1026
1026
1026
1025
1045
1025
1039
1026
1025
1026
1026
1036
1026
1043
1025
1026
1030
1026
1044
1025
1037
1041
1026
1026
1025
1035
1029
1054
1025
1025
1025
1042
1052
1026
1026
1026
1026
1036
1025
1049
1026
1041
1026
1026
1046
1026
1026
1027
1025
1052
1026
1054
1025
1026
1025
1026
1031
1025
1035
1025
1026
1042
1025
1036
1025
1060
1026
1026
1028
1026
1038
1025
1058
1026
1025
1028
1026
1025
1025
1039
1041
1053
1026
1026
1030
1025
1035
1026
1028
1026
1042
1026
1026
1045
1030
1025
1026
1028
1052
1025
1035
1025
1027
1026
1029
1045
1026
1038
1026
1025
1025
1026
1048
1026
1040
1026
1026
1025
1026
1052
1025
1026
1027
1026
1038
1025
1052
1025
1026
1044
1025
1036
1025
1049
1025
1026
1027
1026
1035
1042
1035
1025
1026
1026
1026
1031
1025
1046
1025
1025
1025
1026
1034
1032
1039
1026
1028
1026
1026
1044
1026
1033
1026
1032
1026
1026
1033
1025
1048
1025
1026
1025
1026
1034
1026
1031
1025
1026
1026
1025
1025
1025
1039
1027
1026
1026
1025
1045
1025
1034
1033
1025
1029
1025
1026
1025
1036
1027
1042
1025
1025
1026
1025
1046
1025
1034
1025
1026
1025
1025
1035
1036
1035
1025
1031
1036
1026
1026
1029
1037
1025
1036
1026
1025
1025
1025
1046
1026
1048
1025
1046
1031
1026
1026
1026
1037
1026
1036
1025
1025
1026
1026
1035
1027
1034
1059
1025
1025
1026
1038
1027
1035
1026
1025
1026
1025
1034
