1166
1154
1178
1154
1155
1177
1161
1154
1154
1154
1155
1163
1157
1165
1156
1164
1154
1172
1154
1156
1154
1154
1154
1154
1154
1154
1154
1154
1165
1155
1173
1156
1167
1154
1174
1154
1154
1157
1154
1154
1166
1154
1154
1166
1155
1169
1154
1163
1154
1193
1154
1165
1154
1154
1154
1154
1154
1154
1170
1155
1164
1154
1182
1154
1163
1154
1154
1160
1157
1155
1154
1154
1154
1162
1154
1178
1161
1164
1154
1178
1155
1154
1154
1154
1154
1160
1163
1156
1184
1154
1163
1154
1176
1156
1160
1154
1154
1154
1154
1177
1176
1176
1159
1171
1154
1169
1154
1175
1154
1165
1154
1155
1161
1154
1154
1154
1177
1154
1164
1154
1174
1160
1168
1154
1154
1154
1154
1154
1163
1154
1155
1154
1155
1167
1154
1184
1155
1165
1155
1155
1153
1154
1154
1156
1154
1154
1173
1155
1160
1155
1181
1154
1164
1153
1175
1156
1155
1154
1154
1154
1154
1156
1155
1179
1154
1171
1154
1172
1183
1163
1154
1154
1154
1154
1163
1154
1154
1154
1162
1170
1154
1167
1154
1162
1179
1166
1154
1166
1154
1154
1154
1153
1154
1161
1178
1155
1162
1154
1187
1154
1162
1154
1169
1154
1154
1170
1153
1154
1154
1161
1155
1166
1154
1164
1171
1185
1154
1154
1154
1154
1158
1154
1163
1170
1164
1154
1185
1156
1163
1158
1159
1155
1170
1157
1154
1154
1154
1167
1158
1163
1154
1191
1154
1163
1154
1154
1154
1158
1154
1154
1171
1154
1162
1154
1162
1155
1178
1154
1164
1170
1154
1154
1154
1154
1154
1207
1154
1165
1180
1177
1154
1165
1153
1174
1157
1165
1153
1176
1154
1154
1155
1154
1154
1159
1154
1154
1164
1153
1164
1154
1180
1156
1164
1154
1154
1154
1154
1154
1154
1164
1156
1183
1155
1164
1154
1176
1154
1154
1154
1156
1154
1154
1155
1154
1163
1155
1176
1155
1169
1155
1173
1154
1154
1154
1154
1154
1154
1167
1154
1170
1155
1162
1154
1168
1154
1155
1155
1154
1155
1155
1177
1154
1163
1154
1179
1154
1156
1154
1154
1154
1153
1164
1156
1164
1154
1162
1155
1187
1154
1154
1154
1155
1167
1154
1175
1155
1164
1154
1181
1154
1154
1156
1154
1171
1155
1164
1155
1181
1154
1168
1154
1154
1162
1155
1164
1155
1184
1154
1166
1155
1156
1161
1155
1154
1155
1154
1157
1167
1154
1163
1160
1164
1154
1157
1154
1154
1154
1163
1154
1154
1154
1154
1175
1154
1185
1154
1154
1154
1174
1154
1163
1154
1163
1154
1163
1155
1155
1160
1154
1154
1155
1170
1154
1169
1154
1163
1159
1181
1199
1180
1154
1154
1156
1154
1154
1158
1164
1154
1194
1154
1164
1154
1162
1154
1159
1156
1154
1154
1154
1183
1154
1163
1154
1186
1154
1154
1154
1154
1154
1154
1166
1153
1188
1154
1164
1154
1162
1154
1154
1154
1156
1159
1154
1154
1154
1164
1155
1169
1154
1163
1156
1155
1154
1156
1154
1154
1176
1155
1163
1156
1174
1154
1169
1154
1383
1155
1165
1159
1163
1155
1154
1190
1154
1154
1156
1154
1155
1168
1154
1178
1156
1162
1153
1162
1154
1154
1157
1154
1154
1155
1156
1155
1163
1154
1175
1158
1172
1154
1155
1155
1154
1154
1156
1176
1159
1165
1155
1171
1154
1164
1154
1154
1154
1158
1154
1156
1163
1154
1174
1153
1163
1155
1159
1154
1155
1154
1154
1184
1156
1167
1155
1167
1155
1176
1155
1155
1154
1154
1154
1154
1166
1154
1177
1154
1156
1177
1153
1155
1154
1154
1155
1154
1154
1164
1154
1188
1155
1171
1154
1182
1155
1154
1154
1156
1154
1155
1166
1154
1193
1157
1164
1154
1173
1154
1154
1154
1155
1154
1154
1165
1155
1180
1156
1163
1157
1155
1154
1154
1154
1160
1165
1154
1174
1158
1168
1155
1177
1154
1154
1154
1154
1154
1158
1198
1153
1179
1162
1169
1154
1173
1154
1167
1155
1157
1173
1154
1154
1153
1154
1155
1167
1154
1162
1155
1175
1156
1163
1154
1154
1154
1154
1155
1157
1167
1154
1177
1154
1166
1156
1178
1155
1154
1154
1155
1154
1154
1166
1155
1177
1154
1163
1155
1154
1154
1155
1155
1157
1175
1155
1163
1155
1168
1159
1154
1154
1157
1154
1155
1154
1154
1164
1155
1175
1154
1166
1154
1176
1154
1162
1153
1154
1155
1157
1154
1154
1173
1154
1182
1157
1181
1154
1162
1154
1167
1156
1173
1154
1154
1154
1154
1154
1154
1185
1154
1162
1154
1181
1155
1163
1160
1170
1154
1164
1157
1154
1155
1154
1154
1173
1167
1154
1174
1154
1166
1154
1180
1154
1161
1154
1154
1155
1154
1154
1154
1162
1154
1182
1157
1168
1161
1167
1154
1212
1155
1208
1154
1154
1160
1154
1161
1158
1160
1155
1154
1154
1154
1157
1169
1164
1167
1154
1170
1155
1165
1154
1175
1154
1155
1155
1154
1155
1154
1164
1154
1178
1154
1167
1155
1174
1155
1164
1154
1154
1154
1154
1154
1155
1154
1154
1177
1154
1164
1158
1179
1154
1154
1154
1154
1156
1154
1166
1156
1169
1155
1170
1156
1174
1154
1155
1154
1156
1156
1155
1154
1154
1164
1154
1180
1154
1170
1155
1154
1154
1155
1155
1154
1165
1154
1168
1155
1182
1154
1165
1154
1155
1155
1156
1155
1154
1183
1154
1167
1154
1177
1154
1168
1156
1154
1154
1165
1154
1154
1154
1154
1157
1157
1154
1155
1167
1154
1165
1156
1180
1154
1164
1154
1176
1156
1155
1154
1153
1154
1159
1180
1154
1166
1154
1174
1155
1168
1154
1154
1154
1154
1154
1154
1177
1154
1167
1155
1180
1154
1167
1154
1154
1154
1153
1154
1156
1167
1156
1176
1154
1166
1153
1184
1154
1153
1154
1154
1154
1156
1154
1154
1171
1154
1176
1160
1166
1154
1174
1154
1155
1155
1154
1154
1154
1154
1154
1164
1157
1178
1154
1164
1155
1155
1156
1154
1154
1155
1155
1154
1166
1154
1166
1154
1180
1155
1170
1154
1153
1154
1154
1157
1154
1154
1154
1167
1154
1174
1154
1166
1156
1190
1154
1175
1154
1157
1159
1154
1154
1157
1155
1156
1174
1154
1184
1169
1165
1158
1174
1154
1154
1153
1154
1183
1153
1154
1153
1182
1153
1163
1154
1183
1154
1174
1154
1155
1161
1154
1154
1154
1183
1169
1166
1154
1179
1154
1165
1154
1154
1161
1154
1154
1154
1190
1155
1165
1155
1173
1154
1163
1154
1156
1154
1155
1154
1154
1165
1154
1175
1155
1163
1154
1155
1154
1156
1155
1154
1175
1155
1163
1154
1154
1154
1154
1155
1154
1170
1155
1164
1154
1176
1154
1164
1154
1154
1154
1154
1154
1154
1171
1154
1164
1154
1175
1154
1155
1160
1154
1155
1159
1172
1154
1165
1154
1175
1154
1164
1153
1159
1155
1155
1154
1154
1163
1155
1170
1155
1176
1154
1164
1154
1156
1154
1155
1155
1154
1172
1154
1174
1154
1163
1153
1164
1183
1168
1154
1154
1154
1154
1154
1156
1164
1154
1165
1157
1164
1155
1154
1154
1155
1154
1154
1165
1160
1178
1155
1164
1154
1155
1157
1154
1154
1158
1178
1154
1164
1154
1176
1154
1154
1155
1158
1156
1154
1164
1155
1176
1155
1169
1154
1154
1154
1154
1154
1154
1174
1154
1166
1154
1178
1154
1154
1154
1154
1229
1154
1154
1156
1177
1155
1166
1154
1178
1157
1166
1154
1175
1154
1154
1155
1156
1154
1155
1177
1154
1173
1156
1165
1154
1172
1154
1154
1156
1154
1154
1156
1164
1154
1164
1154
1180
1157
1165
1154
1180
1154
1154
1154
1154
1155
1154
1166
1154
1166
1154
1163
1154
1189
1155
1154
1154
1154
1158
1155
1166
1154
1180
1154
1163
1154
1179
1159
1154
1154
1159
1155
1165
1159
1154
1154
1158
1155
1155
1154
1154
1183
1154
1166
1160
1166
1154
1178
1154
1154
1159
1154
1154
1154
1154
1154
1172
1154
1163
1155
1172
1154
1154
1159
1154
1154
1154
1154
1154
1178
1154
1165
1158
1181
1155
1156
1153
1155
1154
1154
1163
1159
1180
1154
1167
1155
1155
1154
1156
1155
1158
