125
125
126
125
126
125
125
125
126
125
125
126
127
126
126
136
125
125
125
126
125
126
125
125
125
126
125
127
126
126
126
125
125
125
125
135
125
125
126
126
126
125
126
126
125
126
125
126
125
125
126
126
125
126
125
125
126
126
126
125
125
126
140
125
125
126
125
125
125
125
125
125
125
125
125
125
125
125
125
125
126
126
126
125
127
126
126
140
125
125
126
125
126
126
126
125
126
125
125
126
128
125
125
140
125
126
142
126
126
125
126
126
125
126
128
127
126
126
125
136
126
126
125
125
126
126
126
126
126
125
128
129
126
126
125
125
126
125
125
126
136
131
125
126
126
125
126
125
126
126
126
126
125
125
126
126
126
129
125
126
126
127
125
125
126
126
125
126
126
126
126
126
125
126
126
126
129
125
125
126
126
126
136
132
125
125
126
185
125
125
125
125
139
125
125
125
125
126
134
126
126
126
126
126
125
125
126
126
125
126
126
126
126
126
126
125
125
125
147
126
126
125
126
158
125
126
125
125
125
126
126
126
126
125
126
126
125
126
125
136
126
126
126
125
154
125
126
125
125
125
125
125
126
126
126
125
125
126
128
126
125
125
129
125
125
125
126
125
125
126
126
126
126
126
126
126
125
125
126
126
126
126
126
125
126
126
125
126
126
125
125
125
126
126
126
125
126
126
125
126
125
125
126
125
126
125
125
128
138
126
125
126
125
126
126
125
125
125
126
125
125
126
126
126
125
126
125
125
126
128
125
126
126
126
125
125
126
126
125
125
135
126
126
125
125
125
126
126
125
125
126
125
126
126
125
126
138
126
126
126
125
125
126
126
125
126
126
125
127
126
126
126
126
125
125
126
125
125
126
126
126
126
126
125
126
126
125
126
157
126
126
126
125
126
126
125
128
126
126
125
125
126
125
125
135
126
126
125
125
125
125
125
125
125
125
139
125
125
126
125
129
126
125
126
126
135
126
126
125
125
170
126
126
126
126
126
126
126
126
125
125
129
125
125
125
125
136
125
125
126
126
126
126
125
126
125
125
126
126
126
126
126
126
129
125
126
125
125
126
126
126
125
126
126
126
126
126
126
135
125
125
126
126
126
126
128
125
125
125
125
125
125
125
126
125
126
126
125
126
126
126
125
125
125
125
126
125
130
125
125
126
126
125
125
125
125
126
126
126
125
136
125
126
125
125
126
125
126
126
128
125
126
126
125
125
125
165
125
125
126
125
125
126
125
126
126
125
125
125
125
126
128
126
126
126
126
126
125
126
126
125
125
161
126
126
126
125
136
125
126
126
125
126
126
126
125
126
125
125
125
125
125
125
125
126
125
126
126
125
125
189
125
125
129
128
126
125
126
126
126
191
126
125
125
126
137
125
125
125
125
125
125
125
125
125
126
126
126
126
126
126
125
125
125
126
126
134
126
126
125
126
125
126
126
126
125
126
141
126
126
126
126
125
127
126
126
125
126
125
125
125
125
125
138
125
126
125
125
125
126
125
125
125
125
126
126
126
126
125
126
126
126
126
125
126
126
125
126
126
126
125
126
126
126
126
135
126
126
130
125
126
125
126
125
125
125
126
129
125
125
126
126
125
126
125
130
126
126
126
129
126
125
125
125
125
125
125
129
126
125
125
125
125
125
125
126
174
126
126
126
125
137
126
125
126
126
125
125
126
125
126
125
126
125
125
126
125
125
125
126
125
125
126
125
125
125
126
135
125
125
125
125
125
126
126
126
126
125
125
126
125
125
125
125
129
125
125
125
126
126
125
126
126
125
131
126
125
125
126
125
126
126
125
125
126
126
126
126
125
136
125
125
125
125
126
125
126
126
126
125
125
125
125
125
129
125
126
125
126
126
126
126
126
126
125
125
125
125
126
126
125
125
125
125
125
126
126
125
125
126
125
125
126
125
125
125
126
126
126
126
125
125
125
126
126
126
125
125
126
126
126
126
126
126
125
156
126
126
126
126
126
125
125
126
125
125
125
126
129
125
126
125
125
125
125
125
125
126
126
126
125
125
125
126
126
125
125
125
126
125
125
125
126
125
125
125
125
126
126
125
126
126
137
126
126
125
126
126
125
127
125
125
125
184
126
126
126
125
134
126
125
126
125
125
125
125
125
126
126
125
125
125
125
126
128
126
125
126
126
125
125
126
126
125
128
126
126
126
126
176
126
126
125
125
126
125
126
126
125
125
126
125
126
125
126
126
125
125
126
126
167
125
125
125
126
135
126
128
125
126
136
126
126
126
126
126
126
126
126
126
125
125
125
126
126
126
126
126
126
126
126
126
126
128
126
125
125
125
125
127
125
126
126
125
125
126
125
126
125
125
125
125
125
125
125
126
125
125
126
125
125
126
126
125
126
125
125
125
125
126
125
125
125
125
125
125
125
126
125
126
126
125
126
125
125
125
126
125
125
125
125
126
125
125
125
125
125
125
126
134
125
125
125
126
126
126
125
126
126
126
126
126
125
126
125
125
132
126
125
125
166
126
126
125
126
125
125
125
126
126
126
125
126
125
125
126
125
125
126
125
125
125
126
125
125
126
125
125
125
125
125
125
126
126
126
125
126
125
126
126
126
126
125
125
125
126
125
178
126
125
125
126
126
126
125
126
125
126
126
125
126
125
125
126
125
125
125
125
126
126
126
125
125
136
125
125
126
125
126
126
126
129
126
125
126
126
126
126
125
126
125
126
125
126
125
126
126
127
126
126
126
125
126
126
126
128
126
126
125
125
136
126
126
126
125
125
125
125
125
126
126
125
125
126
125
125
126
126
126
125
125
126
126
125
125
125
125
125
126
125
126
126
125
125
126
126
126
125
129
126
126
125
126
126
125
126
126
126
125
126
125
126
126
125
125
126
125
125
126
126
126
126
126
125
125
125
126
125
125
126
126
126
126
126
125
125
125
125
125
125
125
125
127
126
126
126
125
126
126
125
126
125
126
125
125
126
126
126
126
126
125
126
125
126
125
126
210
126
126
125
125
126
125
125
126
126
125
140
125
126
126
125
126
125
126
126
126
