1283
1305
1282
1295
1288
1294
1282
1283
1283
1285
1283
1283
1289
1282
1283
1283
1283
1282
1285
1282
1285
1283
1283
1283
1285
1292
1282
1309
1283
1321
1286
1291
1289
1283
1290
1283
1284
1289
1283
1284
1282
1285
1283
1283
1283
1289
1283
1283
1282
1283
1283
1283
1283
1305
1287
1292
1283
1290
1283
1296
1282
1308
1289
1294
1283
1304
1283
1295
1283
1312
1283
1292
1283
1291
1283
1305
1283
1292
1282
1313
1282
1292
1282
1308
1283
1292
1283
1304
1283
1292
1283
1306
1282
1292
1284
1304
1289
1294
1282
1296
1284
1304
1283
1296
1289
1302
1284
1296
1283
1306
1283
1292
1284
1302
1283
1296
1283
1302
1283
1292
1282
1290
1283
1284
1283
1282
1282
1282
1282
1283
1283
1283
1282
1283
1282
1284
1282
1283
1289
1282
1283
1285
1283
1283
1283
1283
1296
1282
1283
1282
1283
1283
1283
1284
1284
1282
1282
1283
1283
1283
1282
1283
1282
1287
1284
1283
1283
1282
1282
1282
1285
1290
1283
1283
1283
1283
1284
1283
1283
1283
1283
1291
1282
1283
1309
1283
1284
1284
1283
1283
1282
1283
1307
1283
1329
1287
1283
1284
1286
1283
1283
1282
1283
1283
1284
1282
1287
1283
1283
1283
1285
1282
1282
1283
1303
1283
1285
1283
1282
1282
1282
1284
1283
1287
1283
1283
1283
1282
1282
1283
1302
1287
1293
1285
1307
1283
1293
1283
1303
1285
1297
1283
1305
1283
1292
1285
1303
1283
1297
1283
1305
1286
1292
1283
1301
1283
1293
1290
1307
1283
1292
1283
1283
1285
1283
1286
1283
1283
1283
1285
1283
1282
1282
1283
1287
1285
1283
1283
1283
1292
1283
1294
1288
1314
1282
1294
1283
1304
1282
1300
1283
1316
1283
1292
1283
1303
1283
1291
1285
1315
1283
1307
1292
1295
1286
1305
1283
1295
1283
1307
1289
1319
1283
1333
1283
1306
1282
1291
1283
1291
1282
1292
1283
1311
1287
1283
1283
1283
1283
1283
1283
1290
1287
1306
1283
1307
1283
1302
1283
1291
1283
1305
1283
1294
1282
1291
1283
1303
1282
1295
1283
1303
1299
1294
1283
1305
1283
1291
1287
1303
1283
1291
1283
1282
1283
1283
1287
1282
1283
1300
1282
1283
1283
1282
1285
1286
1283
1283
1283
1283
1283
1282
1283
1287
1283
1282
1329
1282
1300
1283
1305
1283
1295
1283
1310
1283
1291
1283
1306
1282
1293
1283
1303
1299
1294
1282
1290
1305
1283
1307
1284
1291
1287
1303
1283
1284
1283
1283
1282
1297
1283
1296
1282
1284
1287
1283
1282
1283
1282
1283
1283
1282
1290
1283
1282
1283
1285
1301
1283
1297
1283
1292
1285
1298
1282
1292
1283
1305
1285
1300
1283
1304
1283
1294
1285
1305
1283
1302
1283
1304
1284
1294
1283
1303
1283
1297
1291
1303
1282
1294
1282
1302
1283
1296
1285
1292
1283
1284
1283
1283
1282
1282
1282
1289
1283
1283
1282
1289
1283
1285
1282
1287
1282
1283
1283
1282
1282
1282
1283
1282
1287
1285
1283
1283
1283
1283
1307
1285
1308
1282
1308
1283
1291
1284
1304
1282
1292
1282
1294
1285
1293
1282
1306
1283
1301
1294
1304
1283
1293
1282
1310
1283
1292
1289
1304
1283
1295
1283
1305
1282
1293
1282
1293
1283
1301
1282
1299
1282
1303
1283
1298
1283
1309
1283
1297
1282
1304
1282
1293
1282
1295
1283
1304
1283
1291
1285
1301
1290
1293
1283
1306
1282
1291
1283
1283
1284
1283
1285
1283
1283
1283
1294
1283
1307
1282
1319
1288
1288
1282
1282
1283
1283
1283
1304
1284
1283
1283
1283
1283
1291
1283
1313
1287
1294
1288
1282
1283
1283
1282
1283
1282
1283
1287
1283
1283
1283
1283
1282
1282
1299
1282
1298
1282
1306
1282
1292
1282
1304
1282
1304
1284
1302
1283
1291
1283
1307
1283
1291
1283
1307
1283
1291
1282
1303
1285
1292
1286
1293
1283
1314
1282
1304
1284
1287
1286
1305
1282
1297
1283
1301
1283
1292
1285
1308
1283
1295
1283
1301
1282
1293
1282
1307
1283
1298
1283
1302
1283
1292
1282
1306
1283
1297
1282
1292
1282
1291
1282
1303
1283
1298
1282
1292
1282
1302
1284
1295
1285
1310
1283
1293
1283
1306
1283
1293
1283
1311
1282
1296
1290
1305
1282
1295
1283
1310
1283
1296
1294
1295
1282
1305
1285
1292
1282
1305
1282
1284
1283
1301
1282
1297
1283
1283
1282
1283
1283
1283
1282
1312
1282
1283
1282
1283
1282
1282
1290
1283
1283
1283
1283
1283
1283
1283
1282
1283
1288
1289
1283
1283
1283
1292
1283
1301
1290
1297
1283
1299
1284
1293
1282
1306
1282
1298
1283
1307
1283
1291
1283
1296
1282
1306
1284
1293
1289
1285
1286
1284
1285
1283
1283
1285
1283
1283
1283
1283
1283
1283
1282
1304
1282
1292
1283
1314
1283
1296
1283
1303
1284
1292
1283
1306
1283
1293
1283
1301
1284
1294
1283
1304
1291
1293
1283
1304
1283
1295
1283
1303
1288
1292
1282
1302
1283
1293
1285
1315
1283
1293
1283
1302
1285
1292
1283
1294
1283
1302
1285
1294
1283
1307
1283
1303
1285
1310
1283
1294
1282
1304
1283
1295
1282
1304
1283
1293
1283
1301
1284
1295
1282
1305
1297
1294
1286
1305
1283
1298
1282
1309
1288
1293
1283
1303
1282
1296
1282
1303
1283
1294
1283
1292
1283
1303
1283
1291
1282
1295
1282
1302
1282
1297
1283
1305
1282
1293
1283
1306
1283
1296
1284
1302
1283
1292
1287
1292
1283
1304
1282
1292
1283
1302
1287
1294
1283
1283
1283
1283
1283
1282
1283
1287
1283
1283
1283
1283
1283
1283
1283
1285
1282
1283
1283
1283
1283
1282
1292
1283
1283
1283
1283
1284
1283
1283
1291
1282
1312
1283
1282
1285
1302
1283
1291
1283
1302
1284
1307
1283
1302
1283
1292
1284
1290
1286
1295
1282
1332
1283
1283
1283
1283
1286
1285
1282
1282
1283
1285
1283
1286
1290
1282
1283
1283
1282
1285
1283
1283
1303
1282
1298
1284
1292
1315
1283
1283
1282
1286
1283
1283
1283
1283
1284
1282
1282
1287
1283
1283
1284
1283
1299
1282
1283
1283
1285
1283
1283
1287
1298
1283
1282
1283
1287
1313
1283
1294
1285
1320
1283
1293
1283
1311
1283
1293
1283
1318
1283
1293
1283
1311
1283
1293
1283
1303
1283
1293
1283
1305
1283
1294
1283
1305
1298
1295
1282
1302
1287
1304
1282
1292
1283
1301
1283
1296
1287
1307
1283
1294
1283
1318
1282
1295
1283
1305
1282
1292
1283
1299
1283
1283
1283
1287
1283
1282
1283
1283
1299
1283
1283
1283
1283
1283
1282
1282
1298
1283
1289
1312
1287
1282
1282
1283
1283
1282
1282
1283
1288
1282
1282
1283
1283
1283
1283
1282
1283
1283
1282
1285
1282
1283
1283
1283
1283
1287
1306
1285
1283
1283
1283
1282
1283
1287
1283
1282
1282
1283
1284
1283
1283
1283
1294
1283
1303
1285
1291
1283
1302
1282
1293
1289
1320
1283
1291
1284
1303
1283
1292
1283
1297
1283
1296
1283
1312
1283
1290
1300
1302
1283
1307
1283
1296
1282
1294
1286
1292
1283
1308
1282
1292
1283
1300
1282
1296
1283
1312
1283
1293
1283
1300
1283
1295
1283
1305
1282
1290
1284
1299
1283
1283
1284
1282
1285
1282
1283
1282
1282
1283
1285
1283
1282
1282
1283
1283
1290
1282
1283
1282
1283
1286
1285
1309
1294
1320
1282
1300
1282
1303
1282
1306
1284
1296
1283
1302
1282
1292
1283
1334
1282
1296
1282
1303
1283
1293
1283
1324
1283
1301
1286
1295
1283
1304
1282
1291
1302
1305
1283
1292
1297
1293
1285
1292
1297
1302
1282
1293
1284
1283
1282
1283
1298
1282
1283
1282
1291
1283
1282
1284
1282
1283
1282
1282
1286
1285
1282
1282
1282
1299
1282
1283
1283
1283
1283
1283
1284
1298
1283
1283
1282
1284
1283
1283
1283
1283
1282
1283
1284
1292
1283
1313
1283
1291
1301
1307
1283
1293
1286
1291
1284
1295
1283
1306
1283
1293
1288
1303
1283
1292
1283
1311
1285
1315
1282
