1412
1412
1443
1411
1441
1411
1423
1411
1434
1411
1411
1411
1412
1415
1411
1441
1418
1428
1412
1437
1411
1419
1420
1411
1412
1411
1430
1411
1420
1418
1421
1423
1425
1411
1421
1412
1411
1411
1412
1418
1413
1412
1412
1421
1411
1433
1411
1429
1411
1445
1411
1417
1411
1412
1411
1413
1420
1412
1427
1411
1420
1412
1437
1411
1421
1411
1411
1413
1411
1427
1419
1424
1412
1420
1412
1424
1411
1419
1420
1432
1412
1412
1412
1411
1413
1411
1418
1412
1419
1413
1426
1411
1418
1411
1446
1411
1435
1417
1412
1424
1417
1422
1411
1448
1412
1422
1411
1435
1411
1415
1411
1412
1422
1411
1428
1411
1425
1415
1438
1412
1411
1411
1411
1412
1411
1427
1411
1426
1417
1437
1411
1422
1413
1411
1411
1411
1411
1411
1416
1411
1441
1411
1419
1411
1424
1412
1424
1412
1445
1411
1411
1411
1412
1416
1411
1436
1418
1421
1411
1430
1411
1420
1411
1422
1417
1412
1411
1411
1411
1412
1411
1411
1430
1411
1420
1411
1426
1411
1430
1412
1434
1413
1412
1438
1412
1422
1412
1433
1419
1422
1412
1422
1413
1411
1411
1412
1420
1411
1443
1411
1419
1411
1421
1416
1431
1410
1436
1411
1414
1412
1412
1418
1411
1420
1431
1428
1412
1423
1412
1439
1411
1422
1428
1411
1411
1414
1411
1418
1428
1412
1421
1411
1426
1412
1423
1422
1425
1411
1420
1411
1411
1412
1411
1411
1411
1421
1411
1419
1411
1430
1412
1421
1411
1430
1411
1419
1412
1411
1417
1411
1411
1412
1417
1411
1420
1412
1436
1411
1424
1412
1444
1411
1418
1412
1426
1412
1411
1412
1411
1412
1412
1417
1418
1420
1411
1411
1412
1483
1421
1417
1422
1411
1436
1411
1418
1410
1425
1415
1411
1412
1428
1413
1411
1411
1412
1434
1411
1420
1428
1430
1412
1419
1413
1513
1411
1420
1429
1411
1411
1412
1418
1412
1437
1416
1424
1411
1420
1412
1413
1411
1411
1413
1411
1417
1411
1429
1415
1434
1412
1421
1411
1423
1411
1419
1416
1437
1412
1412
1411
1411
1413
1411
1424
1411
1444
1412
1421
1411
1439
1411
1432
1413
1435
1412
1420
1412
1438
1413
1415
1412
1412
1412
1413
1421
1412
1432
1415
1427
1411
1440
1411
1422
1411
1439
1415
1411
1412
1411
1433
1411
1425
1411
1439
1411
1426
1411
1433
1411
1422
1411
1412
1411
1412
1411
1411
1423
1412
1430
1411
1419
1414
1438
1414
1426
1414
1444
1411
1413
1423
1411
1440
1413
1422
1412
1432
1449
1429
1418
1413
1420
1411
1419
1411
1434
1411
1419
1412
1422
1411
1439
1411
1415
1413
1411
1432
1411
1426
1411
1422
1415
1427
1412
1441
1413
1428
1411
1420
1415
1431
1412
1426
1411
1417
1411
1415
1430
1411
1432
1411
1421
1412
1421
1411
1430
1411
1415
1411
1411
1411
1411
1420
1411
1433
1411
1423
1411
1433
1411
1422
1411
1454
1412
1411
1411
1411
1411
1416
1426
1411
1424
1411
1431
1411
1421
1418
1432
1411
1423
1412
1421
1412
1412
1419
1412
1412
1411
1411
1411
1432
1413
1437
1411
1424
1411
1420
1411
1430
1411
1428
1412
1437
1411
1412
1411
1411
1412
1419
1411
1411
1430
1411
1422
1411
1434
1418
1426
1411
1435
1411
1422
1412
1431
1420
1459
1415
1411
1421
1411
1420
1411
1431
1411
1420
1414
1433
1411
1411
1412
1413
1411
1411
1432
1411
1421
1413
1433
1411
1425
1412
1431
1433
1414
1428
1411
1429
1411
1412
1412
1412
1420
1412
1437
1413
1423
1412
1435
1412
1427
1411
1411
1411
1411
1420
1411
1443
1415
1419
1412
1429
1412
1421
1412
1428
1418
1411
1411
1411
1411
1411
1420
1411
1429
1411
1430
1411
1421
1412
1420
1411
1439
1412
1423
1412
1411
1411
1412
1412
1419
1416
1411
1423
1411
1431
1411
1421
1417
1431
1411
1422
1411
1411
1411
1411
1421
1411
1416
1411
1421
1411
1422
1420
1420
1411
1419
1411
1411
1412
1412
1414
1411
1434
1411
1422
1411
1429
1411
1425
1411
1437
1412
1422
1411
1411
1411
1414
1413
1411
1429
1411
1421
1411
1427
1413
1422
1411
1434
1413
1428
1412
1412
1412
1411
1411
1412
1423
1411
1429
1414
1420
1411
1420
1412
1427
1411
1424
1412
1422
1411
1413
1411
1411
1412
1411
1422
1411
1420
1411
1434
1411
1426
1411
1433
1411
1411
1412
1412
1412
1412
1412
1416
1428
1411
1421
1411
1420
1411
1424
1415
1464
1411
1412
1415
1411
1425
1411
1427
1412
1435
1413
1422
1416
1422
1412
1411
1411
1417
1420
1413
1420
1411
1427
1411
1422
1413
1432
1412
1411
1424
1411
1433
1411
1448
1411
1412
1441
1413
1421
1411
1420
1414
1424
1411
1425
1411
1433
1411
1413
1411
1411
1411
1413
1422
1411
1438
1427
1423
1411
1436
1416
1411
1412
1411
1437
1411
1431
1415
1422
1413
1434
1411
1437
1411
1411
1418
1411
1412
1411
1421
1413
1432
1411
1429
1411
1425
1411
1434
1411
1422
1411
1442
1411
1412
1411
1412
1412
1413
1424
1414
1437
1411
1422
1426
1434
1411
1422
1416
1437
1411
1411
1427
1411
1412
1412
1414
1411
1422
1412
1445
1412
1421
1411
1432
1413
1422
1411
1445
1412
1411
1411
1411
1411
1412
1429
1433
1421
1411
1429
1411
1423
1411
1431
1411
1412
1411
1415
1411
1411
1430
1411
1422
1411
1432
1415
1422
1421
1479
1428
1411
1417
1411
1423
1411
1431
1411
1477
1426
1434
1417
1420
1411
1411
1418
1413
1420
1411
1433
1413
1422
1412
1425
1411
1423
1413
1416
1412
1411
1416
1413
1429
1411
1421
1415
1433
1413
1421
1412
1433
1411
1423
1417
1411
1411
1412
1412
1413
1416
1412
1431
1411
1424
1411
1424
1411
1421
1417
1436
1411
1411
1411
1412
1411
1411
1414
1411
1420
1411
1428
1412
1424
1411
1434
1412
1424
1411
1430
1411
1411
1411
1415
1428
1411
1419
1417
1422
1411
1419
1414
1433
1411
1412
1412
1412
1411
1413
1414
1411
1440
1412
1420
1411
1428
1411
1421
1411
1437
1411
1412
1412
1411
1420
1411
1431
1411
1421
1412
1437
1411
1450
1412
1439
1413
1425
1412
1411
1411
1415
1412
1412
1425
1418
1422
1413
1431
1413
1422
1412
1411
1411
1411
1411
1411
1434
1413
1426
1411
1433
1411
1424
1412
1435
1412
1411
1411
1413
1411
1411
1424
1411
1435
1411
1421
1411
1430
1411
1426
1411
1436
1411
1411
1413
1411
1411
1414
1433
1411
1425
1411
1439
1411
1423
1418
1411
1411
1411
1411
1412
1421
1411
1422
1411
1421
1413
1421
1411
1429
1412
1423
1411
1411
1412
1411
1411
1413
1426
1412
1420
1412
1429
1412
1429
1411
1425
1411
1414
1411
1412
1412
1411
1425
1412
1421
1411
1421
1411
1436
1411
1424
1412
1437
1426
1420
1432
1419
1451
1414
1421
1411
1433
1411
1427
1414
1414
1432
1411
1436
1420
1423
1411
1436
1411
1411
1411
1412
1411
1412
1422
1411
1430
1411
1423
1411
1428
1411
1425
1411
1419
1411
1411
1411
1411
1412
1411
1419
1415
1431
1411
1420
1411
1429
1411
1431
1415
1422
1411
1434
1411
1411
1411
1411
1416
1412
1418
1412
1433
1412
1419
1411
1435
1411
1419
1412
1432
1412
1418
1412
1432
1411
1423
1411
1411
1411
1411
1411
1416
1421
1411
1432
1411
1421
1412
1428
1415
1420
1411
1432
1412
1419
1411
1431
1415
1412
1411
1411
1411
1411
1419
1412
1434
1411
1424
1411
1429
1412
1419
1411
1434
1411
1423
1411
1412
1411
1412
1411
1416
1412
1413
1420
1412
1429
1411
1419
1417
1437
1412
1419
1411
1433
1411
1423
1416
1411
1413
1412
1412
1412
1432
1411
1429
1411
1431
1411
1419
1411
1423
1418
1411
1411
1411
1414
1411
1411
1412
1440
1412
1422
1411
1434
1411
1421
1412
1444
1411
1423
1412
1411
1413
1412
1411
1418
1411
1411
1419
1411
1418
1411
1431
1420
1420
1412
1428
1411
1419
1412
1423
1418
1411
1411
