1565
1540
1551
1539
1588
1541
1541
1543
1540
1554
1540
1549
1542
1540
1540
1542
1550
1542
1556
1539
1540
1556
1556
1550
1540
1569
1540
1542
1560
1546
1550
1540
1551
1540
1540
1540
1540
1550
1540
1548
1540
1548
1540
1540
1556
1540
1562
1539
1585
1545
1539
1555
1540
1548
1540
1540
1551
1540
1564
1540
1549
1542
1540
1553
1540
1558
1541
1550
1542
1539
1550
1540
1563
1547
1549
1540
1539
1540
1540
1547
1545
1556
1540
1540
1540
1540
1549
1540
1575
1540
1548
1540
1540
1540
1540
1555
1540
1547
1540
1550
1540
1540
1548
1540
1568
1563
1552
1540
1540
1540
1546
1550
1539
1563
1540
1540
1557
1547
1549
1540
1561
1540
1539
1548
1540
1547
1539
1559
1540
1540
1549
1540
1554
1540
1567
1540
1539
1550
1539
1646
1540
1567
1540
1540
1609
1540
1557
1544
1540
1550
1540
1567
1539
1549
1540
1540
1561
1540
1551
1540
1563
1543
1540
1558
1541
1552
1540
1558
1546
1540
1541
1539
1558
1540
1558
1541
1551
1540
1539
1566
1540
1553
1542
1550
1563
1540
1589
1545
1550
1543
1540
1550
1541
1549
1544
1558
1540
1542
1558
1540
1549
1544
1567
1540
1540
1540
1540
1545
1540
1557
1540
1553
1540
1541
1539
1540
1562
1540
1551
1540
1558
1543
1539
1560
1540
1551
1540
1569
1541
1540
1546
1542
1550
1542
1563
1540
1540
1539
1543
1555
1539
1557
1540
1569
1540
1540
1559
1540
1550
1543
1547
1540
1540
1553
1543
1566
1540
1548
1540
1561
1542
1540
1553
1540
1553
1540
1564
1540
1559
1540
1541
1561
1539
1550
1540
1557
1540
1540
1540
1540
1549
1540
1551
1541
1567
1542
1539
1548
1540
1562
1547
1551
1540
1540
1548
1540
1566
1541
1551
1540
1542
1539
1540
1559
1540
1554
1542
1553
1540
1540
1548
1541
1571
1540
1540
1554
1541
1551
1540
1573
1540
1541
1574
1545
1562
1540
1547
1540
1540
1589
1540
1550
1539
1548
1544
1540
1586
1540
1554
1540
1547
1547
1554
1540
1556
1556
1541
1548
1540
1558
1539
1556
1558
1540
1548
1540
1562
1540
1540
1540
1540
1551
1543
1562
1539
1540
1556
1542
1548
1540
1560
1542
1553
1556
1540
1547
1540
1548
1544
1559
1540
1540
1540
1540
1548
1540
1563
1540
1569
1540
1540
1539
1540
1561
1539
1549
1539
1565
1543
1540
1546
1539
1548
1559
1556
1540
1540
1540
1540
1539
1546
1582
1540
1566
1540
1544
1563
1544
1552
1549
1583
1540
1546
1551
1540
1558
1540
1586
1540
1540
1540
1542
1563
1540
1551
1539
1563
1541
1540
1563
1540
1551
1557
1562
1540
1551
1540
1544
1560
1540
1555
1540
1562
1540
1544
1540
1540
1569
1541
1559
1540
1551
1543
1541
1568
1540
1549
1540
1561
1543
1551
1540
1557
1548
1558
1565
1546
1551
1540
1553
1554
1540
1549
1540
1540
1540
1542
1550
1547
1548
1539
1547
1540
1540
1564
1540
1547
1540
1559
1540
1540
1556
1540
1549
1542
1551
1546
1560
1540
1542
1540
1540
1549
1541
1566
1540
1553
1540
1540
1540
1540
1556
1540
1552
1539
1561
1540
1539
1541
1539
1555
1540
1549
1540
1548
1543
1547
1540
1540
1548
1539
1548
1540
1558
1540
1540
1539
1540
1548
1540
1566
1549
1554
1540
1540
1540
1542
1560
1541
1554
1539
1560
1540
1540
1540
1539
1559
1540
1557
1540
1548
1540
1542
1541
1540
1549
1540
1562
1540
1549
1540
1542
1546
1540
1567
1540
1558
1562
1547
1549
1540
1565
1539
1540
1551
1546
1561
1540
1551
1540
1540
1550
1540
1568
1540
1549
1541
1540
1541
1540
1560
1542
1561
1539
1540
1540
1545
1561
1539
1550
1539
1540
1540
1540
1562
1540
1551
1540
1540
1539
1540
1566
1547
1552
1540
1540
1540
1539
1553
1546
1560
1542
1540
1540
1540
1553
1540
1557
1540
1564
1539
1540
1549
1539
1558
1539
1550
1539
1539
1547
1540
1556
1540
1551
1539
1540
1547
1540
1563
1539
1550
1555
1543
1568
1550
1550
1540
1566
1540
1540
1552
1548
1553
1544
1560
1540
1540
1549
1540
1554
1541
1553
1542
1540
1550
1539
1555
1543
1552
1539
1540
1554
1540
1549
1540
1563
1540
1540
1563
1539
1549
1540
1567
1542
1552
1540
1540
1550
1542
1560
1540
1554
1539
1543
1551
1545
1564
1542
1556
1540
1539
1550
1540
1562
1542
1552
1540
1540
1540
1540
1550
1540
1553
1540
1542
1540
1539
1560
1540
1552
1540
1540
1540
1539
1551
1540
1562
1539
1554
1543
1540
1562
1540
1552
1544
1563
1540
1540
1562
1542
1553
1542
1658
1539
1553
1560
1539
1542
1556
1540
1551
1559
1551
1540
1540
1587
1540
1552
1540
1568
1540
1540
1555
1540
1551
1540
1553
1540
1543
1540
1540
1574
1540
1548
1539
1540
1540
1540
1552
1540
1559
1547
1550
1542
1846
1567
1553
1552
1547
1540
1567
1540
1568
1543
1551
1546
1539
1547
1542
1574
1540
1550
1540
1541
1548
1539
1570
1540
1552
1539
1547
1540
1542
1552
1539
1564
1540
1558
1541
1540
1552
1540
1563
1540
1552
1544
1540
1540
1546
1562
1540
1550
1546
1560
1542
1540
1540
1540
1550
1542
1561
1540
1553
1540
1542
1550
1540
1556
1540
1564
1540
1540
1540
1540
1550
1540
1566
1540
1549
1540
1542
1549
1547
1563
1540
1551
1540
1540
1540
1547
1554
1540
1549
1540
1558
1542
1540
1547
1540
1549
1540
1568
1540
1550
1546
1540
1542
1540
1563
1540
1550
1542
1564
1540
1540
1561
1542
1550
1540
1588
1540
1559
1539
1539
1549
1540
1560
1540
1550
1540
1539
1549
1540
1553
1546
1551
1546
1540
1549
1539
1562
1547
1554
1540
1540
1539
1540
1559
1540
1551
1539
1545
1539
1540
1556
1540
1559
1540
1549
1540
1540
1540
1540
1551
1539
1562
1540
1540
1541
1540
1545
1550
1560
1541
1559
1540
1540
1548
1548
1564
1540
1550
1539
1558
1540
1540
1559
1540
1551
1540
1559
1540
1551
1547
1540
1557
1540
1550
1540
1557
1540
1540
1539
1539
1551
1540
1564
1540
1556
1541
1541
1545
1539
1549
1541
1558
1540
1540
1540
1540
1545
1539
1548
1547
1566
1540
1560
1547
1551
1568
1547
1540
1548
1539
1582
1540
1551
1546
1540
1557
1540
1553
1540
1567
1540
1540
1557
1540
1548
1540
1557
1540
1556
1540
1542
1551
1540
1549
1540
1552
1540
1576
1539
1540
1547
1540
1556
1546
1554
1540
1540
1556
1540
1550
1543
1563
1547
1540
1556
1540
1549
1541
1566
1540
1550
1539
1560
1550
1540
1567
1540
1553
1540
1556
1550
1540
1565
1540
1551
1541
1540
1541
1540
1563
1541
1552
1540
1561
1555
1539
1560
1542
1552
1539
1564
1556
1540
1561
1540
1549
1540
1547
1542
1540
1540
1540
1573
1542
1549
1539
1565
1540
1543
1564
1540
1547
1539
1550
1540
1540
1540
1540
1549
1539
1548
1540
1540
1540
1547
1550
1539
1549
1540
1546
1540
1553
1560
1542
1553
1539
1540
1540
1540
1565
1539
1553
1540
1540
1547
1540
1566
1540
1553
1542
1560
1540
1540
1564
1542
1553
1540
1548
1540
1559
1539
1545
1553
1541
1559
1542
1551
1540
1547
1540
1541
1561
1539
1550
1540
1563
1541
1540
1540
1540
1549
1540
1561
1546
1554
1540
1540
1540
1540
1560
1540
1554
1540
1554
1539
1540
1542
1540
1558
1540
1548
1546
1549
1540
1540
1540
1541
1559
1541
1551
1540
1548
1542
1544
1563
1540
1548
1542
1558
1540
1552
1539
1542
1570
1539
1553
1545
1542
1561
1539
1550
1539
1587
1540
1543
1553
1540
1552
1539
1551
1540
1540
1557
1540
1549
1540
1560
1542
1540
1540
1540
1551
1543
1561
1539
1540
1540
1544
1549
1539
1561
1540
1553
1540
1544
1560
1540
1550
1547
1560
1539
1540
1561
1539
1550
1540
1560
1540
1542
1561
1540
1549
1540
1562
1539
1540
1553
1539
1562
1540
1555
1540
1540
1542
1540
1561
1542
1552
1543
1557
1540
1543
1559
