1688
1670
1682
1668
1705
1695
1668
1669
1679
1668
1685
1668
1669
1687
1668
1681
1668
1680
1682
1668
1689
1669
1668
1684
1675
1683
1668
1669
1679
1669
1678
1675
1668
1687
1669
1678
1669
1668
1688
1670
1687
1668
1669
1686
1670
1687
1669
1669
1677
1670
1686
1668
1675
1686
1670
1679
1669
1668
1681
1672
1678
1669
1668
1686
1673
1704
1679
1668
1688
1668
1668
1692
1676
1679
1669
1668
1679
1668
1693
1675
1668
1686
1670
1668
1688
1671
1684
1670
1672
1679
1668
1690
1671
1675
1686
1669
1678
1669
1669
1678
1674
1687
1669
1668
1688
1669
1706
1668
1669
1688
1668
1670
1687
1671
1679
1669
1669
1681
1669
1686
1674
1670
1684
1668
1681
1668
1669
1683
1668
1687
1668
1669
1683
1668
1685
1670
1669
1682
1669
1686
1670
1675
1687
1668
1681
1670
1668
1678
1675
1678
1668
1668
1677
1669
1685
1674
1668
1692
1669
1680
1669
1669
1684
1669
1691
1669
1669
1685
1669
1724
1670
1674
1714
1678
1682
1687
1668
1696
1670
1675
1675
1689
1684
1688
1694
1696
1693
1668
1669
1678
1673
1677
1668
1668
1676
1668
1677
1669
1668
1678
1670
1687
1668
1669
1674
1669
1688
1672
1669
1686
1669
1676
1668
1669
1698
1668
1675
1669
1668
1678
1668
1696
1669
1668
1682
1669
1682
1668
1675
1681
1668
1684
1668
1668
1690
1672
1676
1669
1668
1677
1668
1688
1673
1668
1678
1668
1689
1668
1669
1690
1668
1708
1677
1668
1679
1668
1690
1685
1669
1682
1669
1669
1687
1672
1680
1669
1668
1679
1668
1687
1672
1682
1678
1668
1680
1668
1669
1680
1668
1685
1668
1680
1687
1668
1680
1668
1691
1668
1669
1678
1668
1689
1669
1668
1677
1669
1686
1668
1708
1682
1688
1680
1668
1669
1679
1670
1680
1696
1669
1681
1668
1696
1668
1668
1703
1670
1684
1681
1672
1679
1670
1669
1677
1669
1695
1673
1686
1668
1669
1684
1670
1678
1671
1668
1681
1669
1685
1668
1669
1685
1670
1681
1668
1668
1676
1669
1685
1669
1680
1668
1670
1677
1668
1687
1669
1669
1676
1668
1684
1670
1668
1678
1668
1677
1671
1668
1686
1668
1678
1671
1668
1676
1669
1688
1671
1668
1678
1669
1684
1668
1669
1690
1669
1682
1669
1668
1677
1669
1690
1669
1668
1684
1668
1678
1668
1671
1681
1669
1687
1668
1669
1683
1670
1680
1669
1669
1675
1669
1676
1679
1668
1702
1669
1686
1683
1674
1687
1670
1669
1689
1668
1680
1675
1668
1681
1668
1685
1669
1681
1694
1669
1677
1676
1687
1669
1668
1684
1668
1680
1668
1675
1680
1668
1694
1668
1668
1676
1669
1682
1668
1675
1678
1669
1688
1669
1669
1693
1675
1681
1668
1689
1669
1668
1678
1674
1691
1669
1669
1691
1669
1678
1675
1669
1690
1668
1687
1669
1668
1683
1668
1690
1668
1671
1685
1669
1683
1669
1677
1679
1668
1687
1668
1685
1668
1668
1687
1668
1680
1668
1675
1677
1669
1683
1669
1668
1688
1676
1680
1669
1668
1676
1668
1695
1675
1678
1668
1669
1698
1669
1669
1691
1668
1691
1679
1668
1681
1670
1687
1668
1702
1692
1671
1681
1684
1668
1680
1669
1669
1677
1702
1690
1668
1669
1686
1668
1680
1668
1671
1681
1669
1679
1668
1668
1676
1669
1692
1668
1669
1687
1668
1681
1675
1668
1677
1668
1689
1669
1677
1671
1668
1680
1668
1687
1669
1669
1686
1668
1678
1669
1668
1679
1671
1671
1679
1684
1669
1692
1668
1699
1668
1674
1673
1675
1706
1675
1669
1681
1702
1668
1677
1668
1686
1668
1668
1677
1668
1696
1668
1670
1688
1668
1673
1668
1668
1680
1670
1689
1678
1668
1685
1668
1668
1689
1668
1683
1668
1668
1678
1668
1688
1669
1669
1684
1669
1679
1668
1689
1683
1668
1686
1668
1680
1684
1670
1684
1669
1689
1668
1668
1691
1669
1686
1669
1668
1678
1668
1686
1668
1668
1694
1668
1703
1668
1668
1688
1668
1693
1669
1670
1681
1668
1680
1692
1671
1679
1668
1668
1678
1671
1679
1669
1669
1690
1671
1684
1668
1669
1677
1668
1688
1668
1669
1689
1668
1680
1668
1668
1682
1675
1680
1668
1669
1680
1669
1682
1669
1669
1681
1669
1687
1669
1668
1698
1668
1678
1669
1669
1681
1668
1702
1668
1671
1678
1668
1690
1669
1672
1678
1669
1684
1669
1671
1700
1668
1680
1688
1671
1682
1668
1684
1668
1668
1691
1668
1682
1668
1669
1679
1669
1687
1674
1669
1684
1668
1679
1671
1668
1684
1669
1685
1670
1679
1685
1669
1690
1671
1687
1669
1670
1679
1671
1681
1669
1674
1681
1669
1689
1668
1681
1669
1669
1695
1679
1680
1668
1668
1690
1670
1680
1675
1669
1683
1669
1686
1668
1669
1681
1670
1682
1669
1668
1678
1668
1697
1668
1668
1690
1669
1679
1669
1682
1685
1670
1693
1669
1669
1679
1668
1690
1676
1668
1688
1668
1670
1681
1672
1689
1669
1668
1686
1671
1682
1668
1691
1678
1670
1677
1668
1690
1668
1670
1677
1668
1687
1669
1670
1690
1669
1679
1669
1671
1683
1668
1687
1670
1670
1707
1668
1687
1669
1671
1678
1668
1681
1668
1675
1689
1668
1678
1668
1669
1680
1675
1687
1670
1669
1677
1668
1689
1678
1669
1685
1668
1678
1670
1668
1691
1669
1686
1669
1668
1686
1668
1684
1668
1669
1678
1669
1689
1668
1675
1686
1668
1679
1668
1668
1677
1674
1686
1668
1694
1691
1677
1681
1675
1668
1678
1668
1724
1677
1669
1688
1670
1668
1687
1669
1678
1670
1668
1678
1668
1689
1669
1668
1691
1668
1679
1686
1668
1678
1669
1707
1677
1669
1683
1669
1681
1669
1672
1678
1668
1691
1676
1668
1687
1673
1681
1669
1668
1677
1668
1722
1682
1669
1686
1670
1669
1689
1668
1683
1668
1669
1676
1669
1688
1670
1682
1678
1668
1686
1670
1669
1687
1673
1678
1670
1689
1681
1668
1686
1672
1668
1687
1668
1681
1668
1668
1678
1668
1679
1669
1668
1678
1669
1689
1668
1669
1689
1668
1678
1668
1669
1677
1669
1692
1668
1668
1683
1669
1678
1668
1669
1677
1670
1686
1668
1668
1687
1670
1678
1669
1682
1681
1670
1689
1668
1668
1686
1674
1680
1669
1668
1678
1669
1685
1671
1668
1688
1670
1678
1669
1668
1680
1668
1687
1669
1669
1678
1669
1689
1668
1669
1680
1668
1689
1668
1671
1691
1669
1678
1668
1690
1670
1670
1689
1669
1677
1670
1668
1678
1671
1690
1670
1668
1685
1668
1678
1671
1668
1678
1669
1688
1669
1668
1692
1668
1680
1668
1669
1677
1669
1695
1669
1669
1685
1668
1678
1669
1694
1678
1668
1685
1669
1678
1668
1675
1679
1668
1717
1683
1676
1689
1675
1668
1685
1669
1692
1668
1669
1684
1670
1677
1669
1670
1681
1670
1694
1668
1669
1686
1671
1680
1669
1694
1677
1670
1691
1668
1681
1669
1673
1676
1669
1677
1669
1669
1678
1671
1680
1668
1668
1697
1669
1678
1673
1669
1677
1668
1688
1669
1668
1688
1669
1677
1670
1669
1684
1668
1689
1670
1668
1686
1668
1678
1670
1688
1677
1668
1680
1669
1687
1668
1671
1686
1670
1682
1669
1669
1678
1690
1675
1668
1668
1679
1668
1689
1682
1668
1690
1669
1669
1683
1668
1678
1669
1669
1677
1668
1687
1669
1669
1687
1669
1678
1669
1669
1676
1687
1684
1668
1668
1692
1671
1679
1669
1690
1680
1671
1677
1668
1685
1679
1671
1681
1669
1668
1687
1677
1680
1669
1668
1683
1669
1679
1674
1690
1669
1670
1690
1668
1678
1669
1669
1676
1668
1680
1674
1668
1676
1668
1696
1670
1668
1675
1668
1682
1683
1668
1677
1668
1692
1670
1671
1693
1669
1696
1676
1668
1692
1671
1678
1669
1668
1694
1668
1680
1671
1668
1686
1668
1678
1669
1668
1690
1668
1679
1668
1668
1675
1668
1692
1668
1668
1678
1668
1679
1669
1670
1696
1668
1676
1669
1682
1668
1671
1680
1669
1716
1704
1672
1680
1671
1668
1677
1670
1711
1668
