1797
1833
1796
1800
1827
1801
1797
1818
1799
1805
1832
1797
1806
1802
1797
1806
1802
1804
1807
1797
1797
1806
1799
1797
1817
1797
1808
1811
1797
1812
1799
1798
1819
1798
1806
1805
1797
1807
1806
1797
1825
1797
1801
1803
1797
1797
1811
1797
1810
1812
1797
1804
1809
1812
1807
1801
1797
1802
1797
1813
1804
1814
1805
1797
1797
1805
1813
1797
1812
1797
1805
1825
1797
1806
1797
1801
1806
1797
1797
1824
1797
1811
1820
1797
1808
1797
1797
1804
1801
1797
1805
1797
1835
1808
1803
1812
1797
1796
1802
1813
1797
1819
1796
1823
1804
1828
1824
1802
1796
1804
1797
1797
1834
1797
1810
1818
1797
1806
1813
1797
1803
1797
1798
1820
1797
1822
1815
1813
1808
1797
1797
1803
1797
1806
1818
1797
1808
1796
1813
1802
1802
1797
1805
1797
1820
1825
1797
1810
1797
1796
1806
1797
1810
1805
1797
1808
1829
1796
1808
1796
1802
1807
1797
1813
1807
1797
1809
1797
1799
1806
1798
1797
1809
1804
1816
1805
1797
1808
1797
1797
1815
1801
1797
1831
1796
1797
1806
1796
1808
1821
1799
1815
1811
1801
1831
1797
1797
1807
1798
1797
1817
1797
1813
1825
1797
1805
1797
1802
1813
1798
1813
1806
1797
1807
1801
1797
1809
1797
1814
1806
1798
1812
1797
1796
1807
1799
1798
1818
1797
1820
1807
1796
1814
1797
1802
1814
1797
1808
1815
1798
1816
1797
1797
1812
1800
1808
1798
1805
1808
1800
1797
1806
1797
1818
1802
1797
1815
1797
1799
1816
1803
1807
1797
1797
1806
1797
1797
1811
1798
1814
1798
1796
1817
1797
1819
1817
1815
1797
1817
1797
1814
1817
1797
1809
1798
1804
1806
1806
1797
1838
1796
1797
1806
1797
1807
1810
1797
1808
1797
1797
1809
1796
1798
1807
1797
1807
1812
1796
1813
1797
1797
1805
1797
1801
1805
1798
1805
1819
1796
1813
1797
1797
1812
1796
1797
1808
1804
1809
1798
1797
1807
1799
1797
1806
1796
1820
1807
1797
1818
1805
1799
1815
1797
1807
1817
1798
1813
1797
1798
1806
1798
1817
1810
1796
1817
1823
1797
1809
1797
1812
1816
1798
1806
1797
1797
1824
1803
1807
1821
1797
1809
1797
1797
1825
1797
1806
1820
1799
1809
1804
1798
1814
1800
1813
1817
1797
1813
1797
1798
1810
1798
1816
1808
1796
1817
1798
1800
1814
1797
1814
1842
1801
1810
1797
1799
1810
1797
1805
1797
1803
1816
1817
1797
1806
1797
1815
1885
1796
1809
1796
1804
1808
1801
1797
1811
1802
1827
1809
1798
1815
1797
1797
1817
1797
1798
1819
1797
1809
1817
1797
1809
1797
1802
1809
1797
1813
1808
1797
1813
1797
1797
1813
1800
1811
1815
1801
1809
1799
1797
1810
1797
1800
1812
1802
1819
1813
1800
1815
1802
1797
1823
1797
1797
1817
1797
1813
1814
1797
1810
1797
1797
1817
1797
1808
1819
1797
1807
1797
1801
1810
1797
1816
1806
1799
1815
1800
1798
1809
1799
1797
1815
1801
1808
1817
1797
1808
1797
1799
1812
1798
1817
1806
1799
1817
1797
1797
1817
1798
1797
1815
1797
1813
1810
1797
1814
1797
1797
1812
1797
1810
1817
1797
1806
1797
1801
1811
1797
1797
1805
1797
1814
1801
1797
1814
1799
1817
1818
1809
1797
1812
1813
1809
1804
1800
1822
1797
1798
1814
1799
1805
1816
1797
1808
1797
1797
1815
1797
1804
1814
1797
1805
1816
1797
1808
1801
1797
1817
1798
1806
1814
1797
1797
1805
1797
1816
1854
1797
1800
1806
1796
1797
1809
1797
1829
1816
1797
1810
1800
1797
1804
1796
1797
1831
1796
1801
1811
1833
1797
1810
1797
1809
1826
1797
1805
1798
1797
1803
1799
1799
1830
1797
1807
1797
1803
1813
1797
1797
1820
1797
1806
1813
1799
1829
1797
1797
1820
1797
1807
1818
1814
1805
1797
1797
1809
1798
1814
1809
1797
1805
1797
1802
1807
1813
1804
1816
1797
1805
1797
1797
1829
1799
1797
1811
1815
1806
1823
1797
1805
1797
1798
1809
1797
1814
1804
1799
1814
1804
1797
1805
1797
1797
1804
1797
1818
1797
1813
1821
1797
1798
1819
1797
1806
1815
1797
1831
1799
1804
1809
1797
1811
1815
1935
1807
1806
1797
1806
1808
1796
1805
1802
1798
1807
1797
1797
1808
1797
1805
1797
1797
1805
1796
1797
1813
1797
1821
1804
1797
1882
1797
1803
1816
1797
1805
1816
1797
1807
1798
1796
1809
1797
1798
1814
1800
1813
1814
1797
1807
1799
1797
1811
1797
1815
1806
1797
1819
1800
1797
1814
1798
1806
1812
1800
1812
1797
1798
1806
1800
1814
1808
1799
1817
1797
1797
1817
1798
1815
1806
1798
1811
1797
1797
1807
1797
1837
1813
1835
1829
1807
1828
1816
1796
1797
1818
1797
1799
1806
1797
1812
1810
1797
1824
1799
1796
1812
1799
1797
1813
1797
1807
1816
1800
1812
1797
1797
1806
1799
1815
1812
1797
1813
1799
1797
1812
1797
1812
1814
1798
1806
1797
1799
1811
1797
1814
1805
1797
1815
1797
1799
1815
1797
1797
1814
1796
1813
1806
1797
1805
1796
1798
1809
1806
1797
1820
1797
1806
1797
1797
1807
1797
1797
1817
1799
1809
1820
1797
1805
1798
1797
1809
1796
1805
1805
1796
1816
1807
1799
1820
1797
1796
1813
1812
1797
1813
1916
1799
1813
1796
1811
1819
1806
1808
1797
1796
1816
1797
1797
1811
1797
1814
1808
1797
1812
1799
1797
1812
1797
1808
1803
1797
1811
1797
1798
1810
1797
1797
1804
1800
1818
1807
1797
1811
1797
1804
1816
1797
1815
1815
1796
1805
1804
1798
1818
1797
1797
1806
1802
1815
1808
1797
1816
1797
1797
1822
1797
1797
1804
1797
1815
1805
1797
1818
1797
1799
1813
1797
1803
1808
1797
1805
1813
1797
1805
1798
1797
1821
1797
1800
1818
1804
1797
1814
1797
1826
1809
1798
1807
1797
1797
1809
1796
1798
1815
1796
1797
1805
1798
1811
1798
1798
1815
1797
1803
1807
1798
1807
1820
1796
1810
1814
1797
1807
1797
1798
1809
1798
1809
1813
1803
1809
1797
1797
1808
1799
1797
1822
1797
1813
1806
1798
1816
1798
1798
1821
1797
1807
1816
1797
1811
1797
1797
1808
1798
1797
1805
1797
1819
1806
1797
1805
1798
1802
1812
1797
1814
1807
1797
1816
1801
1797
1805
1797
1813
1807
1799
1811
1797
1797
1806
1799
1797
1816
1797
1816
1807
1797
1821
1797
1802
1844
1797
1810
1804
1797
1808
1797
1797
1804
1796
1797
1804
1800
1809
1811
1797
1807
1796
1797
1806
1797
1797
1805
1797
1803
1848
1797
1810
1797
1797
1810
1800
1807
1813
1797
1805
1797
1797
1810
1796
1797
1805
1798
1808
1804
1800
1812
1797
1797
1808
1796
1802
1806
1796
1814
1809
1797
1812
1802
1797
1806
1797
1824
1821
1838
1811
1815
1797
1808
1797
1798
1812
1800
1797
1815
1797
1817
1799
1797
1814
1797
1800
1805
1796
1819
1807
1800
1817
1797
1797
1815
1801
1807
1819
1797
1821
1803
1800
1812
1807
1797
1827
1797
1796
1809
1799
1797
1813
1797
1807
1816
1797
1811
1797
1798
1811
1797
1800
1810
1797
1810
1797
1798
1821
1796
1797
1816
1804
1806
1810
1800
1806
1796
1797
1818
1797
1798
1811
1797
1809
1820
1797
1810
1801
1796
1821
1796
1797
1820
1796
1798
1812
1797
1807
1799
1797
1811
1797
1797
1808
1803
1810
1816
1802
1808
1797
1796
1809
1799
1802
1808
1797
1814
1808
1797
1815
1801
1799
1816
1797
1797
1812
1802
1808
1811
1797
1811
1797
1797
1820
1796
1799
1808
1798
1818
1807
1797
1811
1797
1797
1807
1797
1802
1808
1798
1818
1807
1797
1833
1808
1797
1820
1797
1797
1817
1801
1797
1816
1798
1808
1812
1797
1805
1797
1797
1817
1797
1800
1809
1797
1811
1808
1815
1812
1797
1799
1808
1797
1797
1809
1797
1821
1806
1796
1822
1812
1797
1803
1802
1807
1815
1797
1820
1797
1797
1806
1797
1802
1843
1796
1805
1808
1796
1803
1799
1813
1804
1797
1820
