1925
1941
1928
1937
1937
1926
1926
2029
1946
1931
1936
1958
1925
1968
1935
1927
1938
1972
1926
1929
1935
1925
1925
1967
1929
1934
1935
1926
1927
1934
1925
1925
1940
1925
1926
1931
1940
1927
1936
1925
1925
1939
1925
1926
1942
1926
1926
1939
1926
1925
1953
1925
1925
1947
1926
1926
1945
1925
1926
1948
1925
1926
1936
1929
1925
1941
1926
1927
1938
1933
1926
1940
1926
1925
1936
1933
1925
1940
1941
1925
1937
1932
1926
1939
1926
1926
1936
1926
1931
1947
1925
1926
1946
1927
1932
1947
1925
1925
1946
1925
1932
1946
1928
1926
1943
1925
1927
1947
1925
1926
1943
1928
1926
1941
1926
1927
1944
1926
1926
1953
1925
1926
1936
1926
1927
1929
1941
1926
1926
1946
1926
1930
1937
1925
1926
1941
1927
1939
1944
1925
1926
1936
1926
1926
1939
1927
1926
1943
1926
1926
1934
1925
1926
1937
1947
1926
1945
1942
1927
1936
1945
1926
1944
1943
1926
1936
1943
1925
1943
1945
1926
1937
1945
1926
1936
1934
1925
1936
1937
1926
1939
1926
1934
1942
1969
1925
1971
1935
1925
1934
1942
1926
1971
1937
1926
1943
1946
1926
1960
1926
1925
1945
1925
1930
1945
1936
1926
1955
1936
1927
1947
1951
1928
1947
1935
1930
1945
1954
1925
1947
1935
1930
1946
1951
1925
1938
1945
1930
1938
1947
1925
1940
1946
1925
1936
1943
1941
1939
1943
1925
1963
1937
1957
1975
1944
1935
1942
1943
1968
1926
1987
1929
1933
1952
1930
1928
1944
1926
1932
1940
1925
1925
1935
1935
1926
1936
1934
1926
1943
1933
1926
1939
1934
1942
1950
1936
1926
1955
1935
1942
1953
1936
1925
1946
1935
1944
1949
1933
1926
1934
1928
1925
1931
1936
1927
1937
1940
1926
1934
1937
1926
1944
1941
1928
1949
1934
1926
1954
1941
1926
1939
1926
1925
1940
1936
1926
1937
1944
1926
1936
1939
1926
1937
1946
1927
1939
1933
1933
1943
1937
1926
1945
1926
1931
1946
1946
1925
1936
1934
1925
1944
1934
1927
1947
1933
1926
1948
1934
1926
1947
1943
1928
1953
1936
1925
1936
1942
1925
1944
1944
1926
1935
1944
1925
1933
1946
1925
1935
1943
1926
1935
1936
1927
1926
1942
1926
1935
1947
1925
1926
1941
1927
1934
1948
1926
1939
1941
1926
1937
1948
1927
1939
1942
1926
1936
1942
1926
1938
1941
1926
1935
1941
1932
1938
1942
1925
1935
1929
1934
1943
1932
1936
1965
1927
1938
1933
1960
1946
1938
1926
1927
1937
1925
1926
1937
1928
1928
1936
1926
1929
1938
1925
1945
1936
1928
1942
1937
1926
1946
1935
1926
1942
1937
1926
1942
1940
1925
1958
1936
1926
1942
1936
1926
1940
1926
1926
1944
1927
1926
1942
1928
1926
1940
1926
1931
1941
1926
1926
1931
1927
1929
1934
1926
1928
1935
1925
1928
1934
1926
1926
1932
1926
1927
1936
1925
1926
1935
1926
1942
1938
1926
1948
1933
1926
1943
1940
1927
1944
1934
1925
1941
1934
1925
1946
1937
1926
1941
1934
1930
1946
1933
1926
1940
1933
1930
1938
1941
1928
1935
1950
1930
1942
1944
1926
1935
1932
1926
1938
1936
1926
1935
1947
1926
1942
1947
1926
1934
1926
1925
1943
1926
1925
1933
1928
1925
1947
1927
1925
1944
1925
1925
1951
1933
1925
1943
1925
1926
1946
1941
1925
1942
1940
1926
1949
1954
1926
1938
1956
1925
1928
1941
1926
1927
1938
1927
1925
1950
1926
1926
1947
1925
1945
1925
1933
1941
1951
1934
1934
1936
1925
1926
1953
1925
1999
1942
1973
1925
1945
1933
1964
1957
1933
1926
1941
1949
1958
1937
1940
1928
1941
1949
1942
1937
1941
1926
1938
1934
1928
1948
1934
1926
1946
1931
1926
1965
1925
1926
1935
1932
1925
1957
1926
1925
1936
1932
1925
1939
1925
1926
1935
1925
1925
1940
1944
1926
1933
1925
1935
1939
1941
1925
1944
1928
1932
1951
1940
1927
1935
1926
1932
1939
1928
1925
1935
1926
1928
1942
1926
1943
1937
1925
1926
1945
1925
1962
1935
1925
1942
1946
1926
1935
1934
1926
1945
1939
1926
1944
1953
1926
1948
1938
1933
1946
1950
1926
1949
1938
1934
1946
1951
1928
1947
1939
1932
1948
1935
1925
1945
1937
1928
1945
1935
1942
1945
1937
1925
1950
1937
1942
1945
1936
1925
1951
1936
1943
1955
1938
1925
1952
1936
1925
1934
1938
1926
1942
1935
1926
1966
1938
1928
1950
1941
1925
1962
1937
1925
1946
1942
1928
1959
1937
1925
1949
1941
1925
1944
1937
1926
1943
1934
1926
1946
1956
1925
1945
1937
1930
1926
1953
1926
1925
1934
1932
1951
1964
1934
1926
1935
1925
1966
1941
1943
1933
1978
1925
1934
1934
1925
1937
1939
1926
1926
1933
1926
1932
1937
1925
1950
1945
1934
1931
1937
1927
1925
1950
1925
1961
1939
1925
1926
1951
1931
1926
1950
1933
1925
1934
1935
1925
1939
1944
1926
1934
1925
1926
1941
1926
1926
1938
1926
1932
1930
1925
1926
1931
1926
1925
1932
1931
1926
1932
1926
1926
1930
1929
1925
1932
1926
1926
1941
1926
1926
1938
1926
1926
1946
1925
1940
1941
1925
1936
1940
1925
1941
1942
1925
1936
1949
1926
1934
1940
1925
1937
1937
1926
1933
1952
1926
1937
1941
1925
1934
1932
1926
1937
1925
1926
1935
1931
1925
1939
1926
1926
1934
1927
1931
2005
1925
1942
1935
1926
1938
1937
1928
1926
1937
1926
1934
1944
1932
1926
1950
1926
1926
1934
1925
1926
1962
1926
1926
1957
1926
1934
1934
1925
1954
1941
1925
1926
1934
1925
1925
1940
1925
1925
1934
1941
1949
1934
1926
1953
1934
1941
1947
1944
1933
1925
1933
1926
1941
1932
1931
1935
1946
1926
1952
1946
1927
1935
1942
1933
1936
1933
1925
1943
1935
1926
1943
1936
1925
1947
1935
1925
1947
1944
1926
1946
1938
1925
1943
1938
1925
1942
1935
1926
2267
1941
1938
1934
1937
1946
1925
1958
1943
1932
1936
1935
1925
1941
1944
1925
1937
1934
1928
1939
1933
1926
1947
1937
1926
1958
1933
1926
1954
1935
1925
1942
1935
1926
1947
1936
1926
1955
1934
1926
1937
1944
1925
1941
1941
1926
1935
1944
1925
1954
1931
1925
1941
1943
1926
1949
1934
1943
1941
1936
1926
1937
1952
1941
1933
1939
1931
1935
1948
1941
1939
1945
1932
1936
1939
1926
1934
1949
1932
1938
1942
1925
1950
1947
1930
1938
1947
1925
1953
1934
1925
1942
1944
1926
1952
1937
1926
1944
1925
1925
1935
1946
1926
1946
1926
1927
1936
1942
1925
1941
1936
1926
1935
1925
1926
1932
1929
1925
1933
1926
1926
1934
1929
1925
1930
1926
1925
1942
1929
1925
1934
1926
1925
1932
1925
1926
1931
1925
1926
1954
1927
1930
1941
1926
1925
1942
1926
1930
1933
1926
1925
1932
1925
1928
1943
1926
1925
1951
1925
1926
1946
1926
1926
1949
1925
1926
1944
1926
1926
1933
1926
1942
1940
1926
1946
1934
1942
1937
1943
1927
1939
1943
1942
1934
1946
1933
1938
1957
1925
1938
1946
1932
1939
1943
1926
1960
1937
1931
1926
1934
1926
1959
1935
1926
1926
1935
1926
1926
1945
1926
1928
1936
1925
1941
1944
1926
1932
1936
1926
1926
1935
1926
1932
1935
1925
1925
1964
1927
1926
1936
1925
1926
1938
1925
1926
1941
1931
1925
1934
1925
1927
1939
1926
1926
1942
1928
1925
1934
1926
1952
1933
1926
1942
1935
1925
1937
1941
1926
1936
1940
1927
1938
1945
1926
1934
1925
1927
1940
1926
1925
1936
1928
1925
1947
1925
1926
1935
1926
1925
1958
1927
1926
1947
1926
1927
1947
1926
1955
1934
1942
1926
1938
1926
1926
1935
1926
1926
1938
1933
1925
1935
1941
1926
1934
1936
1925
1934
1926
1925
1935
1931
1926
1943
1926
1942
1941
1926
1926
1943
1926
1943
1940
1925
1937
1942
1925
1934
1942
1926
1948
1941
1926
1934
1957
1925
1935
1936
1925
1941
1950
1926
1938
1937
1925
1942
1948
1925
1940
1940
1926
1941
1933
