2054
2054
2070
2085
2054
2068
2071
2060
2055
2073
2054
2054
2062
2080
2054
2082
2096
2074
2054
2090
2063
2061
2054
2121
2073
2062
2073
2072
2053
2089
2062
2058
2055
2061
2063
2071
2084
2065
2054
2054
2079
2064
2055
2070
2071
2054
2064
2073
2054
2055
2065
2062
2054
2063
2070
2054
2054
2166
2064
2055
2073
2062
2057
2054
2076
2054
2060
2070
2065
2054
2074
2065
2060
2054
2064
2054
2054
2067
2073
2055
2060
2069
2054
2056
2066
2054
2054
2072
2061
2054
2075
2065
2055
2067
2062
2057
2058
2067
2054
2054
2064
2074
2064
2067
2063
2054
2055
2062
2072
2054
2063
2064
2056
2069
2071
2055
2056
2078
2071
2062
2069
2073
2054
2054
2070
2055
2055
2070
2066
2058
2069
2063
2056
2055
2063
2061
2054
2064
2070
2055
2060
2066
2061
2064
2063
2071
2054
2055
2067
2058
2054
2072
2061
2055
2062
2078
2055
2056
2070
2064
2054
2082
2064
2054
2091
2086
2054
2057
2065
2068
2054
2080
2062
2063
2054
2063
2054
2070
2062
2071
2060
2054
2096
2074
2098
2064
2135
2057
2055
2069
2063
2056
2054
2065
2054
2056
2068
2460
2054
2069
2064
2063
2068
2060
2073
2082
2054
2100
2078
2060
2054
2076
2054
2054
2070
2069
2054
2065
2063
2054
2055
2147
2175
2054
2064
2076
2057
2055
2069
2063
2055
2078
2067
2054
2054
2062
2071
2054
2081
2070
2056
2064
2072
2082
2072
2073
2054
2054
2076
2064
2057
2072
2064
2055
2054
2063
2057
2054
2069
2089
2054
2063
2091
2054
2054
2084
2068
2054
2077
2066
2053
2055
2066
2056
2057
2075
2068
2056
2064
2073
2056
2055
2077
2054
2054
2076
2064
2053
2074
2063
2056
2055
2065
2054
2057
2064
2072
2054
2066
2074
2054
2054
2074
2055
2054
2067
2068
2054
2063
2072
2056
2054
2071
2062
2065
2081
2068
2054
2054
2071
2054
2061
2068
2071
2054
2064
2073
2062
2054
2084
2054
2054
2064
2107
2120
2055
2069
2063
2053
2088
2073
2054
2100
2064
2054
2061
2064
2074
2054
2065
2073
2066
2072
2082
2064
2054
2067
2074
2054
2054
2070
2054
2071
2071
2083
2054
2071
2067
2060
2054
2068
2062
2056
2077
2166
2054
2068
2094
2067
2070
2062
2067
2096
2054
2109
2067
2055
2054
2095
2075
2054
2072
2065
2054
2055
2068
2054
2054
2063
2065
2054
2070
2062
2054
2055
2062
2053
2060
2063
2071
2111
2054
2055
2071
2078
2069
2065
2080
2054
2054
2068
2063
2054
2075
2064
2057
2064
2091
2054
2056
2064
2054
2055
2074
2064
2055
2064
2074
2056
2059
2074
2055
2057
2075
2065
2058
2077
2063
2055
2071
2068
2059
2054
2063
2054
2054
2067
2075
2055
2060
2061
2054
2054
2069
2054
2054
2063
2080
2054
2068
2071
2057
2054
2082
2054
2064
2064
2063
2054
2076
2065
2056
2054
2064
2074
2054
2065
2065
2054
2055
2074
2054
2054
2079
2069
2057
2054
2063
2060
2054
2066
2069
2054
2066
2071
2055
2055
2067
2057
2054
2073
2074
2056
2068
2070
2054
2071
2063
2054
2054
2073
2072
2061
2067
2076
2054
2054
2071
2061
2056
2073
2062
2054
2073
2072
2054
2072
2065
2054
2054
2069
2056
2054
2063
2068
2054
2070
2074
2055
2055
2074
2055
2061
2073
2064
2054
2073
2062
2061
2054
2063
2055
2057
2063
2061
2054
2065
2080
2054
2062
2074
2054
2075
2068
2068
2056
2084
2072
2087
2055
2072
2073
2054
2159
2065
2098
2053
2083
2074
2087
2066
2081
2091
2056
2066
2067
2053
2056
2076
2054
2054
2074
2062
2055
2075
2068
2070
2054
2063
2054
2066
2071
2064
2054
2080
2063
2059
2055
2077
2062
2054
2075
2070
2054
2079
2065
2056
2055
2067
2061
2056
2071
2074
2053
2077
2064
2054
2054
2084
2065
2060
2072
2062
2056
2054
2062
2059
2056
2063
2072
2054
2065
2075
2063
2055
2075
2054
2054
2075
2065
2054
2074
2063
2055
2067
2071
2054
2056
2070
2062
2057
2075
2068
2054
2070
2095
2063
2054
2064
2063
2068
2068
2061
2054
2056
2066
2067
2060
2068
2069
2054
2054
2072
2060
2054
2075
2066
2055
2072
2070
2054
2054
2064
2054
2054
2078
2066
2053
2055
2066
2054
2061
2071
2073
2054
2066
2072
2062
2068
2069
2054
2056
2072
2061
2055
2066
2071
2054
2065
2080
2055
2055
2064
2054
2054
2076
2071
2054
2066
2074
2054
2062
2072
2054
2054
2070
2077
2072
2071
2065
2056
2055
2065
2073
2062
2062
2066
2061
2063
2072
2061
2057
2058
2063
2069
2054
2080
2064
2054
2054
2071
2054
2054
2064
2073
2054
2072
2054
2065
2082
2099
2054
2061
2065
2054
2079
2064
2054
2087
2063
2054
2059
2064
2068
2070
2063
2065
2056
2055
2092
2081
2076
2074
2065
2055
2054
2120
2065
2057
2064
2077
2054
2058
2075
2060
2054
2065
2067
2087
2054
2073
2054
2054
2073
2067
2054
2072
2065
2057
2054
2066
2054
2056
2065
2070
2056
2069
2071
2055
2054
2071
2083
2054
2073
2065
2056
2055
2082
2054
2056
2066
2071
2054
2085
2074
2055
2057
2074
2054
2070
2072
2064
2054
2072
2066
2073
2054
2062
2055
2054
2074
2079
2054
2071
2063
2054
2054
2079
2070
2054
2059
2065
2055
2069
2062
2059
2054
2066
2069
2071
2065
2073
2054
2054
2076
2071
2056
2074
2066
2054
2072
2079
2054
2082
2067
2074
2054
2065
2070
2061
2054
2070
2054
2070
2062
2072
2054
2071
2062
2054
2054
2072
2054
2054
2063
2070
2054
2073
2070
2054
2079
2068
2054
2061
2064
2055
2071
2062
2065
2060
2073
2065
2071
2054
2066
2062
2055
2066
2079
2054
2074
2070
2054
2073
2078
2054
2054
2070
2055
2054
2080
2065
2054
2078
2063
2054
2071
2065
2054
2061
2076
2062
2070
2073
2063
2060
2054
2109
2069
2061
2079
2065
2055
2054
2123
2075
2060
2063
2079
2057
2085
2071
2056
2055
2063
2064
2087
2072
2063
2054
2054
2065
2072
2054
2064
2073
2057
2067
2085
2054
2059
2072
2053
2054
2088
2063
2056
2070
2066
2055
2054
2063
2055
2057
2069
2070
2054
2064
2072
2054
2054
2071
2054
2054
2072
2068
2054
2071
2062
2055
2071
2066
2054
2054
2062
2054
2057
2067
2069
2055
2063
2061
2058
2054
2070
2054
2055
2070
2055
2054
2076
2062
2054
2069
2067
2054
2054
2063
2053
2054
2067
2071
2083
2068
2064
2054
2055
2065
2054
2056
2063
2069
2056
2067
2071
2055
2054
2070
2056
2055
2063
2054
2054
2065
2076
2055
2065
2071
2054
2055
2076
2054
2055
2071
2064
2054
2078
2066
2055
2070
2065
2054
2055
2066
2058
2055
2073
2067
2055
2086
2072
2054
2064
2074
2055
2054
2071
2057
2055
2073
2066
2056
2072
2063
2054
2055
2078
2054
2053
2065
2074
2054
2071
2070
2056
2055
2073
2054
2067
2063
2062
2055
2103
2072
2057
2054
2103
2075
2062
2077
2072
2054
2054
2088
2070
2094
2064
2062
2056
2086
2064
2069
2056
2071
2062
2088
2055
2074
2054
2054
2063
2090
2075
2073
2078
2055
2055
2071
2054
2057
2064
2063
2054
2075
2067
2057
2054
2066
2053
2055
2066
2083
2054
2065
2070
2056
2054
2081
2054
2054
2091
2067
2054
2080
2064
2054
2070
2067
2056
2057
2065
2071
2073
2071
2072
2060
2057
2064
2069
2054
2066
2072
2054
2055
2084
2054
2054
2065
2071
2054
2083
2074
2054
2055
2062
2055
2070
2064
2075
2054
2067
2077
2071
2064
2077
2056
2054
2076
2071
2056
2084
2071
2060
2054
2062
2054
2064
2064
2062
2054
2073
2064
2061
2054
2068
2054
2057
2064
2067
2054
2076
2063
2054
2054
2069
2054
2054
2063
2057
2054
2075
2074
2054
2065
2080
2055
2059
2064
2054
2055
2075
2065
2059
2075
2063
2056
2078
2064
2059
2057
2064
2054
2055
2076
2076
2054
2064
2073
2054
2054
2076
2054
2057
2072
2054
2055
2075
2064
2055
2072
2064
2054
2059
2064
2057
2093
2065
