2208
2184
2195
2239
2197
2185
2192
2193
2190
2186
2204
2255
2199
2191
2183
2207
2191
2183
2185
2194
2243
2183
2194
2200
2190
2183
2193
2195
2193
2183
2197
2204
2183
2188
2192
2205
2184
2184
2201
2197
2183
2183
2193
2198
2183
2198
2206
2183
2184
2192
2199
2183
2183
2190
2199
2184
2188
2200
2202
2183
2192
2200
2187
2183
2191
2202
2183
2183
2202
2192
2183
2201
2191
2190
2183
2199
2191
2185
2183
2209
2193
2185
2183
2191
2183
2184
2193
2199
2184
2185
2206
2192
2184
2184
2191
2199
2188
2194
2199
2184
2184
2196
2204
2183
2183
2192
2201
2185
2194
2201
2192
2183
2203
2200
2184
2187
2193
2195
2183
2187
2194
2200
2183
2195
2191
2185
2183
2193
2208
2190
2196
2199
2191
2183
2183
2193
2197
2191
2183
2193
2192
2190
2183
2191
2198
2184
2183
2205
2195
2183
2183
2207
2192
2184
2200
2190
2184
2183
2195
2197
2184
2183
2191
2194
2189
2184
2201
2191
2185
2185
2203
2191
2186
2199
2200
2210
2185
2210
2193
2182
2190
2198
2230
2185
2194
2192
2184
2195
2195
2195
2183
2183
2195
2193
2183
2189
2192
2183
2195
2194
2193
2184
2183
2191
2199
2183
2184
2200
2194
2183
2203
2196
2217
2183
2193
2201
2194
2183
2197
2199
2184
2190
2199
2195
2184
2183
2199
2197
2183
2183
2192
2201
2190
2199
2211
2183
2184
2204
2203
2185
2184
2195
2203
2183
2184
2200
2196
2196
2185
2209
2195
2185
2183
2194
2207
2185
2195
2197
2183
2185
2202
2204
2183
2185
2200
2196
2188
2184
2193
2199
2184
2198
2206
2183
2183
2201
2197
2183
2184
2195
2192
2183
2202
2199
2184
2184
2194
2204
2183
2190
2193
2194
2183
2184
2192
2194
2183
2203
2198
2205
2190
2195
2201
2185
2184
2201
2199
2184
2183
2201
2193
2184
2183
2192
2205
2184
2195
2240
2196
2193
2207
2192
2197
2185
2193
2221
2192
2188
2215
2192
2188
2183
2198
2197
2188
2183
2201
2191
2186
2184
2190
2192
2188
2184
2191
2202
2183
2195
2198
2183
2183
2200
2202
2183
2188
2201
2191
2183
2183
2192
2193
2189
2193
2194
2199
2183
2196
2201
2190
2185
2193
2201
2183
2184
2196
2192
2184
2184
2193
2205
2183
2194
2208
2192
2183
2206
2193
2183
2183
2192
2200
2183
2183
2197
2193
2183
2208
2194
2194
2183
2200
2194
2190
2183
2205
2194
2183
2210
2188
2183
2213
2195
2201
2186
2190
2213
2194
2184
2200
2192
2198
2185
2198
2191
2183
2187
2202
2193
2183
2190
2192
2196
2183
2185
2196
2202
2183
2200
2196
2184
2183
2205
2193
2184
2183
2193
2190
2183
2190
2199
2195
2183
2199
2192
2190
2183
2196
2191
2184
2187
2201
2196
2183
2184
2190
2208
2183
2195
2196
2185
2184
2209
2195
2184
2183
2197
2190
2185
2194
2192
2201
2183
2204
2200
2190
2183
2192
2191
2197
2184
2206
2193
2184
2183
2190
2197
2191
2183
2202
2195
2185
2219
2193
2183
2185
2195
2189
2199
2185
2198
2193
2183
2185
2192
2209
2188
2196
2193
2215
2183
2194
2196
2193
2183
2243
2202
2194
2187
2196
2216
2183
2183
2197
2196
2183
2199
2192
2201
2183
2183
2199
2213
2183
2190
2199
2183
2198
2204
2194
2185
2187
2192
2221
2183
2184
2194
2192
2183
2199
2191
2195
2188
2195
2223
2185
2195
2200
2249
2192
2204
2193
2199
2204
2183
2201
2224
2192
2183
2205
2207
2193
2183
2184
2227
2203
2190
2184
2194
2188
2184
2188
2195
2198
2184
2183
2191
2195
2183
2184
2190
2194
2183
2209
2191
2184
2184
2199
2203
2184
2185
2191
2191
2183
2209
2203
2194
2183
2194
2201
2189
2183
2194
2205
2183
2190
2194
2201
2184
2183
2206
2200
2193
2207
2194
2203
2183
2189
2193
2191
2183
2191
2196
2182
2184
2188
2191
2183
2187
2192
2191
2183
2197
2190
2201
2184
2189
2191
2183
2192
2190
2209
2184
2183
2201
2213
2183
2183
2194
2199
2184
2184
2198
2193
2184
2200
2202
2185
2183
2200
2192
2185
2211
2195
2200
2185
2194
2204
2190
2185
2204
2193
2183
2191
2201
2192
2183
2185
2196
2212
2184
2194
2191
2183
2183
2208
2192
2184
2183
2196
2210
2183
2195
2193
2183
2184
2200
2204
2184
2184
2194
2191
2190
2183
2191
2202
2183
2193
2234
2183
2190
2225
2194
2195
2183
2216
2197
2196
2183
2205
2192
2183
2183
2196
2202
2183
2183
2195
2197
2183
2190
2194
2200
2184
2184
2201
2195
2183
2202
2196
2186
2190
2200
2198
2185
2184
2201
2200
2185
2204
2195
2183
2185
2194
2201
2183
2185
2200
2211
2190
2184
2242
2196
2185
2184
2195
2205
2185
2185
2194
2220
2190
2184
2202
2192
2184
2189
2197
2212
2216
2183
2207
2196
2183
2197
2191
2204
2190
2197
2200
2184
2184
2204
2196
2185
2183
2197
2193
2194
2183
2193
2200
2185
2184
2209
2191
2185
2200
2191
2200
2186
2194
2199
2183
2185
2209
2193
2183
2185
2192
2195
2190
2185
2193
2191
2183
2189
2200
2192
2184
2204
2195
2192
2183
2189
2193
2183
2183
2196
2200
2183
2184
2201
2198
2183
2183
2231
2191
2184
2207
2199
2183
2183
2193
2206
2185
2184
2200
2193
2183
2190
2195
2198
2184
2184
2196
2210
2184
2183
2201
2195
2184
2202
2194
2184
2183
2196
2207
2184
2184
2197
2197
2183
2210
2193
2199
2183
2203
2199
2190
2184
2198
2194
2190
2202
2193
2184
2185
2196
2197
2190
2184
2200
2194
2183
2202
2199
2183
2184
2203
2193
2183
2187
2193
2203
2183
2192
2209
2183
2183
2194
2203
2183
2190
2199
2205
2200
2190
2217
2196
2183
2183
2233
2196
2199
2183
2198
2193
2184
2183
2205
2199
2183
2183
2202
2196
2184
2184
2213
2192
2184
2201
2197
2202
2183
2194
2203
2183
2183
2208
2206
2183
2191
2202
2197
2183
2184
2194
2203
2183
2184
2199
2193
2183
2201
2195
2183
2184
2194
2203
2183
2183
2201
2193
2184
2186
2197
2198
2184
2183
2200
2200
2183
2184
2192
2198
2190
2197
2200
2185
2183
2193
2210
2185
2183
2201
2192
2185
2184
2192
2198
2185
2183
2211
2194
2185
2199
2192
2184
2191
2194
2200
2184
2185
2209
2204
2187
2185
2202
2195
2191
2183
2193
2198
2183
2183
2191
2192
2186
2203
2195
2191
2183
2188
2203
2183
2190
2208
2194
2183
2185
2196
2199
2184
2185
2194
2197
2183
2197
2199
2191
2183
2185
2192
2208
2183
2194
2194
2183
2183
2207
2192
2183
2184
2194
2212
2183
2183
2202
2193
2184
2207
2193
2201
2183
2192
2194
2183
2183
2203
2191
2183
2194
2195
2235
2183
2191
2194
2191
2184
2184
2216
2203
2192
2183
2210
2200
2183
2183
2205
2192
2183
2184
2198
2193
2183
2202
2193
2183
2183
2196
2204
2183
2183
2199
2193
2184
2183
2191
2197
2183
2185
2197
2199
2183
2183
2201
2195
2183
2200
2190
2189
2184
2202
2196
2183
2183
2198
2196
2184
2183
2200
2192
2183
2186
2192
2201
2183
2183
2194
2193
2183
2203
2192
2203
2186
2194
2226
2195
2184
2204
2194
2185
2183
2192
2202
2185
2184
2199
2191
2185
2184
2193
2199
2185
2220
2194
2183
2191
2194
2192
2183
2184
2192
2192
2188
2183
2194
2201
2187
2183
2199
2202
2185
2183
2199
2191
2184
2196
2192
2199
2185
2192
2200
2184
2185
2193
2199
2183
2185
2200
2192
2183
2186
2193
2191
2184
2188
2195
2191
2183
2197
2192
2186
2183
2195
2198
2183
2183
2205
2191
2183
2183
2197
2203
2183
2184
2190
2206
2183
2189
2204
2190
2183
2197
2197
2184
2183
2194
2197
2184
2186
2193
2216
2184
2190
2267
2202
2183
2183
2252
2198
2222
2183
2195
2200
2183
2183
2195
2193
2183
2184
2193
2198
2183
2184
2197
2191
2183
2201
2196
2198
2184
2194
2201
2184
2183
2210
2192
2183
2184
2198
2196
2184
2194
2204
2185
2183
2200
2193
2183
2184
2198
2200
2183
2195
2204
2184
