2329
2319
2335
2373
2348
2361
2349
2317
2323
2321
2342
2312
2346
2322
2322
2312
2313
2320
2339
2330
2311
2358
2323
2345
2312
2312
2344
2323
2319
2312
2323
2328
2337
2312
2348
2322
2326
2328
2315
2337
2324
2312
2314
2340
2331
2312
2312
2322
2345
2325
2319
2313
2321
2331
2312
2319
2331
2323
2311
2328
2326
2335
2322
2312
2328
2325
2335
2312
2314
2330
2341
2312
2319
2324
2328
2329
2314
2338
2323
2327
2312
2344
2330
2324
2312
2312
2341
2339
2327
2312
2329
2325
2325
2318
2317
2332
2325
2338
2314
2321
2322
2319
2314
2312
2325
2320
2314
2312
2323
2318
2324
2311
2312
2319
2327
2324
2312
2327
2337
2323
2314
2326
2326
2322
2312
2313
2322
2327
2314
2312
2330
2323
2313
2311
2324
2328
2322
2312
2312
2350
2321
2312
2315
2322
2328
2312
2311
2327
2322
2321
2311
2312
2321
2325
2312
2313
2322
2331
2314
2312
2331
2319
2323
2312
2361
2318
2329
2334
2312
2324
2331
2320
2311
2312
2332
2322
2312
2314
2317
2314
2323
2339
2336
2324
2312
2323
2318
2311
2317
2320
2325
2320
2311
2312
2324
2318
2311
2312
2319
2331
2319
2320
2328
2320
2318
2311
2315
2321
2319
2311
2312
2319
2332
2318
2312
2318
2328
2322
2314
2312
2326
2318
2314
2312
2332
2322
2331
2311
2321
2333
2322
2312
2312
2321
2329
2314
2312
2391
2332
2322
2312
2313
2318
2321
2314
2312
2321
2327
2318
2312
2322
2320
2332
2311
2312
2358
2321
2327
2313
2311
2341
2326
2325
2313
2323
2328
2334
2314
2312
2322
2333
2326
2312
2366
2325
2340
2318
2323
2342
2321
2312
2312
2331
2329
2312
2312
2332
2332
2312
2329
2332
2325
2321
2314
2312
2322
2333
2313
2318
2323
2337
2314
2312
2324
2332
2339
2311
2336
2322
2334
2311
2328
2331
2321
2319
2312
2341
2331
2312
2312
2337
2322
2345
2312
2326
2334
2322
2328
2312
2321
2338
2319
2312
2329
2321
2311
2319
2323
2349
2321
2312
2312
2321
2323
2312
2312
2330
2331
2311
2329
2328
2335
2330
2312
2332
2323
2328
2312
2319
2334
2323
2329
2312
2330
2328
2338
2311
2312
2331
2328
2312
2311
2324
2335
2333
2312
2349
2323
2321
2318
2316
2339
2329
2322
2314
2340
2323
2342
2313
2312
2338
2322
2329
2312
2320
2324
2329
2312
2332
2323
2324
2316
2312
2347
2323
2311
2312
2351
2312
2325
2410
2338
2313
2314
2327
2319
2319
2314
2321
2325
2320
2320
2312
2322
2331
2312
2312
2335
2322
2311
2312
2323
2337
2322
2312
2323
2322
2319
2312
2314
2321
2321
2312
2323
2323
2330
2325
2318
2316
2323
2327
2313
2311
2326
2324
2322
2311
2312
2336
2327
2311
2312
2323
2337
2312
2311
2324
2331
2324
2312
2338
2325
2329
2311
2312
2335
2323
2312
2312
2334
2323
2320
2311
2333
2325
2332
2319
2446
2324
2336
2312
2311
2332
2317
2321
2312
2318
2331
2320
2312
2314
2323
2327
2311
2315
2322
2330
2325
2316
2312
2332
2322
2312
2315
2329
2323
2317
2311
2319
2331
2321
2312
2312
2321
2335
2312
2313
2323
2328
2321
2313
2325
2320
2321
2312
2313
2321
2325
2312
2312
2327
2322
2327
2312
2321
2328
2320
2312
2312
2322
2319
2313
2312
2327
2340
2328
2321
2312
2328
2337
2314
2312
2336
2326
2323
2312
2312
2325
2324
2311
2311
2317
2330
2340
2311
2319
2327
2320
2321
2313
2325
2311
2311
2344
2333
2330
2311
2312
2334
2322
2328
2318
2323
2332
2321
2312
2318
2323
2330
2312
2313
2321
2337
2320
2313
2321
2318
2335
2314
2312
2328
2319
2314
2312
2324
2319
2312
2312
2328
2338
2322
2312
2330
2359
2330
2312
2312
2326
2324
2330
2311
2327
2324
2321
2316
2312
2322
2328
2313
2312
2324
2321
2311
2312
2325
2334
2324
2312
2333
2325
2322
2312
2312
2323
2334
2312
2318
2333
2322
2331
2313
2318
2329
2321
2312
2312
2322
2334
2312
2311
2325
2328
2328
2311
2312
2325
2332
2312
2312
2323
2332
2321
2311
2321
2323
2330
2312
2313
2327
2331
2312
2314
2329
2320
2334
2312
2319
2318
2322
2324
2312
2383
2332
2318
2331
2311
2313
2321
2335
2313
2312
2319
2321
2331
2312
2320
2329
2321
2312
2312
2323
2326
2321
2312
2328
2321
2326
2312
2314
2332
2319
2317
2313
2326
2322
2311
2311
2331
2326
2321
2311
2312
2338
2321
2312
2312
2320
2325
2335
2311
2312
2319
2328
2314
2312
2331
2319
2312
2318
2317
2331
2323
2313
2312
2321
2337
2314
2312
2327
2331
2326
2312
2320
2336
2325
2312
2312
2312
2320
2325
2351
2312
2322
2321
2343
2314
2311
2326
2331
2323
2312
2313
2322
2327
2311
2316
2330
2322
2329
2312
2322
2327
2321
2312
2333
2321
2326
2313
2312
2333
2324
2312
2312
2321
2330
2312
2312
2327
2322
2312
2335
2325
2329
2323
2312
2321
2321
2329
2320
2315
2333
2329
2320
2314
2313
2327
2328
2312
2312
2321
2322
2312
2312
2326
2329
2313
2312
2325
2336
2321
2313
2332
2322
2317
2312
2312
2336
2321
2322
2312
2329
2321
2320
2323
2312
2320
2318
2314
2312
2325
2324
2314
2328
2329
2331
2319
2311
2344
2326
2328
2312
2312
2332
2339
2312
2316
2334
2346
2351
2319
2328
2337
2320
2314
2338
2370
2326
2322
2312
2325
2320
2339
2321
2312
2347
2319
2336
2312
2314
2327
2320
2312
2320
2323
2337
2336
2314
2319
2322
2328
2334
2312
2329
2318
2329
2312
2323
2322
2324
2311
2312
2325
2320
2315
2312
2320
2333
2312
2311
2327
2321
2331
2313
2312
2340
2325
2314
2312
2325
2330
2324
2312
2332
2325
2329
2315
2312
2328
2325
2312
2312
2326
2329
2312
2312
2330
2324
2336
2312
2313
2323
2329
2312
2312
2352
2326
2314
2314
2325
2324
2326
2311
2314
2321
2330
2313
2312
2328
2321
2312
2311
2325
2320
2329
2312
2327
2330
2320
2312
2333
2320
2328
2312
2322
2321
2328
2312
2314
2320
2319
2314
2312
2324
2319
2315
2314
2329
2322
2315
2312
2319
2328
2336
2312
2322
2326
2322
2312
2312
2334
2321
2315
2312
2331
2321
2312
2312
2324
2331
2312
2312
2321
2331
2325
2312
2328
2321
2330
2314
2312
2346
2324
2350
2314
2313
2326
2329
2312
2316
2335
2319
2320
2312
2327
2325
2332
2312
2352
2320
2336
2333
2312
2345
2320
2326
2312
2312
2337
2336
2312
2314
2331
2322
2342
2312
2315
2332
2336
2319
2312
2333
2320
2328
2313
2327
2328
2325
2313
2312
2334
2332
2313
2312
2318
2319
2349
2311
2323
2330
2320
2328
2312
2324
2324
2312
2312
2322
2319
2323
2313
2335
2338
2337
2317
2312
2318
2330
2313
2312
2320
2319
2319
2327
2312
2327
2320
2312
2329
2319
2338
2312
2311
2336
2337
2334
2446
2316
2322
2342
2312
2315
2333
2320
2345
2329
2312
2329
2321
2312
2329
2324
2323
2312
2311
2338
2333
2312
2312
2321
2323
2321
2312
2319
2330
2323
2312
2313
2333
2321
2312
2317
2336
2322
2330
2312
2312
2338
2318
2314
2312
2332
2319
2312
2311
2326
2322
2316
2312
2318
2341
2312
2311
2333
2325
2324
2312
2312
2333
2321
2312
2315
2322
2350
2312
2320
2325
2340
2325
2312
2321
2324
2329
2331
2312
2353
2322
2324
2312
2312
2359
2320
2312
2312
2333
2319
2322
2311
2319
2322
2322
2312
2312
2338
2325
2315
2312
2326
2322
2321
2312
2317
2320
2332
2318
2322
2329
2323
2312
2312
2329
2327
2312
2312
2330
2327
2312
2312
2322
2337
2312
2319
2321
2328
2312
2312
2342
2322
2336
2312
2323
2328
2330
2312
2312
2320
2335
2320
2312
2367
2324
2313
2312
2317
2321
2320
2327
2312
2329
2320
2312
2355
2328
2328
2322
2311
2314
2321
2319
2316
2318
2324
2325
2312
2315
2329
2323
2335
2312
2312
2323
2331
2312
2313
2332
2326
2311
2312
2321
2321
2329
2312
2315
2331
2323
2311
2316
2326
