2462
2449
2443
2462
2441
2451
2459
2448
2441
2446
2449
2460
2451
2440
2440
2447
2463
2447
2440
2445
2449
2454
2457
2440
2441
2456
2449
2452
2440
2440
2450
2458
2447
2441
2441
2447
2450
2464
2453
2440
2447
2452
2452
2441
2440
2447
2452
2449
2457
2440
2447
2451
2448
2441
2440
2448
2450
2447
2441
2441
2445
2461
2446
2443
2441
2445
2453
2449
2443
2441
2447
2452
2446
2443
2440
2446
2451
2446
2445
2441
2449
2453
2447
2441
2440
2440
2453
2446
2450
2443
2441
2457
2448
2455
2443
2440
2447
2457
2447
2442
2441
2459
2457
2450
2443
2441
2449
2454
2447
2440
2441
2446
2464
2447
2440
2441
2448
2451
2448
2441
2445
2448
2447
2452
2441
2445
2454
2447
2457
2441
2444
2446
2456
2448
2441
2441
2447
2453
2450
2442
2440
2485
2448
2466
2460
2440
2449
2449
2464
2450
2442
2440
2461
2453
2449
2441
2442
2468
2449
2455
2440
2442
2474
2450
2463
2440
2440
2446
2453
2451
2440
2440
2453
2449
2448
2443
2440
2452
2454
2451
2466
2461
2490
2440
2449
2448
2466
2440
2440
2734
2459
2453
2458
2442
2451
2463
2483
2494
2454
2444
2442
2449
2449
2453
2451
2440
2486
2454
2449
2456
2440
2460
2453
2453
2463
2441
2460
2456
2454
2463
2440
2458
2452
2458
2450
2442
2456
2451
2459
2450
2446
2441
2452
2452
2455
2447
2443
2466
2459
2449
2465
2441
2458
2462
2450
2467
2440
2468
2459
2449
2461
2441
2458
2451
2457
2450
2444
2441
2453
2468
2441
2449
2459
2470
2452
2442
2447
2449
2467
2466
2440
2447
2459
2469
2458
2440
2442
2450
2477
2450
2456
2441
2445
2466
2450
2455
2440
2450
2453
2453
2451
2440
2460
2450
2454
2448
2440
2446
2450
2455
2451
2442
2445
2451
2453
2488
2440
2440
2452
2452
2457
2449
2443
2445
2454
2461
2450
2440
2447
2462
2466
2449
2441
2449
2450
2461
2506
2440
2460
2452
2471
2457
2440
2443
2449
2469
2452
2443
2440
2456
2466
2456
2440
2441
2498
2450
2447
2455
2443
2469
2459
2487
2493
2465
2447
2442
2451
2452
2449
2443
2440
2457
2452
2453
2443
2440
2452
2459
2453
2445
2441
2450
2449
2454
2441
2440
2451
2456
2451
2440
2445
2451
2454
2452
2443
2461
2450
2455
2440
2440
2458
2453
2450
2441
2441
2453
2457
2451
2440
2441
2451
2458
2451
2440
2440
2450
2460
2448
2460
2447
2459
2446
2450
2451
2448
2442
2440
2454
2448
2447
2444
2441
2448
2449
2453
2440
2441
2448
2456
2450
2441
2444
2447
2462
2447
2442
2443
2441
2447
2467
2450
2442
2457
2448
2458
2450
2442
2440
2449
2456
2452
2440
2440
2450
2447
2449
2441
2442
2449
2454
2452
2441
2443
2449
2455
2451
2441
2444
2450
2454
2452
2442
2443
2450
2453
2455
2441
2440
2452
2448
2457
2441
2442
2452
2455
2454
2440
2440
2451
2460
2453
2441
2441
2450
2458
2451
2441
2440
2451
2455
2453
2451
2440
2449
2455
2453
2440
2442
2467
2452
2457
2442
2441
2447
2458
2446
2440
2440
2463
2451
2455
2440
2442
2461
2451
2461
2440
2440
2454
2449
2448
2440
2440
2452
2448
2453
2450
2448
2444
2461
2479
2462
2465
2481
2441
2461
2459
2485
2440
2440
2471
2457
2485
2440
2441
2505
2451
2454
2459
2440
2447
2451
2457
2449
2440
2444
2450
2455
2450
2441
2459
2457
2457
2455
2440
2458
2455
2458
2441
2443
2458
2446
2455
2453
2440
2449
2458
2451
2444
2442
2448
2466
2448
2449
2442
2451
2448
2451
2446
2441
2454
2450
2457
2444
2441
2455
2449
2457
2440
2444
2447
2454
2455
2440
2445
2450
2456
2449
2440
2444
2463
2448
2462
2442
2447
2458
2452
2453
2441
2443
2457
2481
2457
2441
2442
2455
2448
2455
2442
2441
2451
2447
2452
2440
2440
2457
2449
2457
2440
2442
2463
2450
2455
2446
2441
2458
2657
2448
2483
2440
2444
2446
2468
2451
2466
2446
2440
2461
2449
2454
2442
2440
2449
2449
2460
2440
2444
2455
2448
2452
2440
2446
2453
2454
2451
2458
2444
2441
2455
2453
2457
2444
2442
2454
2451
2458
2442
2440
2453
2453
2463
2440
2440
2455
2452
2451
2442
2444
2457
2451
2456
2440
2443
2459
2452
2455
2441
2445
2455
2452
2454
2440
2443
2457
2462
2449
2441
2441
2451
2457
2447
2440
2440
2451
2456
2448
2441
2441
2458
2454
2452
2440
2442
2491
2457
2456
2442
2451
2463
2477
2456
2450
2441
2450
2463
2451
2454
2442
2441
2462
2451
2455
2441
2440
2465
2452
2456
2440
2440
2459
2451
2458
2441
2441
2462
2458
2456
2457
2450
2442
2462
2489
2460
2458
2440
2443
2451
2456
2449
2450
2447
2441
2449
2466
2449
2440
2441
2449
2453
2448
2440
2441
2461
2448
2447
2441
2444
2457
2459
2449
2441
2443
2450
2683
2451
2448
2443
2451
2454
2503
2465
2450
2442
2457
2458
2459
2447
2441
2454
2461
2449
2440
2441
2455
2461
2450
2442
2446
2453
2466
2452
2456
2447
2452
2449
2448
2456
2448
2440
2447
2459
2447
2443
2441
2447
2447
2457
2443
2441
2448
2457
2451
2440
2440
2451
2457
2453
2441
2443
2463
2450
2455
2441
2446
2449
2447
2462
2441
2442
2456
2457
2462
2441
2445
2450
2448
2457
2442
2441
2461
2448
2461
2441
2440
2452
2449
2458
2441
2443
2452
2461
2454
2441
2440
2559
2455
2454
2457
2440
2441
2449
2464
2456
2440
2440
2445
2451
2456
2440
2442
2457
2449
2461
2458
2440
2452
2454
2448
2457
2441
2456
2450
2457
2457
2443
2463
2450
2460
2440
2441
2455
2451
2458
2440
2456
2457
2454
2454
2442
2457
2464
2454
2458
2440
2457
2451
2454
2449
2441
2470
2459
2448
2441
2443
2453
2460
2449
2444
2440
2575
2477
2459
2453
2441
2440
2510
2458
2457
2460
2440
2479
2451
2460
2441
2440
2482
2460
2456
2443
2440
2474
2460
2452
2440
2441
2461
2451
2455
2444
2443
2459
2464
2449
2447
2441
2456
2468
2456
2445
2440
2464
2465
2455
2445
2445
2459
2449
2457
2440
2443
2450
2457
2464
2441
2449
2457
2449
2471
2443
2444
2458
2449
2474
2440
2445
2459
2449
2455
2441
2442
2467
2448
2457
2459
2453
2457
2452
2440
2457
2453
2463
2456
2440
2446
2452
2453
2450
2442
2455
2441
2454
2452
2458
2440
2441
2449
2457
2449
2443
2456
2450
2468
2452
2440
2456
2452
2461
2449
2440
2459
2450
2459
2450
2441
2455
2451
2459
2450
2440
2441
2463
2450
2450
2442
2440
2450
2458
2453
2440
2441
2467
2455
2453
2440
2442
2466
2454
2455
2442
2440
2466
2456
2451
2440
2441
2451
2449
2448
2447
2442
2450
2473
2448
2451
2440
2482
2470
2453
2462
2450
2441
2516
2452
2468
2440
2440
2481
2450
2468
2449
2443
2474
2449
2468
2451
2441
2457
2450
2462
2453
2441
2443
2449
2457
2451
2442
2440
2465
2460
2452
2441
2440
2467
2458
2452
2441
2441
2465
2457
2454
2440
2459
2464
2461
2441
2440
2459
2449
2458
2441
2446
2459
2449
2473
2443
2444
2458
2452
2475
2449
2442
2442
2449
2471
2448
2443
2441
2450
2459
2441
2440
2450
2451
2452
2456
2441
2451
2457
2452
2459
2440
2458
2451
2462
2456
2440
2474
2451
2460
2467
2443
2446
2450
2458
2450
2457
2440
2452
2459
2449
2440
2442
2452
2457
2451
2456
2440
2455
2461
2448
2457
2441
2456
2459
2448
2459
2441
2455
2458
2453
2440
2440
2449
2448
2448
2441
2462
2450
2463
2450
2442
2457
2447
2457
2453
2440
2457
2456
2459
2458
2440
2457
2455
2458
2448
2440
2460
2448
2458
2449
2440
2462
2468
2447
2454
2442
2440
2530
2451
2462
2450
2440
2474
2453
2455
2454
2443
2474
2452
2464
2449
2440
2456
2459
2467
2450
2440
2442
2454
2457
2451
2441
2440
2452
2456
2452
2440
2440
2449
2456
2455
2441
2440
2464
2452
2456
2456
2440
2468
2453
2451
2441
2442
2468
2453
2449
2447
