2585
2588
2594
2608
2577
2571
2572
2577
2589
2589
2575
2579
2568
2584
2575
2591
2585
2567
2569
2584
2575
2585
2577
2568
2568
2576
2587
2577
2568
2570
2585
2577
2582
2580
2568
2583
2595
2576
2588
2576
2567
2568
2579
2583
2576
2567
2568
2568
2579
2575
2592
2568
2568
2580
2577
2583
2594
2572
2572
2575
2584
2592
2579
2568
2568
2577
2594
2587
2573
2567
2582
2596
2583
2585
2568
2568
2597
2580
2593
2568
2568
2592
2585
2578
2582
2568
2602
2594
2580
2587
2568
2584
2579
2586
2580
2568
2569
2581
2626
2582
2592
2568
2580
2569
2581
2600
2576
2593
2567
2568
2582
2582
2583
2568
2569
2602
2578
2585
2579
2567
2567
2576
2596
2581
2569
2568
2577
2601
2585
2584
2568
2578
2602
2583
2583
2570
2568
2591
2582
2583
2577
2568
2585
2582
2585
2604
2568
2568
2581
2577
2576
2632
2568
2571
2578
2581
2576
2568
2571
2577
2578
2587
2576
2573
2568
2581
2576
2580
2572
2568
2592
2579
2585
2577
2570
2568
2584
2579
2578
2594
2583
2580
2606
2609
2608
2584
2580
2582
2567
2601
2579
2587
2581
2568
2586
2578
2586
2582
2586
2584
2568
2584
2618
2578
2640
2568
2571
2578
2577
2578
2580
2568
2567
2577
2608
2577
2568
2568
2568
2611
2575
2583
2568
2568
2578
2575
2577
2577
2567
2568
2576
2578
2580
2585
2567
2576
2582
2584
2584
2567
2568
2598
2585
2585
2573
2567
2568
2578
2577
2575
2583
2567
2582
2579
2582
2591
2568
2571
2576
2584
2595
2568
2571
2584
2574
2591
2583
2571
2568
2583
2594
2584
2571
2568
2582
2592
2585
2579
2568
2568
2606
2575
2578
2568
2567
2600
2576
2573
2577
2574
2584
2576
2574
2585
2575
2584
2567
2576
2584
2579
2569
2567
2577
2591
2580
2584
2568
2568
2585
2580
2583
2584
2568
2579
2587
2576
2607
2567
2571
2580
2575
2605
2568
2571
2580
2584
2593
2586
2573
2568
2575
2591
2587
2571
2568
2576
2604
2576
2590
2569
2568
2602
2575
2576
2568
2568
2600
2583
2581
2571
2568
2576
2581
2580
2587
2579
2574
2569
2578
2577
2580
2579
2567
2569
2579
2577
2610
2580
2568
2569
2585
2579
2584
2580
2572
2568
2581
2580
2576
2589
2569
2575
2580
2578
2588
2568
2568
2577
2582
2587
2567
2567
2584
2572
2581
2587
2567
2567
2578
2582
2588
2579
2571
2568
2583
2578
2579
2579
2596
2577
2583
2567
2578
2586
2589
2569
2569
2587
2585
2589
2577
2568
2567
2586
2585
2577
2570
2568
2584
2584
2579
2583
2568
2588
2584
2576
2585
2569
2568
2578
2587
2580
2587
2567
2569
2584
2577
2580
2567
2569
2578
2583
2579
2576
2574
2568
2597
2580
2577
2573
2568
2583
2580
2586
2582
2569
2567
2594
2576
2584
2568
2568
2582
2576
2593
2576
2568
2567
2576
2582
2587
2568
2568
2578
2589
2584
2589
2568
2595
2583
2588
2579
2638
2569
2573
2582
2582
2587
2584
2575
2570
2578
2577
2575
2598
2568
2576
2578
2582
2576
2567
2570
2586
2577
2606
2577
2567
2569
2591
2577
2587
2570
2568
2578
2585
2582
2586
2568
2569
2585
2582
2587
2581
2568
2577
2581
2589
2577
2568
2569
2582
2591
2577
2571
2568
2590
2585
2586
2571
2567
2593
2655
2577
2583
2568
2572
2589
2578
2577
2583
2573
2568
2583
2576
2585
2570
2568
2583
2579
2585
2568
2569
2585
2577
2582
2581
2573
2576
2581
2579
2567
2581
2572
2603
2615
2570
2599
2576
2579
2578
2584
2568
2573
2591
2581
2576
2584
2567
2579
2590
2577
2581
2568
2570
2585
2576
2587
2581
2567
2568
2580
2586
2578
2591
2568
2568
2593
2577
2576
2579
2572
2584
2577
2579
2579
2582
2583
2568
2581
2578
2583
2584
2567
2581
2580
2582
2593
2567
2568
2578
2580
2586
2567
2567
2587
2654
2576
2582
2568
2570
2583
2579
2587
2575
2570
2568
2581
2593
2579
2570
2567
2587
2594
2583
2580
2567
2568
2596
2581
2587
2568
2567
2596
2583
2579
2593
2568
2589
2567
2579
2586
2578
2646
2568
2574
2577
2585
2581
2577
2572
2567
2586
2610
2583
2582
2568
2568
2592
2596
2580
2568
2569
2594
2581
2579
2589
2569
2583
2585
2580
2589
2578
2585
2568
2579
2590
2577
2585
2569
2580
2588
2578
2602
2568
2568
2585
2577
2582
2568
2574
2585
2577
2582
2576
2568
2568
2582
2580
2575
2582
2572
2568
2581
2575
2582
2571
2568
2582
2579
2576
2584
2568
2568
2577
2582
2579
2576
2568
2597
2577
2579
2590
2568
2584
2581
2577
2585
2589
2584
2568
2574
2584
2576
2584
2568
2576
2573
2571
2567
2579
2618
2576
2607
2567
2567
2579
2590
2587
2580
2568
2568
2576
2579
2591
2589
2568
2577
2584
2577
2584
2568
2568
2577
2584
2575
2568
2568
2577
2583
2575
2574
2568
2586
2594
2585
2577
2567
2568
2577
2580
2584
2581
2568
2584
2587
2579
2586
2568
2586
2589
2577
2584
2577
2589
2567
2576
2594
2576
2588
2570
2578
2579
2581
2572
2568
2576
2586
2576
2581
2567
2570
2588
2577
2580
2601
2568
2568
2588
2580
2603
2671
2571
2568
2578
2594
2587
2568
2568
2587
2594
2607
2569
2568
2584
2577
2581
2585
2567
2570
2573
2585
2576
2585
2567
2568
2577
2578
2587
2568
2571
2584
2576
2585
2574
2572
2568
2577
2592
2571
2571
2570
2581
2575
2579
2583
2568
2567
2589
2574
2581
2570
2568
2575
2580
2584
2574
2568
2586
2574
2591
2593
2569
2568
2606
2591
2622
2577
2569
2569
2601
2583
2578
2589
2568
2572
2582
2587
2576
2568
2568
2598
2576
2577
2574
2568
2568
2579
2579
2587
2574
2570
2576
2581
2584
2580
2571
2569
2588
2575
2583
2589
2567
2577
2577
2584
2599
2568
2569
2576
2587
2582
2568
2569
2591
2581
2583
2583
2568
2568
2586
2578
2605
2593
2567
2568
2579
2580
2579
2579
2567
2570
2582
2577
2585
2567
2570
2590
2578
2583
2576
2570
2568
2583
2584
2577
2588
2568
2568
2584
2576
2585
2568
2568
2580
2583
2576
2627
2567
2568
2582
2576
2616
2576
2567
2568
2577
2577
2585
2575
2568
2581
2587
2586
2581
2567
2568
2587
2600
2585
2568
2568
2582
2588
2576
2580
2568
2572
2592
2578
2581
2568
2571
2591
2577
2581
2577
2572
2568
2578
2582
2575
2591
2569
2568
2579
2576
2591
2567
2568
2596
2586
2589
2577
2569
2568
2623
2586
2591
2583
2567
2569
2590
2579
2590
2568
2568
2579
2601
2580
2578
2568
2568
2580
2580
2578
2585
2568
2568
2581
2576
2591
2568
2571
2581
2579
2581
2576
2577
2568
2587
2576
2580
2570
2568
2588
2579
2583
2580
2567
2567
2575
2591
2581
2576
2567
2580
2576
2587
2576
2577
2568
2568
2577
2584
2577
2571
2569
2575
2577
2590
2582
2568
2570
2577
2576
2592
2568
2571
2578
2583
2581
2585
2570
2568
2585
2584
2583
2568
2584
2584
2583
2581
2578
2583
2586
2594
2581
2580
2576
2568
2567
2575
2575
2589
2582
2570
2568
2578
2572
2582
2579
2568
2570
2578
2579
2585
2572
2567
2568
2582
2577
2578
2567
2568
2582
2578
2586
2576
2570
2569
2576
2576
2579
2570
2568
2576
2585
2575
2597
2568
2569
2589
2572
2583
2569
2568
2588
2578
2587
2576
2568
2569
2589
2578
2591
2567
2568
2592
2585
2598
2573
2569
2568
2581
2578
2588
2583
2567
2572
2583
2577
2583
2577
2572
2568
2578
2576
2582
2568
2570
2578
2578
2576
2579
2568
2568
2576
2575
2587
2576
2568
2568
2575
2575
2585
2568
2568
2585
2575
2587
2577
2567
2568
2587
2580
2587
2568
2568
2574
2578
2581
2575
2568
2568
2586
2575
2588
2568
2568
2589
2575
2575
2568
2568
2577
2589
2574
2574
2567
2574
2575
2583
2576
2567
2568
2594
2580
2580
2584
2570
2584
2572
2580
2582
2583
2570
2570
2581
2576
2585
2573
2568
2579
2577
2580
2582
2568
2570
2574
2586
2576
2567
2567
2581
2577
2579
2586
