253
253
256
261
252
253
253
253
253
253
254
257
253
254
253
253
309
253
253
253
284
253
252
253
253
252
253
253
253
284
253
253
253
253
257
253
253
253
308
253
254
253
253
253
254
253
253
270
253
253
253
253
253
254
253
253
262
253
253
252
256
253
253
252
253
253
253
253
253
253
253
253
253
253
254
253
255
253
263
253
253
253
253
252
253
253
261
253
253
253
253
253
253
254
253
254
306
253
253
253
253
254
253
253
254
253
253
254
253
253
254
253
253
253
253
252
253
252
252
253
254
253
253
265
253
253
253
253
270
253
252
253
270
253
253
253
253
254
253
252
253
279
253
253
253
253
253
254
253
253
253
259
254
253
253
253
254
254
253
253
253
253
253
253
253
253
253
253
253
253
253
253
254
253
253
253
253
253
253
252
253
253
253
253
252
255
264
253
253
253
255
253
252
254
254
253
256
253
253
264
253
253
253
253
253
253
252
252
267
253
255
253
254
253
253
252
253
253
252
253
253
253
253
253
253
253
285
253
252
253
253
253
253
253
253
272
253
253
253
253
253
254
253
253
253
253
253
254
253
253
254
253
253
253
253
253
253
253
264
254
255
253
253
253
254
253
253
268
254
253
253
253
254
254
254
253
261
252
252
253
252
253
252
253
253
262
252
253
253
254
253
252
253
253
253
253
253
255
268
252
253
254
253
253
254
253
253
254
253
253
253
253
264
253
253
252
259
253
253
253
252
253
253
253
253
265
253
253
253
253
253
253
253
253
262
253
253
253
272
253
253
253
252
253
253
253
253
263
253
253
253
253
253
257
253
253
254
253
253
253
253
253
253
253
253
253
253
253
253
253
253
253
255
253
253
252
253
253
252
282
254
253
254
253
253
253
256
253
253
253
255
253
264
253
253
254
253
253
252
252
252
284
253
253
253
253
253
253
253
252
253
263
253
253
252
253
253
253
261
253
253
253
253
253
253
253
252
252
263
253
252
253
252
253
253
252
253
253
252
253
253
253
253
253
253
253
253
253
253
253
262
253
253
253
253
252
253
253
253
253
268
253
254
266
253
252
253
253
253
256
253
253
262
254
253
253
254
253
252
253
253
265
254
253
253
253
253
258
253
279
253
253
253
253
253
253
253
253
253
260
253
253
253
252
253
253
271
253
252
253
253
253
252
254
253
253
253
253
253
253
253
253
253
273
254
253
253
252
253
253
253
252
264
254
253
253
253
253
253
253
253
253
252
253
252
252
253
253
252
252
266
253
253
253
252
253
253
253
253
264
253
253
253
253
253
254
253
253
264
253
254
253
253
254
253
253
254
282
253
253
253
253
253
253
252
253
253
252
252
253
253
258
253
253
253
254
253
253
260
253
253
267
253
253
253
253
252
253
252
253
253
259
252
254
253
253
253
253
253
253
253
256
253
253
254
253
255
254
253
253
256
252
253
252
252
253
278
253
252
255
263
253
253
252
253
253
252
252
253
253
253
255
252
265
253
253
253
253
253
253
254
253
253
253
252
253
254
253
253
253
253
266
253
253
253
253
253
253
253
253
253
253
253
253
253
253
253
253
253
265
253
253
253
252
268
253
252
254
279
253
253
253
253
255
252
253
253
253
253
253
253
253
253
253
253
253
253
253
253
253
263
252
253
252
254
254
253
253
253
253
254
253
253
283
253
254
253
254
254
254
253
253
254
253
253
253
253
253
253
268
253
253
254
253
253
258
253
253
254
253
252
253
253
253
253
253
258
253
300
253
254
252
253
253
254
252
256
252
253
253
253
253
254
253
254
255
254
253
257
256
253
254
253
253
263
260
252
253
253
253
253
253
253
253
253
253
253
253
253
253
253
253
253
260
252
253
252
253
253
253
253
253
281
253
253
253
252
252
252
253
253
301
256
253
253
252
253
254
253
253
265
253
253
253
253
253
253
253
253
253
254
258
253
253
253
253
253
253
265
252
253
253
253
253
254
253
253
253
253
253
253
253
252
253
252
253
271
252
253
253
253
253
253
253
253
253
253
253
253
255
253
253
253
253
253
253
253
253
258
310
253
254
254
253
253
253
253
253
253
253
253
253
253
253
253
254
254
253
253
252
253
252
270
253
253
254
253
253
254
254
252
305
253
253
253
253
254
253
253
253
253
253
253
253
254
253
253
253
253
253
253
253
252
253
253
253
253
253
253
253
253
253
253
265
253
254
253
253
253
253
253
253
308
254
253
253
253
252
253
253
253
285
253
253
253
252
253
253
253
253
264
253
253
254
253
253
253
253
253
254
253
253
253
252
253
253
253
252
264
252
253
253
253
253
253
253
253
253
253
253
253
285
254
253
253
253
253
253
253
253
253
253
253
253
253
254
253
253
253
252
253
253
276
253
252
253
252
253
252
253
252
253
253
253
253
253
253
253
253
253
253
253
253
253
252
252
253
253
253
253
253
253
252
253
252
253
253
253
253
253
252
253
254
253
253
253
253
253
264
253
253
253
253
253
253
258
254
253
255
253
253
253
253
254
253
253
253
254
253
253
253
253
253
253
253
253
252
253
253
253
253
253
253
253
253
252
253
253
275
253
254
253
253
253
253
253
253
253
253
253
253
266
253
253
253
254
253
253
253
254
307
253
253
253
253
253
253
254
253
253
254
254
253
253
253
253
253
253
253
253
253
253
253
253
253
253
253
252
253
253
254
253
253
253
253
266
253
253
253
253
253
253
253
253
253
254
253
253
253
262
253
254
252
253
252
254
252
252
253
253
252
253
253
253
252
264
253
253
253
252
253
253
253
258
253
254
253
253
253
252
253
254
253
253
253
256
253
253
256
256
260
253
253
252
252
306
253
253
253
253
254
253
253
253
253
252
254
253
253
286
253
253
253
253
253
253
253
253
283
253
253
253
253
253
253
253
253
295
256
254
253
253
253
253
253
253
253
253
254
253
255
253
253
253
253
253
253
258
253
253
252
253
253
253
255
254
252
252
252
265
253
254
253
254
253
253
259
254
282
253
253
253
253
253
253
254
253
253
253
253
252
253
253
253
253
259
253
