382
381
405
381
381
381
390
381
382
386
384
382
382
391
381
382
381
416
381
381
383
390
382
382
381
382
381
381
381
382
382
384
382
382
381
381
382
382
381
381
383
382
381
382
393
381
381
382
381
381
381
382
381
382
382
381
381
381
381
381
382
381
381
382
382
382
381
381
382
381
382
382
385
382
381
381
382
381
382
381
382
381
381
382
381
382
382
392
381
381
382
412
381
381
381
382
382
381
382
384
381
382
381
382
385
382
412
382
381
381
395
382
381
382
405
381
382
382
393
381
382
382
381
381
382
382
382
381
381
381
382
382
382
382
381
382
381
381
381
381
381
391
382
382
384
404
381
382
382
392
395
382
389
382
381
381
381
381
381
381
381
382
382
382
392
381
381
382
394
382
381
382
382
381
381
381
382
384
382
381
381
383
381
381
381
414
381
381
384
402
381
381
382
382
381
382
382
382
381
382
384
382
382
385
381
383
382
381
397
381
381
382
419
381
381
381
381
381
381
381
381
382
383
382
382
381
382
403
387
382
381
382
381
381
381
382
381
381
382
382
381
381
383
381
391
381
409
382
382
382
382
381
381
382
381
381
382
381
382
381
383
382
381
381
382
392
381
381
382
412
381
381
381
381
381
382
385
385
381
381
394
381
381
382
391
381
382
381
432
381
381
382
382
381
382
381
381
381
382
393
382
382
382
412
381
382
381
383
381
381
381
381
382
382
381
382
382
381
382
381
381
381
382
381
381
381
381
381
381
382
391
382
397
381
438
382
381
382
382
382
382
381
381
383
381
382
382
381
397
381
381
382
381
381
382
383
382
391
387
381
382
381
381
384
390
383
381
381
431
381
381
390
381
381
381
381
381
382
381
382
382
381
381
381
381
381
381
389
382
381
382
390
381
382
381
423
381
381
381
383
381
381
382
382
381
381
382
381
393
382
381
381
410
381
382
382
394
381
382
388
381
381
382
394
382
381
381
427
381
382
381
392
382
382
382
419
381
382
381
382
382
381
382
382
381
382
382
408
381
382
382
392
381
381
381
394
381
382
382
381
382
382
381
381
381
381
381
382
382
382
381
383
381
382
382
381
382
382
382
382
381
381
382
382
381
382
382
382
381
381
382
381
381
381
382
382
381
382
382
382
381
382
381
382
387
382
382
381
381
381
382
382
381
381
381
382
382
381
381
382
381
382
382
381
381
381
408
382
381
382
390
382
382
382
410
381
382
382
382
381
382
382
382
382
382
381
381
382
382
382
382
382
383
385
381
382
381
381
382
382
381
382
382
383
381
381
382
381
382
382
394
381
381
382
381
381
382
381
381
382
382
381
381
382
382
382
382
397
381
384
381
393
382
399
381
382
422
381
381
381
381
381
391
381
383
382
410
381
381
381
394
382
382
381
382
383
382
381
381
381
382
382
382
381
381
382
381
386
382
381
382
382
381
381
382
381
381
381
383
381
381
381
381
387
382
421
381
381
382
394
381
382
382
418
381
382
381
392
382
382
382
422
381
382
381
382
382
382
397
381
382
382
383
381
382
381
388
389
382
382
382
381
381
381
383
382
381
382
381
381
382
381
381
382
381
383
382
381
382
382
382
382
382
381
382
385
381
381
382
381
382
381
382
381
381
382
382
383
381
392
381
381
386
382
385
381
382
382
382
381
381
382
381
381
382
382
382
382
382
381
382
382
382
382
382
382
382
382
381
381
382
383
382
381
381
381
381
382
382
382
382
382
381
382
382
382
381
382
382
382
382
381
382
381
385
381
381
382
382
382
392
382
384
382
390
382
387
385
382
381
381
384
386
382
381
392
382
381
381
407
381
381
381
382
389
381
382
384
382
382
382
381
382
382
382
384
382
381
381
382
382
382
381
382
381
382
381
384
382
381
381
382
382
381
382
381
382
382
382
381
385
382
381
382
381
381
381
381
381
381
382
381
381
382
381
382
382
381
394
381
382
383
428
381
382
381
395
381
381
382
382
381
381
382
381
382
381
381
381
382
381
387
381
381
382
413
382
382
382
382
381
382
382
381
382
383
381
381
382
381
381
381
381
381
382
382
384
382
400
381
381
382
381
381
381
382
381
381
381
381
386
381
381
381
382
381
381
381
382
382
382
381
382
381
382
382
381
400
382
381
395
382
381
382
382
382
381
381
381
381
382
382
382
382
381
382
381
381
402
381
381
381
392
382
381
382
424
382
381
399
382
382
382
382
381
382
382
381
382
381
381
381
381
382
381
385
381
381
382
382
381
381
381
382
381
381
381
382
381
381
382
382
382
381
381
381
381
382
381
394
381
382
381
427
381
381
381
391
381
384
381
381
381
382
382
382
382
381
381
381
384
381
382
382
384
381
382
381
381
381
382
383
381
382
381
381
382
381
381
382
381
381
386
383
381
381
394
381
381
381
382
381
382
381
382
382
388
381
381
382
382
381
382
381
382
390
381
381
382
424
381
381
383
381
381
381
383
382
381
381
382
381
382
381
382
382
382
382
381
381
381
381
390
381
382
381
418
382
381
382
389
381
382
382
416
397
382
382
382
382
381
382
381
381
381
382
382
381
381
382
381
388
381
382
382
381
382
381
381
381
381
381
407
384
381
390
382
388
382
382
381
381
381
382
382
381
382
382
382
381
382
381
381
387
397
381
381
381
382
381
381
382
382
381
381
381
381
381
381
413
381
381
381
382
381
381
381
382
381
382
382
382
382
382
382
383
381
382
382
382
382
381
381
382
381
382
382
382
381
382
382
384
382
382
382
381
381
381
391
381
381
383
391
382
381
382
382
382
382
381
419
381
382
381
392
381
382
382
381
382
381
382
381
381
383
381
382
381
381
381
382
381
382
381
381
382
382
395
381
382
382
391
381
381
381
382
382
382
381
381
381
381
381
382
381
381
385
382
382
381
381
382
381
381
443
382
381
382
391
382
381
381
423
381
381
382
382
381
381
382
382
381
381
382
382
382
381
381
383
382
381
411
381
381
382
393
381
382
381
413
381
382
382
392
381
400
381
394
382
382
381
391
381
387
383
412
381
