522
510
526
510
510
511
511
520
510
519
511
510
510
510
510
510
543
520
511
514
510
510
510
510
536
510
510
510
510
510
510
510
510
510
509
531
509
510
520
510
510
520
510
509
510
512
510
514
510
510
511
510
509
510
519
510
510
513
513
510
510
535
510
510
510
510
510
510
518
510
510
510
510
511
510
519
510
512
510
509
510
510
510
509
510
518
510
511
510
510
513
511
518
510
510
510
511
510
510
536
510
510
510
511
514
510
538
512
510
510
509
510
509
547
509
509
510
510
510
510
510
510
510
510
510
510
511
520
511
510
510
510
510
518
510
510
510
525
510
510
510
510
511
510
565
510
510
510
510
510
510
517
510
511
510
510
511
510
510
510
510
531
510
509
510
509
510
512
510
510
510
519
510
511
510
510
511
512
510
510
510
509
550
510
510
510
509
514
531
510
510
510
524
510
511
539
510
510
510
509
510
510
510
511
509
521
510
510
510
510
510
512
522
510
510
510
510
510
510
520
510
511
510
510
510
510
519
510
511
510
510
512
510
519
510
510
510
510
510
510
526
510
511
510
535
510
510
516
510
509
510
530
509
510
510
527
510
510
533
510
510
510
516
510
511
538
509
510
510
511
510
510
519
510
511
511
510
510
510
520
510
510
510
510
510
509
510
510
510
510
510
528
510
519
510
510
510
510
510
510
539
510
510
510
510
511
510
510
510
510
518
510
510
526
511
510
510
555
510
510
510
510
510
510
510
510
510
536
510
510
510
510
511
510
541
510
510
510
510
510
510
510
510
510
543
510
510
510
516
509
510
552
512
510
510
510
509
510
519
510
509
511
514
510
510
510
510
510
523
510
510
510
510
510
510
538
510
510
510
510
510
510
551
510
526
510
511
510
510
538
510
514
510
510
510
510
516
510
510
526
510
510
509
526
511
510
510
510
510
510
510
510
520
510
510
512
526
510
509
510
511
510
510
510
510
548
510
510
510
510
510
510
552
509
511
510
509
510
510
510
510
511
521
510
509
509
510
510
510
518
510
510
516
509
509
516
526
510
510
510
510
510
512
520
510
511
511
510
510
510
510
510
510
510
527
510
510
510
510
509
516
519
510
510
510
511
509
510
509
510
510
520
510
511
510
510
510
510
510
515
510
509
510
510
510
526
510
510
510
510
511
510
519
511
510
510
510
511
510
520
510
510
510
523
510
510
510
511
515
511
510
510
510
554
510
510
510
510
510
511
549
510
512
511
510
510
510
510
511
510
510
510
510
510
510
510
510
521
510
510
511
510
510
510
538
510
510
510
510
511
510
524
510
510
548
510
510
510
510
510
510
559
510
510
510
510
510
510
565
510
510
523
510
510
510
510
509
512
518
510
509
566
510
510
510
513
510
510
541
510
510
510
510
512
511
544
510
513
510
510
509
510
511
510
510
549
511
511
510
510
510
510
536
510
512
510
510
512
510
529
510
511
510
510
510
510
552
511
510
510
510
510
510
538
510
510
511
511
510
510
529
511
510
514
509
510
510
547
510
510
510
510
510
510
510
510
511
510
523
510
510
510
510
510
511
523
510
510
512
510
510
510
521
510
510
551
510
510
512
511
518
510
510
510
510
521
512
510
510
510
511
511
521
510
520
511
509
510
548
510
518
514
522
510
510
510
509
519
511
510
510
510
520
510
511
510
510
511
510
521
510
510
510
509
510
510
510
511
510
520
509
510
510
510
510
510
511
510
510
519
511
510
510
510
510
510
521
510
510
510
510
510
510
510
510
510
527
515
510
510
510
526
538
510
510
510
518
511
510
597
510
510
537
510
512
511
510
509
510
519
510
510
510
510
511
510
518
511
510
514
510
510
510
510
511
510
532
510
510
511
510
510
510
511
510
510
510
510
510
510
518
510
510
510
510
510
510
510
516
510
510
511
510
510
528
510
510
510
509
510
510
537
513
510
510
510
510
510
540
510
510
520
510
510
512
510
510
510
519
510
510
510
510
510
512
510
510
510
510
510
510
510
510
510
510
515
510
509
537
510
510
510
510
510
512
538
510
510
510
510
510
510
540
510
510
510
510
510
510
554
510
510
510
510
512
510
510
510
510
518
510
510
510
515
510
510
523
510
510
510
510
510
510
523
510
510
510
509
528
509
510
510
510
521
510
510
510
510
509
510
520
510
526
512
510
510
511
510
510
510
537
510
510
512
510
510
530
525
509
510
509
510
510
512
520
510
510
510
510
509
512
510
510
509
519
510
510
510
510
510
510
561
510
510
510
510
510
510
509
510
509
521
511
510
510
510
510
510
517
527
510
511
509
510
510
510
510
510
519
511
510
510
510
514
510
520
510
510
510
510
510
510
533
510
510
537
510
547
523
510
510
510
515
510
510
538
510
510
510
510
510
513
521
510
510
509
510
510
510
528
510
510
510
510
510
510
510
510
510
520
510
510
518
510
510
510
520
509
510
510
526
509
510
510
510
510
521
511
510
510
510
510
511
520
512
510
510
510
510
511
510
510
512
510
521
510
511
510
510
511
510
520
510
511
510
510
510
510
524
510
510
510
510
512
510
544
511
510
510
529
510
510
510
510
510
510
522
510
511
510
510
509
510
517
510
510
519
512
510
510
510
510
509
520
510
510
510
510
510
509
510
510
510
517
510
509
511
511
511
510
520
510
511
510
510
510
509
536
510
510
509
512
510
511
544
509
509
509
510
509
510
519
510
511
510
511
526
511
519
510
510
510
510
510
510
519
511
510
510
510
510
510
523
510
510
510
510
509
510
531
510
510
509
510
511
512
519
510
510
510
510
510
510
519
512
510
510
510
510
510
565
510
510
510
510
510
510
549
510
510
510
511
510
510
519
509
510
510
511
510
510
536
510
510
512
510
510
510
537
525
510
522
510
509
510
510
510
510
519
511
510
510
510
512
512
519
540
513
509
510
510
509
510
510
511
535
510
526
510
510
509
510
534
510
510
510
509
510
510
510
510
511
520
509
512
510
510
510
510
511
510
510
519
510
510
511
510
509
510
518
510
510
510
512
511
510
516
