639
638
639
638
638
639
639
657
650
644
638
656
639
638
677
639
638
638
639
670
638
639
639
639
639
638
638
638
638
639
638
639
638
639
647
676
639
644
650
639
639
647
640
639
667
638
638
643
639
639
639
638
638
638
638
638
639
638
638
639
643
638
639
639
638
639
665
638
638
647
639
639
669
642
638
651
639
638
650
638
639
639
639
639
638
638
642
639
638
639
639
639
639
639
647
639
639
640
638
639
639
638
639
639
671
639
638
638
639
639
639
644
639
639
639
639
638
638
639
639
639
647
639
639
666
639
638
649
639
639
646
640
639
638
639
638
638
645
638
639
640
639
639
639
639
639
647
639
638
680
642
638
647
638
639
654
639
638
666
638
639
639
639
640
639
638
639
639
641
639
639
638
639
639
638
642
651
638
638
638
639
639
638
639
639
639
639
639
639
649
639
638
639
641
638
638
638
641
638
638
638
640
639
644
639
638
639
639
638
639
641
639
661
638
639
650
642
655
660
639
639
649
639
639
647
638
638
638
638
638
651
639
638
638
639
654
639
639
639
638
639
639
639
638
638
640
639
639
655
639
638
638
648
639
639
647
639
638
650
638
638
650
639
639
638
638
639
646
638
638
639
639
639
641
639
638
639
662
639
638
651
638
639
667
638
638
648
639
639
650
639
640
648
645
638
665
639
638
638
639
644
638
638
638
639
639
639
639
639
639
638
638
639
639
638
639
638
648
638
638
650
639
638
639
638
644
638
639
638
638
639
648
639
639
638
639
638
639
664
639
639
651
639
639
653
638
639
639
639
639
639
639
639
641
639
639
639
654
638
638
675
639
641
652
639
639
639
639
638
639
639
638
638
639
639
639
639
638
639
638
641
638
638
639
639
639
651
638
639
639
639
650
638
639
663
638
638
657
639
638
671
639
639
649
639
639
639
639
647
639
638
665
639
639
652
642
638
662
640
638
648
638
639
648
641
638
662
640
638
651
638
638
833
638
639
651
644
639
651
639
638
638
638
639
642
643
639
665
639
641
638
639
638
638
639
639
643
638
638
639
639
638
640
640
639
638
639
639
638
648
639
639
657
639
639
650
639
639
639
639
639
641
638
639
638
638
639
639
651
639
640
649
639
639
654
639
639
649
638
639
650
644
639
649
638
639
648
639
638
639
639
639
638
639
645
639
638
639
639
639
638
639
638
639
639
649
645
644
649
639
639
650
638
639
638
639
638
639
638
639
644
639
639
638
640
639
639
650
639
639
687
638
639
654
644
639
664
639
638
639
640
639
638
639
638
638
650
638
638
675
639
639
648
639
639
648
639
638
665
642
638
639
656
639
639
670
654
639
646
638
639
690
642
638
648
638
638
665
639
638
650
638
639
666
638
639
644
638
638
658
639
672
649
638
646
654
639
641
649
639
639
638
639
638
655
639
639
639
638
639
641
649
641
639
667
639
639
665
639
638
667
639
639
643
638
639
639
639
638
639
655
638
638
639
638
638
642
639
639
653
640
639
667
654
639
649
638
639
661
641
639
638
638
638
639
639
655
640
639
639
639
665
641
638
654
638
638
670
639
655
650
638
639
639
638
640
638
638
638
638
639
639
655
638
639
641
639
639
640
654
646
639
667
638
638
652
638
638
665
638
639
657
639
640
664
639
639
650
638
639
639
638
639
639
642
638
639
639
638
639
639
641
639
639
638
639
654
640
639
663
638
639
651
653
639
666
639
638
653
639
639
665
638
638
650
639
655
669
639
638
653
639
642
668
639
639
639
639
638
673
638
638
649
639
645
672
638
639
649
638
638
649
641
638
682
639
639
647
638
638
638
639
639
638
638
639
638
638
639
641
638
638
638
639
639
639
648
639
639
691
639
639
647
639
638
664
638
641
653
639
639
638
639
639
639
638
638
639
639
639
639
639
638
645
639
641
638
638
639
639
647
639
638
647
639
638
652
639
639
679
639
639
639
644
639
639
639
638
638
645
638
638
641
638
638
649
638
639
673
639
639
649
640
638
657
639
639
639
638
638
638
649
638
639
639
641
639
638
639
638
639
639
638
638
639
638
639
639
644
639
639
639
680
641
638
638
639
646
639
638
643
639
639
639
638
639
638
648
639
639
646
639
638
679
638
640
638
638
639
638
639
639
639
638
641
638
648
638
638
650
639
638
649
639
639
652
638
639
639
639
639
639
645
638
639
638
639
638
638
638
639
638
641
639
638
639
639
638
639
638
640
639
639
648
639
642
676
639
639
658
639
639
658
639
639
648
639
639
643
638
647
639
638
639
638
639
639
638
639
639
639
639
639
638
639
638
640
662
639
639
652
639
639
670
640
639
650
638
639
639
638
639
639
638
639
639
651
642
639
668
639
639
650
640
639
639
639
639
639
638
642
639
639
640
639
668
639
638
647
639
639
670
639
639
639
639
638
639
638
639
639
639
639
639
647
639
638
656
639
639
648
639
638
680
638
639
639
639
638
640
639
639
639
639
638
638
666
639
639
652
638
639
659
641
638
639
638
639
639
638
639
639
639
639
639
639
642
640
650
638
639
670
639
639
653
639
639
639
639
642
638
638
639
639
639
639
638
639
638
639
638
639
642
668
638
638
649
639
638
664
639
639
649
639
639
650
638
638
650
639
638
665
639
639
650
639
639
645
639
638
640
643
639
639
639
639
638
639
638
638
641
639
638
639
638
639
648
639
640
660
639
638
648
641
639
671
639
640
638
638
639
639
638
638
639
639
640
638
638
638
638
648
639
639
662
639
639
649
639
639
638
639
638
638
639
640
638
638
638
638
662
639
638
650
639
640
649
639
638
664
639
638
638
640
639
638
638
638
638
639
638
639
641
638
639
651
639
639
676
639
639
654
639
639
674
638
638
649
638
639
663
640
638
639
638
638
638
638
638
645
648
638
639
639
674
648
638
645
648
652
639
677
638
680
649
639
642
651
639
638
666
639
639
648
638
639
671
639
639
685
638
639
671
639
639
639
638
639
639
639
638
638
655
639
638
638
638
638
673
639
638
649
639
638
675
655
639
