795
767
767
779
767
769
799
768
770
767
773
845
769
767
768
767
767
770
767
781
767
767
783
767
767
767
768
767
768
767
767
771
767
797
768
787
778
768
768
796
783
767
767
767
767
767
767
778
767
767
790
767
767
768
776
767
768
767
778
770
767
795
767
784
767
767
767
784
767
780
767
767
768
767
767
770
767
791
767
803
767
767
767
767
769
777
768
767
777
767
767
767
768
767
767
767
767
800
767
787
770
767
779
767
767
767
767
767
767
786
768
769
767
778
767
767
799
767
767
767
767
767
767
769
779
770
767
792
767
767
780
767
783
795
767
767
767
767
768
767
767
779
767
767
813
768
769
781
767
768
767
768
767
768
767
767
767
768
785
767
767
779
768
767
803
768
769
767
767
767
771
768
767
768
767
781
767
768
793
768
767
780
767
767
776
767
794
767
767
810
767
768
788
767
767
779
768
767
770
767
767
767
767
778
769
767
778
767
767
780
768
769
777
768
767
767
768
767
767
767
767
767
772
778
767
767
777
767
767
789
767
767
767
768
767
767
768
767
768
776
791
767
767
777
767
768
779
768
767
792
768
773
778
768
767
767
767
767
767
767
767
767
767
774
768
768
788
767
767
778
767
767
795
767
767
783
767
767
768
767
767
768
767
767
767
767
767
773
767
793
767
768
778
768
767
794
767
766
767
773
767
767
767
766
767
768
796
775
769
780
767
770
767
767
767
766
767
773
767
768
793
768
768
776
767
767
790
769
767
768
767
767
767
768
768
768
767
778
768
767
789
767
768
781
769
767
768
767
768
767
767
768
767
767
793
768
767
776
768
767
799
767
767
767
767
767
766
768
779
768
767
791
767
768
780
767
769
767
767
767
767
770
786
768
769
777
767
767
767
767
767
768
770
767
768
768
777
767
768
792
767
768
767
767
768
767
767
769
779
768
767
785
767
768
771
767
774
767
767
776
768
768
776
773
767
767
767
767
767
770
777
767
767
788
767
800
783
768
767
767
767
770
767
767
767
767
766
787
770
767
794
768
768
798
767
767
769
767
767
768
766
767
767
767
797
769
767
777
766
767
767
767
768
767
767
767
770
767
774
829
774
767
783
767
767
767
788
767
770
777
767
766
768
768
767
767
769
767
768
767
767
767
767
789
767
768
777
768
767
792
767
768
777
769
767
767
767
767
767
767
767
767
767
769
767
767
778
767
767
810
767
767
768
767
774
770
767
767
769
767
767
783
767
801
767
767
778
771
767
785
767
767
777
783
768
768
767
767
767
771
767
767
767
775
767
783
793
767
767
781
767
770
789
767
767
767
767
784
767
768
767
767
777
767
767
781
767
800
767
767
777
767
767
825
767
768
780
767
768
796
767
767
768
767
767
801
767
779
767
767
796
769
767
768
767
767
767
767
768
767
767
797
771
767
779
768
767
768
784
767
767
767
785
767
767
777
768
767
767
767
767
766
767
789
767
773
778
767
767
801
767
767
769
767
767
767
767
771
768
768
778
767
767
777
768
768
788
767
769
767
767
768
767
767
767
767
767
785
767
767
777
767
767
818
768
767
767
770
773
767
767
777
768
768
768
767
777
768
774
784
768
768
770
768
782
767
768
776
774
771
768
767
767
767
768
767
769
767
777
767
767
775
767
767
786
768
773
768
768
767
767
768
767
768
767
793
767
767
782
767
770
768
767
767
768
768
793
767
767
777
767
767
782
768
767
789
767
769
767
767
768
767
767
777
767
766
806
773
767
776
767
768
780
774
768
768
767
787
767
767
797
767
768
767
778
796
770
768
783
768
767
799
767
768
772
771
787
767
800
774
767
767
767
767
775
767
767
767
767
772
776
768
769
789
768
768
775
767
767
786
767
773
767
767
767
767
766
776
768
767
790
768
767
781
768
767
767
769
767
767
768
768
767
767
767
775
767
784
767
767
775
767
767
778
769
767
792
771
767
768
767
767
770
767
768
767
767
797
767
770
776
767
772
777
767
767
786
767
768
767
767
768
767
768
767
767
767
769
766
767
773
767
767
782
767
769
786
767
767
774
767
768
767
769
767
767
767
767
767
767
814
767
769
775
767
766
788
767
767
767
769
767
767
767
768
768
767
767
773
767
796
768
767
767
768
768
770
767
774
767
768
775
767
767
794
767
767
776
767
767
767
767
767
767
768
767
767
767
799
767
768
778
767
768
797
767
768
767
767
769
767
767
784
767
767
780
767
767
767
767
768
767
767
767
767
768
767
769
767
811
767
767
793
767
768
767
768
767
767
767
785
768
767
776
768
768
775
767
767
816
769
767
767
768
767
767
768
768
767
767
767
767
767
774
767
767
781
767
767
775
767
767
775
767
769
769
767
767
767
767
768
767
767
790
767
767
781
768
767
813
767
767
767
767
768
768
768
767
769
767
777
767
767
773
767
767
767
767
769
768
768
790
767
768
785
767
769
787
768
767
767
773
791
767
769
773
767
767
789
767
770
767
768
771
767
767
782
767
767
778
769
767
767
767
770
767
768
767
769
767
774
767
767
794
766
767
783
767
767
767
767
767
767
767
767
768
768
775
767
767
794
768
768
780
767
767
767
767
767
768
767
791
767
767
777
767
767
779
767
769
767
773
768
767
767
768
767
767
782
767
767
778
768
773
811
769
767
767
768
767
767
768
772
767
769
773
767
767
787
767
767
777
769
768
767
767
767
767
767
792
769
767
779
767
767
790
767
768
779
767
767
767
767
767
767
768
767
767
768
767
770
767
779
767
767
787
767
767
779
767
767
795
774
768
767
767
767
767
767
773
767
768
793
768
773
777
767
767
799
767
767
767
767
768
767
767
773
767
768
773
767
767
789
767
767
777
768
767
781
768
768
767
768
767
767
768
768
767
767
776
767
767
782
767
767
778
767
768
767
768
767
767
767
782
767
768
779
767
767
769
768
767
767
778
787
768
768
795
768
768
782
767
767
788
767
771
779
768
767
767
767
768
768
768
772
767
767
794
767
768
779
767
769
792
768
767
767
768
768
768
769
767
781
767
777
768
767
