912
896
897
897
933
896
913
896
896
926
896
896
896
896
921
896
895
897
896
920
895
896
895
898
912
896
896
895
895
911
896
895
897
896
934
896
895
896
895
906
896
895
926
896
897
896
896
917
896
896
896
896
933
896
897
898
896
916
896
896
907
901
926
895
895
896
896
919
896
903
895
896
920
895
896
908
902
918
895
895
910
896
896
896
896
907
896
896
896
896
921
895
896
896
902
919
896
902
896
896
921
896
895
910
896
919
896
896
915
896
919
896
895
911
896
895
896
896
912
896
895
896
896
912
896
896
896
896
907
901
896
920
896
896
895
896
913
895
896
896
898
905
895
896
896
895
909
896
896
896
902
911
895
896
909
896
896
898
896
906
896
901
896
896
923
898
896
895
896
918
896
895
910
896
896
896
896
924
896
905
898
896
905
896
895
907
908
897
896
904
896
896
904
896
896
896
896
909
896
896
896
896
912
897
896
905
896
896
896
895
914
895
896
896
896
925
895
895
903
895
904
896
896
896
900
924
895
896
896
896
924
895
932
900
896
906
895
895
896
896
911
896
896
909
896
896
929
896
918
895
896
896
896
923
898
896
896
896
915
896
896
906
896
906
896
901
896
896
922
897
896
896
899
925
896
896
908
896
896
895
895
916
896
896
903
895
917
896
895
896
896
903
896
901
905
896
896
896
896
908
895
896
896
896
912
896
896
896
896
895
896
896
907
896
896
901
896
922
896
895
925
895
896
896
896
905
901
896
896
896
906
896
895
923
896
896
896
896
905
896
896
896
896
908
898
896
919
896
896
896
895
921
897
896
896
896
917
896
901
911
895
896
896
896
910
896
896
897
896
925
896
895
896
895
921
895
896
907
895
896
896
895
906
896
896
895
896
906
895
898
902
896
907
896
896
896
895
906
896
895
896
900
908
896
896
922
895
909
896
898
896
896
896
908
896
895
895
917
895
896
915
905
896
896
896
906
895
895
901
896
914
896
896
896
895
916
898
896
896
896
920
899
896
910
895
895
896
896
930
895
905
896
897
921
896
895
896
904
909
896
895
896
908
908
896
896
896
895
905
896
896
896
896
921
896
896
895
896
905
896
896
905
896
896
896
896
902
895
896
896
895
904
895
895
902
896
905
895
896
904
896
896
896
896
904
901
895
906
896
896
897
896
901
896
895
895
900
922
897
896
896
896
896
895
896
906
895
898
896
896
921
896
896
907
896
896
896
896
906
896
896
896
896
904
896
896
904
896
896
896
896
912
896
896
896
896
905
896
895
916
895
905
896
898
905
896
895
896
896
905
903
896
896
896
906
896
896
927
895
896
905
895
896
918
897
896
903
911
909
895
904
897
896
919
896
895
895
896
907
898
896
896
895
911
896
896
898
896
929
896
896
896
896
909
896
896
904
896
896
900
896
907
896
895
896
896
908
896
896
935
896
896
895
896
912
896
898
896
896
920
896
896
906
896
922
895
896
906
896
896
896
902
902
896
896
896
896
905
896
896
918
896
901
896
896
921
898
896
896
896
906
896
896
926
896
895
895
896
919
895
896
902
898
902
897
907
896
896
918
896
905
896
896
906
896
907
896
895
896
895
908
895
895
906
904
896
895
895
902
895
895
896
895
911
896
898
896
895
917
896
896
905
895
896
895
896
906
896
895
896
896
896
896
896
904
896
896
895
896
919
896
896
907
896
896
896
896
902
896
896
896
896
904
896
895
911
895
896
903
896
904
896
896
896
896
906
896
896
930
899
896
896
896
935
895
896
895
903
897
895
899
896
909
905
902
896
896
905
895
932
904
896
902
896
923
896
895
905
896
895
903
912
923
896
896
896
896
910
896
896
905
895
911
896
896
903
896
895
895
895
918
895
896
905
895
915
895
896
905
896
897
896
896
911
896
896
905
895
896
896
896
902
896
896
899
896
922
896
896
896
896
904
896
895
895
911
922
896
896
908
897
896
908
895
901
901
916
903
896
895
896
908
895
896
897
902
908
896
895
896
896
905
895
896
896
896
910
896
895
915
896
896
895
896
920
896
896
908
896
923
895
896
907
896
896
896
896
904
896
896
896
895
909
896
895
917
895
896
901
896
905
896
896
895
896
905
896
896
918
902
896
896
896
921
896
896
906
896
896
895
902
907
896
896
896
896
905
896
896
917
896
902
895
896
921
896
896
896
896
918
896
896
911
896
896
896
895
904
896
896
916
896
896
902
896
909
896
896
896
896
897
896
896
906
901
896
897
896
906
896
896
928
896
896
895
901
924
896
896
896
896
917
896
896
896
896
922
896
896
896
898
904
896
896
917
896
902
897
896
918
896
896
896
896
905
898
896
896
896
905
896
895
897
896
904
895
896
929
896
896
898
896
918
896
895
896
896
928
901
896
899
898
902
896
897
896
895
902
900
896
896
896
903
895
895
895
895
903
896
905
916
896
896
896
896
903
895
896
896
896
912
896
896
903
896
896
896
896
904
896
896
934
896
896
896
896
919
896
895
896
896
917
896
896
910
896
895
896
895
904
896
896
896
895
903
895
895
896
895
917
895
896
904
905
896
895
896
903
895
895
895
896
901
896
902
914
895
901
896
896
901
896
896
903
896
917
896
895
903
896
895
896
898
932
896
896
905
896
902
896
897
903
896
896
896
896
905
897
896
917
897
896
896
896
903
897
896
901
896
905
896
896
897
896
898
896
895
896
904
908
896
896
895
896
917
895
899
896
901
905
896
896
896
895
914
896
896
897
896
941
895
896
925
896
896
896
896
925
896
895
896
895
904
896
896
896
897
912
896
896
910
896
896
896
896
905
895
896
895
895
901
901
896
896
895
925
896
895
897
896
922
897
895
895
895
923
897
896
907
896
896
895
901
906
896
895
896
895
905
896
896
916
896
901
896
895
905
896
896
896
895
909
896
896
896
895
905
895
895
896
895
922
896
902
910
896
896
896
896
906
896
896
895
896
906
899
896
925
895
912
895
896
920
896
896
896
899
908
896
896
919
896
896
895
896
920
896
899
896
895
921
897
895
911
896
896
897
