1024
1027
1025
1052
1024
1042
1028
1055
1063
1024
1024
1025
1050
1025
1040
1025
1024
1024
1024
1044
1025
1035
1030
1025
1024
1024
1043
1026
1043
1025
1025
1024
1030
1064
1025
1048
1025
1024
1024
1024
1042
1027
1034
1024
1047
1024
1024
1024
1026
1045
1024
1039
1025
1024
1025
1025
1034
1024
1025
1025
1025
1043
1024
1045
1025
1024
1025
1024
1035
1025
1052
1030
1024
1025
1024
1046
1024
1024
1024
1024
1037
1030
1034
1024
1024
1025
1024
1048
1024
1026
1024
1029
1026
1024
1034
1025
1026
1024
1024
1058
1025
1035
1024
1026
1025
1025
1035
1025
1055
1024
1026
1024
1024
1045
1025
1025
1024
1024
1051
1024
1033
1024
1024
1025
1025
1034
1024
1048
1025
1025
1026
1024
1049
1024
1034
1024
1024
1026
1024
1035
1030
1043
1025
1024
1026
1024
1049
1024
1024
1024
1030
1027
1024
1036
1024
1024
1024
1024
1034
1025
1047
1024
1024
1025
1025
1048
1024
1033
1025
1024
1024
1026
1035
1024
1024
1024
1025
1033
1025
1035
1024
1025
1025
1033
1036
1041
1053
1024
1026
1068
1024
1024
1024
1034
1024
1024
1024
1024
1024
1024
1043
1024
1030
1025
1024
1024
1024
1042
1024
1024
1024
1024
1038
1024
1033
1024
1025
1025
1024
1032
1025
1025
1031
1039
1025
1024
1034
1024
1025
1024
1024
1024
1024
1034
1024
1024
1024
1024
1043
1024
1034
1024
1025
1024
1024
1035
1025
1048
1030
1024
1025
1026
1047
1024
1033
1024
1024
1024
1024
1036
1024
1024
1025
1025
1034
1025
1046
1024
1024
1026
1025
1056
1024
1034
1024
1025
1024
1025
1036
1024
1025
1030
1024
1024
1025
1047
1024
1025
1024
1024
1048
1030
1035
1024
1025
1025
1024
1046
1024
1038
1024
1025
1033
1024
1037
1030
1065
1024
1025
1024
1029
1024
1026
1035
1025
1065
1024
1024
1024
1032
1048
1024
1024
1024
1024
1033
1025
1034
1024
1024
1025
1024
1055
1025
1024
1024
1024
1048
1024
1034
1027
1024
1024
1024
1044
1024
1024
1025
1024
1024
1025
1034
1024
1024
1024
1024
1039
1025
1036
1024
1051
1024
1024
1025
1024
1038
1024
1036
1024
1026
1025
1025
1033
1025
1037
1024
1024
1025
1024
1034
1024
1026
1024
1024
1030
1024
1044
1026
1024
1024
1025
1029
1025
1054
1027
1025
1024
1024
1041
1024
1038
1026
1025
1024
1024
1046
1024
1025
1025
1025
1024
1034
1025
1043
1024
1024
1024
1030
1036
1024
1036
1025
1026
1024
1025
1050
1025
1041
1025
1024
1024
1024
1049
1024
1024
1024
1025
1039
1024
1037
1025
1024
1044
1024
1033
1025
1026
1030
1024
1045
1024
1025
1025
1024
1043
1024
1038
1030
1024
1024
1026
1050
1024
1025
1025
1024
1033
1028
1034
1024
1025
1024
1025
1033
1026
1036
1024
1024
1024
1025
1040
1025
1034
1024
1024
1024
1024
1037
1025
1053
1024
1024
1024
1024
1037
1025
1036
1025
1025
1024
1024
1034
1024
1032
1024
1025
1028
1024
1044
1024
1024
1024
1025
1050
1024
1035
1028
1025
1025
1025
1025
1026
1033
1033
1024
1024
1024
1024
1024
1034
1024
1024
1024
1024
1024
1040
1040
1024
1024
1025
1025
1033
1024
1033
1024
1026
1024
1024
1037
1024
1035
1024
1025
1042
1025
1035
1025
1024
1024
1024
1037
1025
1025
1030
1024
1061
1025
1036
1025
1024
1024
1025
1034
1024
1052
1030
1025
1024
1025
1037
1025
1040
1024
1037
1024
1029
1027
1024
1024
1024
1035
1024
1037
1024
1024
1049
1025
1037
1024
1024
1025
1025
1037
1024
1039
1024
1025
1025
1025
1061
1024
1025
1028
1024
1094
1025
1033
1026
1025
1025
1024
1030
1025
1034
1024
1024
1024
1027
1024
1024
1044
1029
1038
1024
1024
1025
1058
1032
1024
1038
1024
1025
1024
1024
1033
1025
1032
1025
1024
1025
1024
1033
1025
1025
1025
1024
1034
1024
1031
1024
1026
1024
1026
1025
1024
1038
1025
1024
1024
1026
1039
1025
1054
1024
1024
1024
1026
1049
1030
1024
1028
1025
1053
1026
1037
1024
1024
1024
1024
1034
1030
1047
1025
1024
1038
1025
1045
1026
1024
1024
1028
1050
1025
1037
1026
1024
1024
1024
1033
1024
1027
1025
1025
1038
1024
1044
1024
1024
1034
1024
1047
1024
1024
1024
1025
1033
1024
1045
1024
1025
1028
1024
1036
1024
1045
1024
1024
1024
1026
1048
1028
1024
1025
1024
1050
1024
1036
1024
1024
1024
1026
1039
1026
1047
1025
1024
1025
1024
1046
1027
1025
1024
1024
1061
1025
1033
1026
1025
1024
1025
1035
1024
1041
1027
1024
1024
1025
1024
1051
1024
1042
1024
1029
1030
1024
1037
1025
1055
1025
1025
1024
1024
1038
1024
1034
1025
1024
1029
1024
1034
1024
1042
1024
1024
1024
1026
1034
1025
1046
1024
1024
1024
1025
1060
1025
1036
1026
1025
1024
1026
1049
1024
1025
1024
1024
1041
1039
1038
1024
1025
1024
1024
1060
1026
1024
1029
1027
1048
1025
1037
1026
1024
1025
1024
1057
1025
1028
1026
1025
1050
1025
1034
1025
1025
1025
1024
1042
1024
1038
1024
1057
1026
1024
1024
1024
1040
1029
1038
1024
1028
1025
1024
1044
1024
1036
1024
1039
1025
1024
1032
1025
1024
1024
1024
1024
1028
1047
1025
1025
1024
1025
1044
1024
1025
1026
1027
1024
1024
1053
1024
1025
1025
1024
1044
1024
1025
1041
1024
1030
1024
1035
1024
1024
1024
1024
1034
1040
1024
1024
1025
1032
1024
1051
1025
1025
1024
1041
1035
1025
1025
1025
1025
1057
1024
1032
1024
1043
1024
1024
1031
1024
1032
1025
1031
1024
1029
1037
1025
1066
1024
1026
1024
1024
1044
1024
1035
1024
1025
1024
1024
1031
1024
1031
1024
1024
1025
1024
1032
1024
1039
1026
1024
1024
1025
1037
1024
1039
1025
1024
1024
1025
1039
1024
1031
1046
1024
1024
1024
1045
1024
1035
1025
1024
1024
1045
1037
1024
1025
1024
1024
1025
1024
1050
1024
1026
1024
1024
1040
1025
1034
1024
1024
1024
1025
1050
1024
1042
1031
1026
1025
1024
1047
1025
1040
1024
1026
1025
1024
1033
1025
1025
1024
1026
1048
1024
1034
1024
1024
1025
1026
1033
1024
1024
1032
1024
1024
1024
1034
1024
1024
1024
1024
1033
1032
1094
1024
1037
1026
1024
1025
1024
1051
1073
1036
1024
1024
1024
1024
1058
1025
1034
1025
1027
1024
1025
1034
1024
1042
1024
1025
1033
1025
1049
1024
1024
1025
1025
1043
1024
1025
1024
1024
1047
1025
1038
1024
1024
1030
1024
1035
1025
1024
1028
1024
1040
1028
1036
1029
1033
1024
1024
1024
1031
1035
1024
1024
1024
1025
1056
1024
1034
1025
1030
1024
1025
1036
1024
1025
1024
1025
1033
1025
1030
1024
1025
1049
1025
1037
1025
1025
1025
1025
1039
1025
1024
1024
1024
1034
1025
1049
1025
1025
1030
1025
1046
1025
1034
1024
1024
1025
1024
1036
1029
1024
1024
1024
1033
1024
1033
1025
1024
1025
1025
1047
1024
1042
1024
1025
1024
1025
1042
1025
1033
1030
1024
1024
1024
1037
1024
1032
1025
1028
1025
1024
1033
1024
1024
1026
1025
1033
1024
1053
1024
1030
1025
1024
1044
1025
1025
1024
1024
1055
1024
1034
1024
1024
1044
1024
1035
1024
1025
1026
1024
1034
1025
1046
1024
1024
1050
1024
1049
1032
1042
1024
1024
1024
1024
1035
1025
1052
1024
1026
1024
1025
1046
1027
1047
1024
1024
1024
1034
1024
1026
1049
1024
1033
1024
1024
1025
1024
1054
1025
1024
1024
1024
1032
1024
1032
1024
1024
1028
1025
1039
1024
1024
1025
1024
1035
1024
1054
1028
1024
1025
1024
1034
1024
1050
1029
1025
1024
1028
1055
1025
1026
1024
1024
1052
1024
1036
1024
1028
1024
1025
1034
1025
1025
1025
1026
1036
1024
1028
1024
1024
1034
1033
1049
1024
1024
1024
1024
1049
1025
1033
1025
1029
1024
1024
1045
1025
1034
1026
1024
1024
1024
1034
1025
1041
