1166
1153
1163
1153
1153
1165
1153
1153
1153
1159
1152
1162
1153
1165
1153
1175
1153
1161
1160
1175
1153
1153
1153
1153
1195
1158
1164
1165
1172
1153
1165
1153
1175
1153
1161
1153
1158
1153
1153
1154
1152
1162
1153
1177
1153
1168
1153
1153
1153
1154
1153
1153
1153
1153
1177
1153
1166
1153
1178
1153
1152
1152
1154
1158
1153
1167
1153
1175
1155
1163
1153
1153
1154
1153
1153
1153
1173
1153
1163
1153
1173
1154
1152
1153
1153
1153
1153
1162
1153
1164
1153
1183
1153
1153
1155
1153
1153
1153
1163
1153
1185
1153
1162
1153
1153
1153
1153
1153
1154
1182
1153
1163
1153
1171
1153
1153
1153
1153
1157
1153
1176
1153
1163
1153
1177
1153
1153
1154
1152
1153
1153
1165
1154
1162
1153
1178
1153
1168
1161
1169
1159
1153
1153
1153
1160
1157
1153
1155
1152
1152
1159
1153
1178
1153
1170
1153
1172
1154
1174
1153
1153
1186
1153
1155
1153
1178
1152
1164
1153
1164
1169
1191
1154
1153
1152
1153
1153
1153
1163
1167
1160
1161
1153
1153
1167
1154
1159
1156
1153
1164
1179
1153
1170
1153
1167
1153
1165
1153
1165
1153
1152
1153
1153
1159
1153
1162
1152
1177
1153
1153
1152
1155
1153
1152
1162
1153
1165
1155
1180
1153
1153
1153
1152
1153
1155
1163
1153
1178
1153
1164
1155
1153
1153
1153
1153
1153
1176
1155
1165
1153
1173
1251
1165
1154
1162
1153
1153
1153
1153
1155
1153
1176
1153
1162
1153
1177
1152
1152
1153
1153
1172
1153
1169
1153
1176
1153
1153
1153
1153
1153
1153
1168
1153
1187
1153
1164
1152
1153
1152
1153
1159
1155
1167
1153
1167
1153
1162
1153
1153
1154
1153
1153
1153
1175
1155
1162
1153
1169
1153
1153
1155
1153
1153
1152
1179
1152
1160
1155
1183
1153
1153
1153
1153
1162
1153
1177
1153
1171
1153
1154
1153
1152
1153
1153
1161
1153
1190
1153
1162
1153
1153
1153
1155
1162
1153
1178
1153
1163
1153
1155
1153
1153
1153
1153
1176
1160
1162
1153
1173
1153
1153
1153
1155
1175
1159
1167
1153
1176
1163
1177
1153
1179
1153
1159
1153
1153
1153
1153
1207
1153
1163
1153
1172
1152
1163
1153
1154
1153
1152
1153
1153
1171
1153
1178
1153
1164
1153
1176
1153
1153
1158
1153
1172
1153
1161
1153
1162
1153
1169
1159
1153
1153
1153
1153
1153
1163
1153
1153
1178
1153
1178
1160
1189
1153
1153
1153
1155
1153
1153
1163
1158
1182
1153
1159
1153
1157
1152
1153
1166
1162
1179
1152
1163
1152
1164
1154
1169
1153
1153
1153
1153
1153
1154
1165
1152
1177
1152
1163
1158
1153
1152
1152
1182
1153
1153
1153
1162
1152
1162
1153
1168
1153
1165
1158
1152
1153
1153
1153
1152
1163
1153
1163
1152
1170
1153
1170
1153
1152
1153
1171
1153
1152
1162
1153
1176
1153
1166
1153
1153
1153
1153
1153
1155
1176
1154
1162
1153
1163
1153
1153
1153
1153
1155
1152
1176
1155
1166
1169
1153
1153
1153
1155
1153
1178
1153
1165
1170
1179
1153
1153
1153
1153
1153
1153
1167
1167
1178
1153
1164
1153
1163
1153
1153
1153
1168
1153
1153
1174
1153
1167
1152
1153
1153
1155
1153
1153
1174
1153
1185
1153
1178
1153
1153
1170
1153
1175
1155
1165
1153
1178
1153
1153
1169
1153
1153
1152
1186
1153
1167
1157
1176
1168
1165
1153
1153
1155
1153
1153
1152
1182
1162
1152
1191
1153
1167
1164
1164
1153
1153
1160
1153
1156
1155
1176
1153
1166
1153
1171
1152
1162
1161
1155
1153
1152
1153
1153
1171
1153
1164
1156
1173
1153
1162
1153
1153
1153
1153
1166
1156
1173
1154
1163
1153
1174
1153
1153
1160
1156
1153
1152
1163
1153
1161
1155
1175
1153
1173
1153
1153
1155
1153
1164
1152
1164
1153
1179
1153
1163
1153
1153
1153
1153
1165
1152
1180
1153
1163
1153
1177
1153
1153
1153
1152
1153
1154
1162
1153
1170
1153
1166
1153
1155
1153
1155
1153
1153
1179
1155
1165
1153
1173
1153
1155
1155
1153
1153
1153
1165
1153
1173
1155
1165
1153
1153
1153
1152
1155
1153
1170
1153
1164
1153
1174
1155
1178
1159
1153
1153
1153
1157
1153
1163
1153
1163
1160
1162
1153
1162
1158
1153
1152
1153
1153
1155
1163
1152
1161
1156
1175
1152
1161
1153
1153
1153
1155
1154
1156
1161
1153
1181
1153
1161
1153
1153
1153
1153
1153
1152
1162
1153
1181
1153
1162
1152
1162
1154
1170
1153
1153
1152
1153
1153
1153
1162
1153
1165
1152
1169
1153
1163
1153
1153
1155
1152
1153
1153
1167
1153
1152
1158
1153
1155
1162
1153
1153
1161
1157
1165
1157
1163
1153
1165
1153
1154
1153
1152
1153
1157
1170
1152
1166
1152
1161
1152
1153
1153
1159
1153
1153
1163
1153
1176
1153
1163
1153
1153
1170
1153
1161
1154
1169
1153
1176
1153
1153
1174
1154
1153
1153
1161
1153
1161
1154
1153
1156
1153
1153
1152
1188
1153
1161
1153
1183
1155
1153
1155
1153
1152
1153
1162
1153
1162
1153
1163
1153
1153
1153
1153
1154
1153
1162
1154
1192
1153
1165
1153
1180
1152
1153
1153
1153
1153
1152
1155
1158
1164
1153
1158
1153
1174
1153
1152
1153
1153
1153
1153
1163
1153
1162
1156
1177
1153
1162
1152
1153
1155
1153
1153
1157
1165
1153
1172
1154
1164
1153
1153
1153
1156
1154
1152
1173
1153
1163
1153
1169
1153
1157
1153
1153
1153
1153
1166
1153
1161
1153
1181
1153
1153
1153
1153
1162
1153
1174
1153
1163
1153
1153
1153
1153
1171
1154
1166
1153
1176
1157
1153
1153
1155
1153
1153
1188
1153
1168
1173
1162
1153
1165
1167
1177
1154
1189
1153
1187
1153
1153
1169
1153
1169
1153
1171
1153
1156
1155
1152
1153
1153
1165
1153
1184
1152
1171
1153
1174
1152
1152
1154
1153
1164
1153
1174
1153
1167
1153
1153
1153
1153
1153
1153
1178
1155
1164
1153
1163
1153
1154
1152
1153
1153
1169
1175
1154
1165
1153
1176
1153
1161
1153
1158
1153
1153
1153
1153
1162
1153
1161
1153
1158
1153
1153
1152
1154
1162
1153
1163
1153
1172
1159
1153
1153
1152
1153
1153
1182
1153
1163
1153
1163
1153
1152
1153
1152
1153
1153
1177
1153
1163
1153
1166
1153
1161
1153
1153
1153
1154
1154
1153
1162
1158
1167
1153
1162
1153
1166
1152
1155
1153
1153
1153
1153
1166
1155
1162
1153
1166
1153
1161
1153
1153
1153
1153
1180
1153
1161
1155
1164
1153
1153
1153
1153
1159
1153
1161
1152
1163
1153
1170
1155
1153
1158
1153
1178
1158
1163
1159
1161
1153
1183
1158
1167
1153
1153
1153
1153
1160
1153
1176
1154
1160
1153
1152
1153
1155
1153
1153
1182
1153
1162
1155
1164
1153
1165
1152
1152
1152
1172
1153
1153
1153
1153
1164
1158
1166
1153
1175
1153
1162
1153
1153
1153
1153
1161
1153
1169
1154
1162
1153
1153
1152
1153
1153
1153
1170
1158
1180
1153
1161
1153
1182
1153
1153
1153
1158
1174
1153
1165
1153
1173
1153
1153
1153
1158
1153
1153
1160
1153
1169
1152
1160
1152
1158
1153
1154
1153
1153
1160
1153
1173
1153
1161
1152
1175
1153
1153
1153
1153
1153
1153
1176
1153
1161
1153
1160
1153
1153
1158
1153
1159
1164
1153
1152
1153
1153
1163
1153
1178
1156
1164
1153
1177
1153
1153
1153
1153
1153
1153
1164
1152
1174
1153
1162
1152
1153
1153
1153
1154
1152
1172
1152
1162
1153
1178
1153
1162
1169
1155
1153
1153
1170
1153
1167
1153
1173
1172
1153
1153
1153
1153
1153
1182
1152
1162
1157
1177
1155
1163
1153
1153
1152
1152
1163
1156
1174
1153
1162
1153
1153
1154
1153
1162
1179
1180
1153
1173
1153
1166
1153
1152
1153
1153
1183
1153
1161
1153
1178
1153
1154
1152
1152
1179
1153
1163
1153
1182
1152
1162
1153
1153
1155
1155
1163
1153
1179
1153
1161
1153
1155
1153
