125
124
124
125
124
125
124
125
125
124
125
124
124
128
125
124
124
125
128
124
124
124
124
124
126
124
125
124
124
124
124
125
131
126
124
124
124
125
124
124
125
124
124
124
124
124
124
155
125
124
124
129
125
125
124
124
124
125
125
125
125
125
134
124
125
125
124
125
126
124
124
124
127
124
124
124
124
124
124
124
125
124
124
125
124
124
124
125
126
124
125
125
125
124
127
124
124
124
124
124
125
124
124
124
134
124
124
124
124
124
125
124
125
125
124
125
125
125
124
125
125
125
125
124
125
125
126
126
124
124
124
124
124
125
124
125
124
124
126
125
124
134
124
124
126
124
124
124
124
124
124
124
126
124
124
124
124
124
124
125
129
125
125
124
124
126
124
125
125
125
125
125
124
124
124
125
124
124
125
124
124
124
124
124
124
124
125
125
125
176
124
124
124
125
137
124
124
125
127
128
125
124
124
124
124
124
124
125
125
124
124
124
124
124
125
124
124
124
125
125
124
125
124
124
141
125
124
124
124
125
124
124
124
124
127
125
124
125
124
124
156
126
124
125
124
124
124
124
124
124
124
124
124
124
124
124
124
124
124
124
124
126
124
126
126
125
129
130
124
124
124
124
124
130
125
127
124
124
124
124
136
124
124
124
125
124
124
124
124
124
124
124
124
124
124
124
125
124
124
124
124
124
124
125
125
124
124
124
124
124
124
124
124
124
124
124
124
124
124
124
124
125
125
124
125
125
124
124
125
125
124
125
125
125
124
124
124
124
124
125
126
125
125
126
124
124
125
124
125
126
125
124
124
124
124
125
124
125
188
130
125
124
124
125
124
124
124
124
124
125
125
125
125
125
125
124
125
125
124
124
125
125
124
125
124
125
125
126
125
124
124
125
124
124
125
124
124
124
125
127
125
124
125
125
125
124
124
124
124
124
124
124
124
125
124
124
125
124
125
124
127
124
124
124
124
125
125
124
124
124
124
125
124
124
125
124
125
125
125
124
124
125
124
124
124
127
143
124
124
124
124
125
124
124
125
125
127
136
125
125
125
124
124
131
124
124
125
124
125
124
124
124
125
125
124
124
126
125
124
125
124
125
124
124
125
125
125
124
125
125
124
124
124
125
124
125
124
125
124
124
153
129
124
124
124
125
125
124
125
124
125
124
125
124
124
124
124
125
124
124
124
124
125
126
126
124
124
136
124
126
125
124
124
124
124
124
124
124
125
126
125
124
124
155
124
125
124
124
126
124
124
124
124
124
124
124
124
124
124
124
124
124
124
124
124
124
125
125
125
124
125
124
127
127
124
124
124
124
125
125
124
124
168
125
124
125
125
125
124
125
124
124
124
124
124
124
125
124
124
124
124
125
137
124
124
124
125
134
125
124
124
124
124
124
124
124
124
124
124
124
124
124
124
124
124
125
125
125
125
124
124
125
126
124
126
124
124
125
125
124
124
124
124
124
124
124
124
125
124
169
125
125
125
124
125
124
125
124
124
125
124
125
124
124
124
125
124
124
124
124
124
124
125
124
124
125
125
124
124
124
127
138
125
125
124
125
124
124
124
124
125
125
124
125
140
124
125
201
125
124
126
124
125
124
124
130
124
126
126
124
125
124
124
137
124
124
125
124
125
124
124
124
124
124
136
125
125
124
124
124
124
124
124
124
124
126
125
124
125
125
126
125
124
124
124
124
124
124
124
124
125
124
125
125
125
124
125
124
124
124
125
141
125
124
124
125
125
124
125
124
124
125
124
124
124
125
124
125
124
124
125
124
124
124
124
124
130
124
124
128
124
124
124
124
128
124
124
124
124
125
124
124
125
125
124
125
125
131
124
125
124
125
125
124
125
125
125
127
124
124
124
124
124
124
124
125
124
124
125
128
124
126
125
124
125
124
124
125
125
125
167
125
124
124
124
124
124
125
124
125
124
140
124
124
124
125
126
124
124
125
124
125
125
125
124
125
125
125
125
124
124
124
125
125
124
124
124
124
124
125
124
124
124
124
124
124
124
125
124
124
124
124
124
140
125
127
126
124
181
124
124
126
124
124
124
125
130
124
145
125
124
124
124
125
124
125
124
124
125
125
124
124
124
124
125
124
125
124
124
124
124
124
124
124
124
124
124
124
125
125
124
124
124
140
124
125
125
124
126
124
124
124
124
124
124
124
125
125
124
124
127
125
125
125
125
124
125
125
124
125
125
124
125
124
124
125
125
125
124
125
124
124
124
127
124
125
124
125
124
132
124
125
124
124
124
124
124
124
124
124
124
124
124
124
124
124
124
124
125
124
124
124
125
125
124
124
124
124
124
149
124
125
124
125
125
124
124
125
124
124
124
125
124
124
124
125
124
124
132
124
125
125
125
124
124
124
124
125
125
124
126
124
124
124
124
124
124
124
124
124
124
124
124
124
125
124
124
125
126
127
124
125
124
125
124
125
134
125
124
124
125
125
124
124
124
124
124
124
124
124
124
125
125
124
125
124
125
133
125
125
124
125
124
124
124
124
124
125
173
126
124
125
124
124
126
124
124
125
124
191
124
124
124
124
125
125
124
124
124
124
124
124
125
125
124
124
125
124
124
124
124
126
125
124
124
125
132
125
124
124
126
125
124
125
124
124
124
133
125
129
124
125
124
124
124
124
124
125
124
124
124
125
124
126
125
125
124
124
125
124
128
126
124
124
124
125
124
124
125
139
125
125
125
139
124
124
124
124
147
124
124
125
127
124
124
124
131
124
146
124
124
124
124
124
124
124
124
124
124
124
124
124
124
127
124
124
124
124
124
124
124
125
124
125
124
125
124
125
125
124
124
124
124
124
124
124
126
124
124
125
125
124
125
124
124
124
124
124
124
124
124
124
150
124
124
125
124
124
125
125
124
124
125
124
124
124
124
125
124
124
124
124
124
124
125
125
124
124
125
124
124
125
125
125
124
124
124
124
124
124
124
124
124
124
124
124
125
125
125
124
125
124
127
124
125
125
124
125
126
124
124
125
124
124
124
125
124
125
124
124
124
124
124
125
124
124
129
