1281
1307
1283
1294
1281
1339
1281
1292
1283
1287
1291
1296
1283
1301
1283
1293
1281
1296
1284
1300
1283
1309
1281
1290
1281
1289
1282
1310
1281
1290
1282
1308
1283
1289
1281
1303
1281
1281
1283
1281
1281
1282
1281
1281
1287
1281
1282
1281
1281
1281
1299
1282
1290
1286
1304
1282
1289
1281
1293
1281
1300
1287
1291
1282
1288
1282
1298
1281
1295
1281
1294
1281
1282
1281
1282
1281
1282
1282
1281
1282
1282
1281
1281
1281
1311
1282
1282
1287
1282
1297
1282
1293
1282
1290
1281
1311
1282
1301
1281
1295
1282
1308
1297
1292
1284
1308
1282
1292
1281
1301
1281
1293
1286
1306
1282
1293
1282
1302
1281
1309
1281
1305
1281
1293
1281
1301
1282
1293
1281
1305
1281
1292
1282
1302
1281
1281
1297
1282
1281
1281
1281
1282
1281
1282
1283
1281
1284
1281
1282
1281
1282
1281
1282
1298
1281
1281
1283
1281
1281
1282
1282
1282
1284
1283
1281
1286
1281
1281
1282
1281
1282
1287
1282
1282
1303
1281
1297
1282
1291
1303
1287
1293
1282
1303
1312
1292
1284
1303
1282
1290
1281
1292
1283
1324
1281
1289
1282
1300
1283
1290
1281
1290
1282
1281
1283
1282
1285
1282
1282
1281
1283
1282
1282
1281
1304
1282
1292
1282
1301
1282
1308
1281
1302
1287
1292
1281
1304
1282
1290
1281
1302
1281
1293
1282
1294
1282
1291
1281
1309
1281
1288
1281
1282
1281
1281
1281
1283
1281
1282
1282
1282
1282
1281
1308
1281
1289
1282
1294
1283
1308
1281
1289
1281
1307
1282
1291
1283
1308
1281
1288
1281
1300
1281
1290
1287
1290
1281
1305
1281
1281
1281
1281
1281
1282
1281
1286
1282
1281
1281
1282
1282
1283
1282
1283
1281
1282
1310
1282
1291
1282
1301
1281
1289
1282
1289
1283
1330
1281
1293
1281
1301
1282
1288
1282
1282
1282
1282
1282
1282
1296
1282
1282
1282
1281
1281
1281
1282
1281
1281
1282
1282
1281
1281
1289
1283
1312
1281
1290
1282
1290
1282
1299
1282
1293
1282
1301
1282
1290
1281
1289
1282
1284
1281
1281
1282
1281
1281
1281
1289
1281
1282
1281
1281
1282
1281
1282
1282
1281
1291
1281
1312
1282
1291
1282
1320
1281
1290
1285
1290
1282
1315
1281
1297
1282
1302
1282
1282
1290
1287
1282
1324
1282
1292
1281
1288
1281
1291
1281
1295
1282
1292
1281
1300
1281
1296
1282
1291
1297
1292
1282
1314
1290
1329
1282
1350
1281
1292
1281
1298
1281
1297
1282
1307
1282
1308
1282
1303
1281
1298
1282
1291
1282
1284
1282
1281
1282
1282
1285
1283
1282
1281
1307
1281
1313
1284
1295
1281
1303
1281
1292
1300
1305
1282
1296
1285
1303
1284
1293
1281
1300
1282
1282
1282
1290
1282
1282
1281
1297
1284
1281
1306
1281
1291
1281
1297
1281
1310
1282
1310
1282
1300
1281
1290
1282
1306
1282
1303
1281
1291
1281
1306
1281
1292
1298
1312
1281
1291
1285
1282
1281
1281
1281
1288
1286
1294
1293
1304
1281
1292
1281
1328
1282
1329
1281
1293
1288
1290
1281
1294
1281
1291
1289
1297
1282
1299
1281
1325
1283
1291
1282
1294
1281
1304
1282
1281
1296
1281
1282
1282
1285
1281
1281
1281
1294
1282
1306
1282
1291
1283
1306
1282
1297
1298
1292
1282
1303
1287
1293
1281
1302
1281
1291
1282
1306
1281
1292
1282
1305
1281
1307
1282
1301
1281
1297
1284
1305
1282
1297
1281
1282
1281
1291
1282
1307
1288
1317
1282
1295
1281
1290
1281
1290
1286
1289
1281
1289
1281
1291
1282
1288
1281
1303
1282
1289
1282
1291
1281
1303
1282
1291
1286
1302
1282
1297
1282
1308
1281
1289
1283
1299
1282
1289
1282
1301
1282
1292
1284
1299
1281
1289
1282
1301
1282
1290
1282
1282
1282
1282
1281
1282
1282
1282
1282
1284
1282
1281
1282
1281
1281
1281
1282
1281
1281
1282
1290
1282
1305
1282
1290
1285
1294
1283
1307
1281
1290
1281
1305
1282
1314
1282
1295
1282
1291
1281
1292
1281
1296
1284
1294
1282
1290
1282
1316
1281
1293
1281
1302
1281
1292
1281
1305
1282
1290
1281
1306
1282
1294
1281
1282
1281
1282
1282
1282
1282
1282
1281
1282
1282
1282
1282
1281
1304
1281
1305
1281
1294
1282
1290
1282
1290
1282
1303
1282
1292
1282
1305
1282
1291
1285
1308
1282
1291
1281
1282
1284
1282
1282
1285
1282
1282
1282
1282
1281
1281
1282
1285
1284
1281
1300
1281
1292
1282
1302
1282
1294
1281
1300
1282
1292
1282
1301
1281
1290
1281
1305
1292
1296
1283
1291
1282
1300
1283
1293
1281
1301
1288
1296
1298
1282
1282
1287
1284
1315
1281
1320
1314
1282
1281
1282
1282
1292
1281
1305
1284
1298
1282
1309
1282
1292
1281
1303
1281
1310
1281
1304
1282
1290
1282
1300
1281
1290
1299
1305
1281
1281
1282
1281
1283
1282
1283
1281
1282
1282
1281
1283
1282
1281
1291
1299
1303
1282
1291
1282
1299
1283
1291
1284
1303
1281
1290
1281
1299
1281
1291
1282
1324
1282
1291
1282
1282
1282
1281
1284
1281
1298
1281
1281
1308
1282
1281
1291
1282
1291
1282
1292
1282
1295
1282
1292
1281
1297
1283
1293
1282
1298
1281
1291
1281
1281
1282
1282
1281
1281
1282
1282
1281
1282
1282
1284
1291
1281
1296
1282
1294
1282
1289
1282
1307
1282
1292
1281
1297
1282
1293
1281
1283
1282
1283
1281
1281
1282
1281
1282
1281
1307
1282
1290
1282
1299
1282
1289
1282
1306
1282
1295
1281
1300
1281
1310
1282
1297
1290
1299
1281
1307
1281
1289
1282
1290
1282
1289
1282
1303
1281
1291
1281
1301
1281
1299
1282
1301
1282
1294
1281
1283
1282
1286
1281
1281
1282
1283
1282
1282
1282
1282
1299
1283
1303
1281
1292
1281
1303
1283
1293
1282
1303
1282
1293
1283
1314
1282
1304
1288
1282
1283
1281
1281
1282
1281
1281
1283
1287
1282
1281
1292
1282
1305
1282
1293
1282
1307
1282
1295
1281
1289
1282
1308
1281
1293
1281
1288
1281
1289
1281
1305
1282
1289
1298
1304
1282
1291
1281
1309
1281
1294
1302
1291
1281
1303
1282
1281
1281
1281
1283
1297
1281
1282
1284
1282
1281
1281
1281
1302
1283
1282
1282
1282
1282
1281
1296
1284
1308
1282
1311
1282
1293
1281
1305
1282
1315
1282
1308
1281
1292
1281
1304
1282
1294
1298
1307
1281
1291
1282
1305
1281
1282
1285
1282
1359
1292
1282
1298
1281
1288
1285
1291
1281
1301
1281
1294
1282
1292
1282
1299
1281
1299
1281
1281
1281
1281
1281
1289
1283
1281
1282
1281
1282
1281
1282
1281
1282
1281
1301
1281
1293
1282
1299
1281
1295
1282
1303
1282
1290
1282
1298
1282
1294
1284
1288
1282
1282
1282
1284
1282
1282
1281
1281
1282
1284
1281
1282
1290
1282
1302
1291
1290
1282
1302
1281
1290
1283
1299
1282
1294
1282
1299
1283
1281
1282
1281
1282
1281
1302
1287
1281
1281
1281
1281
1282
1281
1288
1282
1290
1281
1299
1281
1292
1282
1299
1282
1290
1281
1299
1282
1299
1281
1293
1289
1301
1281
1293
1281
1304
1281
1291
1284
1332
1281
1291
1281
1291
1281
1304
1281
1323
1281
1291
1281
1300
1284
1289
1281
1305
1281
1295
1282
1302
1281
1281
1282
1281
1303
1282
1282
1282
1282
1282
1282
1282
1304
1297
1295
1281
1301
1281
1292
1282
1314
1302
1297
1281
1304
1281
1299
1281
1294
1282
1287
1281
1294
1281
1292
1282
1306
1282
1293
1282
1283
1281
1281
1281
1281
1281
1283
1282
1281
1281
1281
1282
1284
1282
1281
1313
1282
1293
1281
1302
1282
1292
1281
1305
1284
1293
1281
1301
1281
1292
1282
1303
1291
1293
1281
1302
1281
1294
1282
1302
1281
1311
1281
1301
1282
1291
1281
1282
1282
1285
1282
1281
1281
1281
1282
1281
1282
1282
1308
1281
1305
1281
1294
1282
1306
1283
1296
1281
1319
1282
1289
1281
1305
1282
1291
1302
1297
1283
1291
1282
