1411
1410
1409
1410
1413
1418
1420
1411
1425
1410
1422
1410
1422
1410
1410
1410
1412
1410
1410
1422
1410
1417
1414
1427
1413
1419
1411
1417
1410
1431
1409
1410
1412
1425
1435
1411
1422
1410
1468
1428
1420
1410
1410
1410
1412
1410
1415
1423
1410
1427
1410
1426
1410
1427
1410
1425
1410
1419
1410
1411
1411
1410
1409
1413
1433
1411
1418
1410
1433
1410
1423
1420
1429
1410
1419
1410
1432
1410
1420
1414
1415
1411
1410
1410
1410
1437
1409
1436
1409
1421
1410
1425
1410
1437
1411
1410
1410
1410
1410
1410
1410
1410
1441
1411
1423
1410
1430
1410
1419
1410
1426
1410
1420
1411
1435
1412
1420
1410
1428
1411
1419
1412
1411
1411
1411
1411
1410
1413
1410
1415
1410
1415
1410
1431
1410
1424
1410
1430
1413
1419
1410
1435
1410
1427
1411
1427
1411
1419
1410
1427
1410
1423
1411
1411
1410
1412
1410
1410
1410
1414
1428
1415
1423
1410
1429
1410
1422
1413
1434
1410
1419
1410
1435
1415
1426
1426
1411
1415
1410
1410
1419
1410
1419
1411
1445
1410
1421
1410
1429
1411
1411
1410
1410
1410
1415
1423
1415
1420
1420
1421
1410
1425
1411
1444
1410
1421
1414
1420
1410
1410
1410
1410
1410
1410
1415
1410
1424
1410
1420
1410
1439
1410
1426
1411
1431
1410
1421
1411
1439
1410
1423
1411
1410
1410
1411
1411
1411
1410
1414
1424
1410
1430
1410
1420
1410
1432
1414
1425
1410
1432
1411
1420
1410
1431
1414
1410
1411
1410
1411
1410
1411
1411
1437
1410
1420
1410
1430
1412
1420
1410
1442
1410
1421
1411
1432
1410
1420
1410
1415
1410
1411
1410
1410
1410
1412
1410
1414
1421
1410
1432
1410
1422
1410
1439
1414
1422
1410
1431
1411
1424
1413
1410
1419
1410
1410
1410
1421
1410
1423
1410
1419
1410
1424
1409
1422
1410
1425
1417
1410
1410
1411
1409
1410
1426
1410
1420
1410
1434
1412
1420
1410
1419
1411
1432
1410
1420
1410
1410
1410
1413
1410
1414
1410
1410
1431
1411
1421
1410
1433
1414
1422
1410
1430
1410
1421
1410
1424
1414
1421
1410
1411
1412
1410
1410
1411
1414
1409
1420
1410
1438
1411
1423
1410
1436
1410
1420
1410
1434
1411
1425
1410
1414
1410
1410
1410
1410
1424
1410
1430
1415
1421
1410
1429
1410
1423
1410
1420
1414
1665
1411
1411
1452
1410
1423
1410
1422
1411
1412
1425
1410
1435
1411
1468
1409
1419
1410
1424
1410
1412
1410
1412
1409
1410
1410
1411
1420
1410
1427
1443
1423
1410
1431
1411
1426
1410
1429
1426
1422
1410
1410
1412
1410
1410
1410
1435
1410
1431
1410
1426
1410
1455
1410
1435
1410
1434
1410
1427
1410
1411
1410
1411
1409
1410
1423
1409
1438
1410
1421
1426
1442
1410
1423
1410
1437
1409
1420
1411
1410
1410
1410
1410
1411
1410
1410
1427
1411
1423
1410
1419
1410
1421
1410
1430
1410
1427
1414
1427
1410
1410
1410
1411
1411
1410
1410
1410
1410
1410
1430
1410
1424
1410
1425
1412
1430
1410
1419
1410
1435
1410
1415
1409
1415
1410
1411
1435
1410
1420
1416
1420
1411
1435
1425
1424
1410
1428
1416
1421
1410
1435
1426
1412
1410
1410
1415
1410
1424
1410
1450
1410
1419
1410
1438
1410
1419
1410
1448
1410
1419
1410
1433
1410
1410
1410
1426
1410
1410
1411
1413
1419
1409
1421
1427
1500
1412
1418
1420
1419
1410
1410
1464
1410
1433
1414
1419
1414
1411
1412
1410
1410
1410
1461
1409
1420
1410
1450
1411
1429
1411
1418
1410
1411
1411
1411
1410
1411
1426
1412
1427
1410
1418
1410
1427
1410
1422
1411
1433
1410
1411
1410
1410
1411
1414
1410
1410
1428
1410
1418
1410
1434
1414
1423
1410
1418
1410
1430
1410
1419
1414
1410
1411
1410
1410
1410
1418
1411
1442
1410
1420
1411
1418
1412
1420
1410
1436
1411
1420
1412
1436
1410
1410
1410
1415
1410
1409
1438
1411
1419
1412
1435
1411
1420
1410
1437
1410
1419
1411
1432
1410
1411
1410
1411
1410
1410
1410
1410
1419
1410
1428
1410
1419
1409
1430
1410
1419
1410
1410
1411
1410
1410
1410
1414
1410
1425
1410
1418
1410
1429
1410
1422
1415
1436
1411
1419
1410
1434
1410
1414
1410
1410
1410
1409
1422
1411
1428
1414
1419
1410
1432
1410
1423
1411
1428
1414
1421
1411
1410
1410
1410
1410
1409
1429
1409
1420
1410
1437
1410
1419
1410
1433
1410
1422
1411
1433
1410
1423
1410
1432
1410
1410
1410
1411
1416
1410
1409
1417
1420
1410
1420
1411
1432
1410
1422
1416
1427
1410
1419
1411
1423
1410
1421
1415
1435
1410
1448
1410
1448
1411
1410
1447
1410
1410
1410
1436
1410
1421
1410
1465
1410
1422
1410
1434
1410
1421
1410
1450
1411
1410
1415
1411
1410
1410
1410
1427
1421
1410
1427
1410
1421
1410
1421
1426
1421
1411
1434
1410
1421
1410
1428
1428
1421
1410
1410
1414
1410
1410
1410
1437
1409
1432
1410
1420
1409
1427
1410
1437
1410
1436
1410
1420
1410
1429
1410
1439
1410
1410
1410
1411
1411
1411
1409
1427
1440
1410
1424
1410
1431
1410
1419
1426
1436
1409
1419
1410
1445
1411
1412
1435
1410
1418
1424
1432
1410
1426
1419
1426
1410
1439
1410
1410
1410
1410
1415
1410
1410
1410
1422
1410
1420
1410
1452
1410
1419
1410
1418
1410
1428
1411
1425
1410
1410
1410
1410
1410
1410
1410
1419
1423
1410
1429
1410
1419
1410
1431
1428
1419
1411
1410
1410
1410
1411
1410
1427
1409
1429
1410
1420
1410
1431
1410
1435
1412
1431
1410
1419
1410
1410
1410
1410
1410
1410
1419
1411
1422
1410
1423
1425
1430
1410
1419
1410
1421
1410
1425
1409
1410
1410
1410
1410
1411
1420
1416
1436
1410
1420
1410
1436
1411
1419
1416
1419
1410
1433
1411
1410
1411
1410
1416
1410
1432
1410
1423
1410
1429
1410
1426
1411
1428
1409
1423
1410
1430
1410
1425
1410
1411
1410
1410
1410
1410
1411
1433
1431
1417
1426
1411
1427
1410
1419
1432
1430
1409
1422
1410
1429
1410
1410
1432
1410
1427
1412
1410
1410
1418
1410
1455
1410
1424
1410
1426
1410
1420
1410
1425
1410
1433
1415
1419
1410
1430
1410
1424
1412
1410
1410
1410
1410
1410
1411
1415
1436
1410
1419
1412
1429
1410
1420
1415
1433
1412
1420
1410
1431
1410
1420
1432
1410
1411
1410
1411
1412
1410
1410
1456
1410
1419
1410
1419
1409
1419
1410
1456
1410
1419
1410
1430
1412
1410
1410
1433
1410
1410
1412
1410
1419
1410
1436
1432
1420
1410
1427
1410
1427
1411
1437
1437
1410
1410
1415
1435
1410
1467
1413
1454
1412
1416
1409
1440
1409
1412
1413
1410
1410
1410
1410
1410
1416
1410
1427
1410
1436
1410
1420
1410
1418
1410
1441
1411
1424
1410
1410
1410
1410
1410
1413
1419
1410
1423
1410
1437
1410
1419
1414
1421
1410
1432
1410
1421
1411
1421
1415
1410
1410
1410
1411
1410
1410
1411
1426
1412
1444
1410
1421
1415
1423
1410
1426
1410
1423
1410
1421
1410
1420
1410
1414
1410
1411
1410
1410
1419
1410
1440
1415
1427
1410
1425
1410
1428
1410
1439
1414
1423
1410
1411
1410
1410
1410
1411
1414
1409
1420
1410
1427
1410
1419
1410
1434
1410
1420
1413
1429
1410
1421
1410
1410
1410
1410
1411
1411
1420
1413
1431
1410
1419
1409
1418
1409
1427
1410
1425
1410
1437
1410
1410
1417
1410
1409
1413
1423
1410
1423
1410
1419
1410
1421
1413
1419
1410
1435
1411
1418
1410
1428
1412
1419
1411
1430
1410
1410
1411
1410
1410
1410
1409
1409
1412
1413
1425
1410
1419
1411
1420
1410
1425
1410
1420
1410
1430
1410
1421
1410
1411
1411
1410
1410
1410
1410
1411
1423
1410
1433
1410
1421
1411
1434
1410
1417
1409
1420
1409
1418
1411
1435
1410
1423
1410
1410
1410
1410
1415
1426
1410
1411
1419
1410
1430
1410
1425
