1547
1539
1547
1539
1559
1560
1538
1547
1540
1550
1539
1563
1539
1547
1539
1538
1544
1538
1553
1539
1563
1539
1539
1546
1545
1548
1538
1563
1538
1540
1553
1539
1548
1543
1551
1538
1558
1538
1539
1540
1539
1545
1538
1563
1538
1538
1538
1538
1560
1538
1558
1538
1548
1539
1555
1554
1539
1554
1539
1550
1539
1564
1538
1544
1538
1538
1553
1539
1551
1539
1557
1538
1539
1548
1539
1547
1538
1548
1542
1539
1538
1538
1546
1538
1554
1544
1574
1539
1541
1551
1539
1573
1541
1549
1540
1539
1557
1538
1548
1539
1553
1539
1555
1539
1539
1560
1539
1552
1539
1559
1538
1548
1540
1539
1538
1544
1545
1541
1547
1539
1559
1539
1544
1552
1538
1562
1539
1551
1538
1560
1544
1539
1538
1539
1548
1539
1560
1539
1548
1538
1539
1547
1538
1556
1539
1551
1538
1550
1539
1539
1548
1538
1551
1544
1555
1539
1539
1559
1539
1549
1540
1550
1539
1566
1539
1539
1557
1542
1550
1540
1577
1538
1539
1538
1540
1550
1539
1559
1538
1550
1539
1551
1539
1561
1552
1539
1565
1540
1549
1539
1539
1561
1539
1552
1538
1563
1538
1539
1539
1542
1553
1539
1550
1545
1551
1538
1542
1551
1540
1560
1539
1556
1538
1561
1542
1539
1565
1538
1553
1539
1593
1543
1539
1551
1539
1552
1539
1550
1539
1561
1539
1539
1538
1538
1557
1539
1551
1539
1564
1539
1539
1539
1539
1549
1539
1550
1544
1563
1538
1538
1540
1543
1550
1539
1563
1540
1549
1538
1538
1541
1538
1560
1539
1548
1539
1555
1542
1539
1538
1539
1548
1538
1556
1539
1548
1539
1540
1539
1539
1556
1539
1552
1539
1551
1538
1557
1539
1539
1556
1542
1552
1539
1562
1538
1548
1539
1541
1552
1539
1557
1539
1548
1540
1557
1543
1539
1539
1540
1548
1539
1559
1538
1552
1540
1538
1538
1538
1557
1540
1555
1539
1556
1539
1548
1539
1539
1539
1540
1557
1538
1548
1539
1556
1538
1546
1553
1563
1552
1539
1549
1538
1549
1538
1538
1567
1539
1550
1539
1551
1545
1539
1539
1538
1558
1540
1548
1544
1555
1539
1538
1540
1539
1558
1539
1559
1540
1553
1538
1539
1567
1541
1553
1539
1560
1539
1540
1548
1538
1566
1539
1555
1539
1558
1538
1538
1539
1545
1553
1538
1547
1539
1549
1538
1560
1551
1550
1550
1546
1566
1539
1539
1549
1538
1547
1539
1551
1539
1538
1547
1544
1550
1548
1576
1542
1538
1538
1565
1622
1538
1557
1538
1538
1548
1538
1562
1539
1552
1538
1572
1539
1539
1556
1538
1548
1538
1552
1566
1539
1538
1540
1549
1540
1555
1540
1550
1539
1539
1540
1539
1562
1539
1547
1540
1550
1540
1539
1539
1540
1548
1539
1548
1538
1554
1539
1539
1539
1538
1549
1538
1559
1538
1554
1538
1541
1538
1538
1552
1539
1549
1538
1563
1539
1539
1538
1544
1557
1539
1548
1539
1553
1538
1551
1539
1539
1565
1538
1550
1539
1557
1546
1551
1539
1560
1539
1539
1540
1538
1553
1539
1561
1541
1549
1539
1547
1541
1541
1548
1538
1567
1539
1548
1539
1585
1539
1538
1551
1539
1550
1538
1558
1539
1556
1542
1555
1544
1538
1549
1542
1553
1538
1539
1554
1539
1548
1541
1552
1540
1560
1539
1539
1546
1539
1563
1539
1551
1539
1560
1540
1539
1552
1539
1651
1540
1563
1539
1539
1544
1540
1564
1539
1551
1539
1566
1539
1542
1553
1539
1562
1539
1549
1561
1539
1539
1543
1555
1549
1576
1546
1538
1539
1542
1539
1545
1539
1579
1538
1560
1539
1539
1555
1538
1547
1538
1549
1539
1550
1539
1557
1547
1565
1548
1539
1551
1538
1539
1549
1576
1572
1538
1546
1543
1540
1548
1539
1548
1544
1556
1544
1539
1538
1539
1546
1539
1546
1540
1552
1538
1538
1548
1539
1546
1538
1550
1539
1560
1538
1539
1551
1538
1550
1539
1561
1539
1552
1539
1539
1546
1543
1561
1539
1551
1539
1555
1539
1539
1539
1539
1551
1538
1558
1539
1548
1546
1538
1550
1538
1557
1538
1548
1542
1555
1539
1539
1539
1539
1547
1539
1564
1538
1551
1539
1555
1539
1539
1555
1539
1551
1539
1555
1539
1547
1539
1545
1538
1538
1556
1539
1547
1539
1555
1544
1548
1538
1539
1556
1539
1549
1544
1548
1538
1557
1541
1539
1556
1539
1557
1540
1573
1539
1548
1539
1539
1541
1538
1558
1538
1548
1540
1561
1541
1544
1557
1540
1548
1539
1556
1539
1557
1554
1538
1548
1539
1557
1538
1551
1544
1555
1539
1539
1556
1539
1550
1544
1559
1539
1547
1539
1539
1541
1539
1564
1539
1548
1539
1558
1539
1550
1539
1566
1540
1539
1556
1539
1603
1543
1548
1538
1539
1539
1548
1559
1561
1573
1539
1545
1579
1539
1561
1548
1550
1539
1539
1560
1538
1561
1538
1544
1543
1539
1538
1538
1554
1538
1553
1538
1549
1539
1538
1547
1538
1553
1539
1558
1539
1539
1541
1539
1547
1541
1565
1540
1551
1539
1539
1539
1543
1562
1538
1554
1539
1557
1540
1539
1558
1539
1552
1541
1558
1538
1550
1540
1541
1553
1538
1548
1539
1560
1538
1552
1539
1538
1554
1539
1561
1539
1554
1538
1565
1539
1539
1548
1539
1550
1539
1566
1538
1551
1541
1538
1549
1541
1567
1541
1549
1545
1558
1539
1539
1547
1538
1554
1538
1558
1538
1539
1540
1539
1549
1539
1549
1539
1549
1539
1539
1539
1539
1560
1538
1551
1538
1568
1538
1539
1558
1538
1550
1538
1564
1539
1596
1541
1538
1549
1538
1548
1545
1547
1538
1539
1550
1539
1559
1541
1550
1540
1555
1538
1539
1538
1538
1549
1539
1564
1538
1547
1540
1539
1539
1538
1565
1541
1546
1538
1557
1539
1550
1538
1538
1550
1539
1559
1539
1547
1539
1561
1538
1539
1556
1538
1547
1541
1558
1538
1539
1538
1539
1548
1539
1559
1539
1549
1538
1556
1539
1539
1564
1539
1551
1538
1556
1539
1548
1540
1538
1539
1539
1546
1540
1559
1539
1551
1538
1540
1538
1539
1560
1539
1547
1539
1561
1538
1538
1539
1556
1549
1586
1549
1539
1538
1565
1538
1562
1541
1552
1539
1539
1538
1538
1566
1538
1554
1538
1573
1540
1539
1563
1538
1552
1540
1553
1539
1539
1538
1539
1559
1539
1552
1539
1562
1540
1549
1539
1542
1539
1539
1553
1539
1548
1538
1548
1539
1538
1550
1538
1550
1538
1550
1542
1562
1538
1541
1549
1538
1560
1541
1554
1538
1539
1549
1539
1560
1539
1566
1539
1549
1541
1539
1539
1539
1552
1539
1545
1539
1548
1538
1539
1547
1552
1548
1539
1558
1539
1548
1539
1543
1548
1544
1548
1539
1561
1539
1551
1545
1538
1551
1538
1563
1539
1552
1543
1548
1538
1543
1560
1538
1553
1539
1568
1539
1539
1548
1538
1552
1539
1570
1539
1550
1539
1539
1539
1539
1565
1543
1552
1539
1557
1540
1539
1539
1545
1553
1538
1557
1539
1552
1539
1539
1543
1539
1557
1538
1551
1539
1555
1543
1539
1539
1538
1551
1540
1558
1539
1563
1538
1540
1539
1551
1549
1539
1562
1538
1550
1539
1538
1539
1538
1548
1560
1562
1539
1548
1538
1555
1539
1540
1557
1539
1560
1539
1546
1540
1559
1545
1550
1538
1539
1544
1539
1558
1538
1548
1539
1540
1539
1538
1548
1540
1569
1538
1549
1539
1540
1547
1539
1558
1538
1548
1539
1560
1539
1538
1557
1560
1554
1538
1561
1539
1751
1560
1550
1585
1539
1550
1539
1538
1550
1541
1579
1539
1577
1539
1539
1541
1538
1553
1539
1567
1540
1544
1538
1539
1574
1540
1550
1539
1562
1538
1549
1539
1542
1563
1538
1553
1540
1554
1538
1553
1538
1540
1547
1539
1551
1539
1549
1543
1558
1539
1538
1539
1538
1561
1542
1550
1539
1545
1538
1539
1538
1538
1557
1538
1549
1539
1564
1540
1545
1563
1539
1550
1541
1563
1539
1538
1539
1541
1550
1539
1561
1539
1549
1541
1542
1538
1540
1560
1541
1550
1540
1556
1540
1541
1539
1541
1557
1538
1550
1542
