1678
1667
1667
1694
1689
1683
1688
1667
1678
1667
1678
1667
1667
1679
1667
1688
1667
1670
1692
1667
1678
1668
1688
1668
1671
1681
1668
1684
1668
1668
1676
1671
1690
1668
1677
1667
1667
1679
1670
1681
1669
1668
1690
1668
1676
1671
1667
1678
1667
1692
1668
1668
1688
1668
1678
1667
1668
1676
1667
1688
1667
1680
1668
1667
1679
1668
1692
1667
1667
1688
1668
1678
1668
1669
1678
1667
1677
1667
1686
1669
1668
1685
1667
1677
1669
1667
1694
1668
1677
1666
1667
1678
1667
1690
1667
1667
1676
1667
1677
1667
1667
1688
1667
1676
1668
1667
1678
1667
1689
1667
1677
1681
1667
1679
1667
1688
1667
1667
1676
1668
1685
1667
1667
2013
1667
1688
1667
1667
1693
1669
1678
1667
1667
1682
1667
1677
1677
1667
1676
1667
1676
1667
1668
1682
1667
1676
1668
1702
1696
1668
1680
1667
1668
1675
1667
1689
1667
1676
1672
1667
1679
1667
1668
1679
1672
1684
1667
1673
1678
1667
1694
1673
1668
1694
1668
1677
1668
1668
1682
1677
1668
1667
1676
1710
1687
1667
1668
1690
1673
1681
1667
1700
1683
1667
1688
1667
1667
1689
1707
1677
1667
1676
1677
1667
1681
1667
1667
1682
1671
1678
1668
1667
1676
1667
1681
1671
1668
1677
1667
1678
1667
1682
1672
1667
1685
1667
1676
1667
1667
1688
1666
1677
1667
1667
1685
1667
1678
1667
1674
1667
1667
1674
1668
1694
1668
1667
1673
1667
1688
1667
1675
1671
1667
1675
1667
1675
1667
1693
1671
1667
1675
1668
1686
1667
1667
1677
1667
1689
1668
1674
1667
1668
1691
1667
1676
1668
1688
1668
1668
1675
1668
1676
1667
1668
1678
1667
1683
1669
1677
1668
1667
1678
1684
1693
1672
1668
1676
1669
1690
1668
1668
1701
1667
1677
1668
1691
1676
1669
1691
1667
1677
1667
1667
1677
1667
1689
1667
1669
1688
1667
1677
1668
1688
1667
1667
1686
1668
1676
1667
1670
1676
1667
1688
1668
1677
1667
1668
1676
1694
1680
1668
1667
1677
1667
1682
1667
1670
1677
1667
1677
1667
1669
1697
1667
1678
1667
1669
1677
1667
1693
1667
1679
1667
1667
1676
1667
1690
1667
1667
1687
1667
1679
1671
1694
1667
1667
1687
1667
1676
1673
1695
1677
1680
1695
1678
1667
1674
1667
1679
1667
1673
1679
1667
1681
1667
1669
1679
1667
1685
1667
1672
1691
1667
1676
1667
1674
1692
1667
1667
1683
1667
1705
1667
1668
1689
1669
1693
1668
1667
1681
1667
1673
1668
1678
1669
1667
1676
1667
1680
1673
1666
1685
1668
1691
1674
1667
1688
1667
1675
1669
1701
1667
1667
1675
1672
1686
1667
1680
1672
1675
1677
1677
1688
1667
1667
1729
1667
1720
1691
1667
1676
1667
1683
1669
1667
1681
1667
1685
1714
1667
1677
1668
1691
1668
1667
1683
1668
1677
1667
1693
1679
1667
1684
1668
1677
1667
1671
1690
1669
1676
1682
1668
1675
1672
1691
1667
1677
1683
1669
1678
1670
1680
1667
1669
1693
1667
1683
1670
1683
1667
1667
1692
1667
1689
1667
1668
1685
1667
1697
1667
1668
1667
1669
1678
1667
1693
1667
1667
1680
1672
1676
1668
1692
1670
1667
1686
1671
1677
1670
1667
1708
1668
1679
1671
1688
1667
1668
1706
1669
1679
1671
1667
1676
1667
1692
1668
1690
1668
1669
1675
1667
1699
1667
1668
1676
1667
1691
1667
1684
1689
1667
1677
1667
1690
1668
1684
1690
1667
1672
1667
1667
1667
1676
1667
1708
1667
1668
1680
1667
1679
1667
1674
1686
1667
1677
1667
1667
1675
1667
1683
1667
1677
1677
1667
1672
1667
1695
1667
1672
1685
1667
1678
1667
1667
1676
1672
1678
1667
1667
1676
1667
1677
1669
1667
1676
1668
1683
1667
1668
1680
1667
1721
1667
1668
1688
1669
1685
1667
1668
1674
1683
1690
1668
1673
1684
1669
1676
1671
1668
1683
1670
1685
1667
1667
1709
1668
1679
1667
1685
1667
1667
1715
1667
1686
1668
1669
1678
1667
1698
1667
1672
1667
1669
1692
1667
1694
1667
1667
1681
1672
1679
1668
1667
1677
1667
1689
1672
1679
1667
1669
1688
1668
1676
1677
1668
1685
1667
1677
1667
1668
1683
1667
1688
1668
1678
1667
1667
1692
1667
1678
1668
1667
1672
1667
1685
1667
1668
1688
1667
1680
1667
1671
1680
1667
1695
1667
1676
1667
1671
1678
1668
1690
1668
1667
1674
1671
1678
1667
1668
1676
1667
1676
1671
1668
1675
1667
1684
1668
1668
1680
1667
1685
1667
1677
1667
1667
1683
1668
1678
1668
1667
1676
1667
1692
1667
1667
1675
1667
1678
1667
1696
1675
1667
1677
1667
1688
1672
1674
1667
1667
1688
1702
1680
1673
1673
1683
1667
1687
1667
1667
1685
1668
1681
1667
1668
1679
1668
1692
1667
1682
1669
1667
1677
1667
1686
1670
1674
1692
1668
1674
1668
1671
1677
1667
1676
1669
1676
1667
1667
1677
1667
1678
1667
1667
1683
1667
1681
1667
1668
1680
1667
1679
1667
1667
1676
1682
1683
1667
1667
1680
1667
1678
1667
1668
1676
1667
1683
1668
1681
1668
1667
1684
1667
1676
1667
1667
1687
1667
1675
1669
1667
1675
1668
1696
1666
1668
1681
1667
1677
1667
1688
1668
1667
1687
1667
1681
1667
1667
1687
1668
1680
1667
1672
1679
1667
1692
1667
1676
1669
1671
1677
1667
1689
1669
1703
1694
1683
1679
1669
1668
1675
1667
1685
1672
1678
1687
1667
1683
1673
1667
1708
1668
1679
1676
1667
1690
1667
1691
1667
1667
1682
1667
1676
1668
1685
1667
1667
1681
1667
1687
1666
1677
1690
1667
1676
1667
1687
1670
1671
1682
1668
1679
1670
1667
1679
1672
1679
1669
1691
1668
1667
1686
1669
1673
1667
1667
1675
1669
1674
1667
1667
1675
1668
1682
1667
1667
1674
1668
1688
1667
1667
1676
1669
1682
1669
1676
1667
1668
1677
1667
1677
1667
1668
1681
1667
1675
1668
1667
1680
1667
1672
1667
1667
1675
1667
1678
1673
1667
1674
1667
1683
1668
1667
1685
1667
1674
1668
1674
1668
1669
1681
1669
1689
1666
1667
1685
1672
1680
1667
1686
1667
1668
1687
1671
1680
1667
1668
1676
1667
1682
1672
1667
1683
1667
1676
1667
1684
1671
1667
1682
1667
1675
1667
1667
1682
1667
1684
1667
1695
1677
1667
1682
1697
1669
1680
1668
1677
1667
1669
1680
1671
1680
1667
1676
1667
1671
1677
1667
1689
1668
1673
1684
1673
1677
1667
1669
1675
1667
1686
1673
1696
1685
1668
1675
1667
1677
1673
1682
1682
1667
1687
1667
1667
1694
1683
1680
1667
1668
1685
1666
1680
1683
1667
1676
1667
1686
1667
1693
1734
1670
1687
1677
1676
1703
1670
1680
1667
1677
1667
1698
1679
1673
1710
1667
1667
1686
1667
1678
1668
1667
1676
1667
1675
1667
1668
1676
1667
1683
1667
1677
1667
1667
1679
1667
1679
1667
1667
1685
1667
1677
1667
1667
1677
1667
1677
1667
1668
1683
1667
1685
1667
1667
1686
1668
1682
1667
1697
1673
1667
1684
1687
1684
1667
1667
1684
1667
1679
1667
1697
1667
1667
1685
1667
1680
1667
1673
1678
1667
1690
1668
1677
1667
1673
1676
1667
1676
1669
1667
1677
1673
1686
1667
1677
1668
1667
1677
1669
1691
1667
1666
1672
1667
1677
1668
1667
1679
1667
1682
1667
1689
1667
1686
1687
1667
1680
1667
1668
1684
1668
1683
1670
1668
1677
1667
1687
1667
1667
1684
1667
1678
1667
1667
1690
1667
1673
1667
1667
1684
1668
1677
1667
1667
1676
1668
1688
1667
1679
1667
1667
1677
1667
1691
1668
1672
1688
1667
1681
1667
1667
1685
1674
1680
1667
1689
1666
1668
1688
1673
1680
1668
1667
1677
1668
1688
1673
1667
1686
1668
1677
1668
1686
1673
1667
1689
1667
1679
1668
1667
1683
1668
1684
1669
1667
1675
1667
1691
1669
1681
1686
1667
1676
1668
1701
1667
1667
1685
1669
1701
1667
1678
1701
1667
1687
1668
1668
1687
1678
1682
1668
1668
1676
1667
1684
1673
1667
1685
1667
