1796
1805
1798
1796
1841
1832
1799
1808
1796
1804
1803
1799
1807
1796
1795
1802
1797
1810
1807
1799
1819
1795
1796
1812
1812
1796
1816
1795
1808
1796
1796
1822
1801
1796
1806
1797
1813
1796
1813
1823
1796
1806
1796
1796
1808
1796
1821
1806
1796
1814
1795
1812
1817
1797
1808
1796
1795
1806
1812
1819
1807
1796
1815
1796
1889
1813
1807
1796
1807
1796
1817
1822
1796
1816
1796
1796
1812
1796
1827
1802
1796
1817
1795
1796
1813
1813
1812
1796
1796
1806
1796
1816
1796
1802
1806
1796
1796
1815
1813
1805
1797
1796
1805
1796
1823
1812
1865
1815
1796
1798
1818
1796
1821
1802
1798
1816
1795
1796
1812
1795
1812
1796
1796
1809
1796
1829
1796
1796
1818
1796
1813
1805
1796
1818
1796
1796
1834
1796
1807
1803
1801
1811
1800
1795
1803
1796
1807
1817
1798
1819
1814
1795
1832
1801
1795
1814
1802
1796
1804
1796
1806
1813
1796
1805
1796
1801
1805
1796
1796
1806
1796
1814
1810
1808
1869
1795
1796
1810
1811
1796
1805
1805
1801
1852
1810
1800
1809
1796
1796
1806
1796
1807
1815
1796
1805
1796
1796
1804
1808
1796
1805
1796
1804
1796
1795
1810
1795
1795
1806
1795
1819
1796
1796
1804
1796
1796
1803
1796
1827
1796
1796
1807
1796
1807
1810
1802
1809
1796
1798
1803
1796
1817
1809
1841
1825
1813
1795
1808
1807
1795
1804
1796
1807
1800
1796
1813
1798
1796
1817
1796
1804
1814
1796
1805
1796
1795
1820
1796
1810
1796
1798
1801
1796
1796
1818
1804
1808
1795
1795
1800
1796
1805
1818
1796
1807
1796
1795
1831
1801
1798
1806
1796
1805
1796
1796
1822
1796
1804
1820
1796
1804
1795
1802
1808
1796
1817
1796
1796
1813
1796
1807
1840
1800
1806
1795
1808
1814
1796
1806
1810
1795
1809
1801
1796
1804
1796
1813
1796
1805
1809
1796
1796
1805
1795
1812
1801
1796
1806
1795
1805
1812
1796
1812
1795
1796
1809
1795
1819
1805
1802
1814
1796
1796
1812
1796
1805
1795
1795
1871
1796
1796
1804
1809
2011
1805
1807
1830
1804
1797
1812
1797
1795
1805
1796
1808
1820
1795
1806
1795
1795
1811
1796
1812
1819
1796
1804
1795
1796
1806
1796
1813
1804
1796
1814
1795
1802
1805
1796
1813
1804
1796
1804
1801
1796
1803
1796
1817
1810
1796
1809
1798
1796
1804
1795
1809
1824
1796
1796
1816
1813
1796
1834
1800
1806
1804
1796
1805
1795
1797
1812
1795
1796
1813
1796
1804
1817
1796
1805
1796
1796
1807
1796
1819
1796
1795
1804
1796
1810
1811
1800
1808
1796
1796
1808
1795
1818
1805
1795
1807
1811
1796
1818
1799
1805
1806
1796
1803
1796
1796
1807
1796
1814
1820
1795
1813
1795
1796
1815
1796
1821
1814
1796
1810
1796
1798
1813
1812
1820
1796
1802
1807
1795
1812
1829
1796
1809
1813
1796
1806
1812
1796
1821
1805
1795
1812
1800
1795
1813
1795
1801
1796
1796
1808
1796
1796
1833
1797
1804
1796
1796
1803
1798
1799
1808
1796
1818
1813
1796
1807
1796
1797
1805
1796
1804
1796
1798
1801
1796
1796
1813
1796
1814
1799
1796
1823
1800
1804
1796
1795
1821
1796
1796
1805
1796
1817
1796
1796
1816
1797
1805
1796
1795
1809
1797
1815
1804
1796
1809
1797
1802
1824
1796
1804
1796
1796
1801
1801
1809
1795
1796
1804
1796
1806
1824
1796
1807
1795
1797
1804
1796
1796
1824
1796
1796
1822
1797
1803
1811
1796
1813
1802
1796
1812
1796
1819
1808
1796
1806
1796
1797
1809
1795
1832
1804
1798
1810
1796
1797
1808
1796
1814
1808
1796
1823
1797
1795
1815
1795
1811
1795
1796
1819
1796
1807
1817
1796
1807
1802
1796
1805
1796
1809
1798
1796
1816
1796
1805
1797
1796
1815
1796
1808
2179
1796
1810
1840
1797
1810
1796
1796
1810
1816
1796
1815
1799
1808
1796
1796
1806
1796
1798
1806
1795
1819
1796
1796
1817
1801
1796
1821
1795
1806
1796
1795
1816
1796
1796
1804
1799
1811
1796
1799
1808
1797
1805
1814
1796
1806
1798
1795
1804
1796
1820
1804
1800
1809
1796
1798
1806
1796
1816
1800
1798
1818
1796
1796
1816
1796
1810
1816
1796
1806
1795
1796
1814
1795
1825
1795
1796
1814
1798
1813
1816
1796
1805
1798
1796
1810
1796
1816
1798
1796
1805
1796
1822
1805
1796
1803
1796
1798
1808
1800
1816
1804
1798
1817
1795
1796
1818
1796
1805
1796
1796
1820
1796
1815
1814
1796
1807
1796
1805
1810
1798
1798
1804
1796
1818
1798
1800
1825
1796
1815
1811
1796
1813
1800
1796
1804
1795
1796
1812
1797
1796
1823
1796
1804
1811
1830
1808
1797
1795
1807
1796
1797
1814
1796
1804
1796
1796
1805
1806
1805
1828
1802
1806
1795
1798
1811
1797
1796
1804
1796
1806
1800
1796
1821
1796
1809
1812
1796
1812
1796
1795
1804
1796
1804
1804
1796
1806
1795
1796
1807
1796
1818
1810
1795
1822
1796
1796
1811
1800
1814
1820
1796
1807
1796
1796
1801
1795
1807
1815
1796
1807
1801
1796
1806
1795
1805
1813
1796
1814
1796
1796
1813
1796
1806
1796
1796
1805
1796
1796
1806
1796
1823
1796
1796
1810
1797
1806
1806
1800
1814
1796
1795
1803
1796
1815
1809
1796
1816
1796
1796
1815
1797
1818
1805
1797
1824
1795
1796
1814
1797
1812
1804
1806
1817
1795
1798
1806
1795
1815
1804
1795
1818
1795
1796
1809
1795
1804
1818
1802
1805
1796
1795
1805
1796
1813
1801
1795
1812
1796
1804
1809
1796
1823
1796
1796
1804
1796
1814
1812
1796
1810
1796
1796
1802
1796
1828
1804
1796
1813
1796
1796
1809
1797
1807
1815
1796
1828
1796
1802
1804
1796
1814
1804
1796
1812
1804
1796
1806
1795
1795
1805
1796
1809
1798
1796
1806
1795
1796
1815
1795
1806
1796
1796
1803
1796
1833
1804
1800
1817
1796
1796
1800
1814
1796
1804
1795
1809
1795
1803
1801
1796
1807
1804
1796
1809
1801
1796
1803
1796
1806
1796
1796
1805
1796
1796
1804
1796
1819
1799
1795
1812
1796
1812
1818
1796
1810
1796
1796
1803
1797
1807
1795
1801
1817
1798
1805
1819
1796
1803
1802
1796
1807
1797
1810
1796
1796
1815
1796
1806
1806
1796
1806
1805
1796
1805
1796
1815
1804
1796
1835
1795
1796
1816
1796
1804
1796
1811
1823
1796
1796
1814
1796
1811
1813
1808
1803
1804
1796
1804
1804
1805
1805
1795
1805
1796
1797
1808
1796
1804
1795
1798
1807
1802
1812
1805
1797
1815
1796
1796
1829
1796
1807
1796
1796
1807
1796
1825
1805
1796
1815
1796
1796
1813
1811
1806
1811
1795
1803
1796
1801
1806
1796
1812
1806
1796
1807
1801
1796
1814
1796
1806
1796
1796
1818
1796
1807
1818
1797
1802
1796
1796
1903
1797
1804
1815
1796
1811
1796
1796
1806
1796
1824
1795
1800
1811
1796
1804
1801
1803
1810
1817
1795
1806
1796
1796
1818
1798
1816
1804
1796
1816
1796
1795
1819
1797
1806
1796
1796
1809
1797
1814
1805
1796
1812
1797
1795
1813
1796
1807
1797
1796
1807
1796
1816
1795
1796
1811
1796
1808
1815
1799
1807
1795
1798
1808
1796
1811
1800
1796
1804
1795
1816
1810
1795
1805
1795
1796
1816
1796
1806
1828
1797
1805
1796
1796
1804
1797
1816
1795
1796
1813
1797
1806
1810
1799
1806
1797
1796
1803
1796
1812
1796
1795
1817
1795
1797
1812
1806
1806
1796
1796
1805
1795
1796
1812
1795
1808
1796
1795
1807
1796
1796
1806
1795
1802
1796
1796
1808
1802
1809
1815
1796
1805
1797
1799
1809
1796
1804
1799
1796
1804
1799
1821
1804
1796
1811
1796
1798
1821
1796
1804
1803
1797
1817
1804
1796
1811
1795
1806
1813
1796
1810
1795
1796
1804
1796
1847
1804
1795
1804
1795
1796
1803
1795
1807
1842
1796
1824
1795
1796
1829
1802
1808
1809
1798
1806
1796
1796
1821
1798
1808
1811
1796
1809
1804
