1936
1930
1925
1949
1937
1925
1938
1936
1930
1951
1932
1924
1933
1963
1924
1932
1937
1925
1937
1930
1924
1933
1925
1925
1932
1924
1929
1934
1925
1924
1933
1925
1952
1935
1925
1941
1934
1925
1947
1940
1924
1942
1933
1924
1949
1931
1924
1941
1930
1924
1946
1930
1924
1943
1924
1924
1943
1925
1925
1942
1924
1924
1945
1924
1946
1941
1924
1936
1943
1925
1941
1942
1924
1935
1925
1924
1935
1924
1925
1934
1925
1925
1934
1929
1924
1933
1924
1945
1938
1925
1942
1933
1924
1946
1933
1924
1943
1934
1925
1944
1924
1925
1942
1924
1925
1943
1925
1935
1938
1924
1934
1943
1925
1934
1938
1930
1935
1924
1925
1934
1926
1924
1935
1925
1926
1933
1924
1941
1940
1924
1943
1933
1924
1944
1936
1924
1947
1934
1924
1940
1924
1924
1946
1924
1924
1941
1927
1926
1944
1925
1924
1941
1924
1937
1944
1925
1934
1937
1924
1934
1963
1925
1932
1934
1931
1942
1942
1925
1926
1943
1924
1945
1947
1925
1939
1933
1924
1953
1942
1934
1924
1927
1934
1944
1924
1939
1924
1925
1933
1924
1934
1935
1924
1925
1943
1924
1928
1934
1924
1924
1932
1924
1939
1936
1924
1944
1932
1925
1948
1936
1925
1942
1926
1925
1932
1926
1924
1934
1924
1924
1937
1926
1928
1944
1925
1937
1941
1925
1937
1943
1926
1936
1924
1924
1935
1924
1924
1936
1925
1948
1944
1932
1925
1938
1924
1924
1939
1930
1925
1935
1925
1933
1941
1924
1934
1944
1926
1935
1946
1924
1940
1947
1924
1933
1924
1926
1940
1925
1924
1933
1925
1924
1932
1930
1945
1933
1925
1940
1933
1932
1947
1933
1924
1942
1924
1924
1945
1926
1924
1941
1924
1925
1952
1925
1924
1939
1926
1934
1948
1924
1935
1943
1924
1934
1925
1932
1935
1924
1924
1933
1926
1930
1935
1925
1941
1933
1924
1943
1944
1931
1942
1960
1924
1948
1939
1925
1955
1936
1924
1947
1938
1924
1947
1933
1924
1945
1934
1924
1942
1925
1924
1936
1924
1931
1935
1926
1924
1937
1925
1931
1935
1924
1940
1935
1926
1943
1933
1924
1940
1935
1925
1939
1930
1925
1942
1924
1924
1933
1925
1925
1933
1925
1926
1933
1925
1949
1935
1924
1943
1932
1925
1948
1924
1924
1944
1925
1924
1940
1929
1925
1946
1925
1933
1939
1931
1940
1945
1924
1933
1944
1927
1937
1943
1926
1934
1924
1924
1935
1942
1925
1946
1945
1936
1939
1950
1926
1935
1938
1924
1945
1933
1925
1933
1936
1924
1936
1926
1939
1936
1926
1925
1941
1930
1924
1944
1927
1925
1940
1930
1939
1933
1924
1933
1941
1926
1937
1943
1924
1935
1925
1924
1939
1924
1924
1936
1924
1925
1941
1924
1934
1939
1924
1937
1925
1929
1934
1926
1925
1933
1924
1929
1934
1924
1941
1933
1927
1932
1949
1933
1935
1926
1924
1929
1928
1926
1946
1925
1924
1939
1926
1936
1930
1924
1955
1932
1924
1935
1924
1926
1930
1924
1925
1934
1925
1924
1931
1924
2207
1946
1937
1925
1941
1938
1925
1945
1931
1925
1933
1957
1925
1932
1927
1925
1936
1926
1943
1932
1924
1946
1932
1924
1934
1940
1926
1938
1925
1924
1947
1924
1924
1933
1925
1926
1957
1924
1933
1935
1928
1940
1932
1924
1938
1933
1929
1953
1926
1924
1939
1924
1925
1953
1924
1924
1932
1926
1934
1947
1925
1934
1926
1924
1934
1925
1931
1935
1924
1924
1933
1926
1949
1933
1924
1946
1940
1937
1925
1933
1925
1925
1944
1928
1936
1932
1926
1935
1939
1924
1940
1944
1924
1936
1924
1926
1943
1924
1924
1947
1924
1924
1945
1926
1924
1946
1924
1934
1941
1934
1935
1945
1926
1934
1943
1929
1935
1944
1925
1934
1938
1926
1934
1924
1924
1933
1924
1925
1938
1924
1927
1934
1924
1924
1939
1924
1950
1935
1930
1927
1937
1924
1924
1946
1946
1924
1940
1925
1924
1944
1929
1925
1945
1929
1925
1942
1924
1934
1941
1926
1938
1960
1924
1933
1940
1925
1940
1924
1924
1933
1927
1924
1940
1924
1926
1934
1924
1942
1934
1929
1943
1932
1924
1944
1936
1929
1943
1924
1927
1941
1925
1926
1946
1925
1925
1939
1924
1938
1935
1924
1941
1934
1924
1944
1937
1924
1943
1925
1925
1942
1926
1928
1943
1924
1925
1944
1924
1937
1943
1926
1933
1943
1925
1933
1935
1924
1934
1924
1926
1934
1932
1924
1934
1924
1925
1932
1929
1925
1932
1934
1925
1944
1924
1924
1940
1924
1925
1942
1924
1938
1935
1924
1924
1932
1926
1936
1933
1925
1946
1933
1924
1932
1933
1926
1944
1948
1924
1936
1950
1925
1924
1936
1925
1930
1938
1927
1926
1942
1925
1924
1943
1924
1924
1939
1924
1927
1933
1925
1929
1945
1924
1941
1950
1924
1957
1954
1925
1925
1932
1927
1933
1975
1924
1931
1938
1925
1934
1942
1925
1940
1932
1929
1933
1955
1924
1933
1924
1925
1930
1924
1924
1951
1924
1925
1943
1925
1928
1933
1924
1925
1936
1924
1929
1935
1925
1924
1936
1924
1950
1935
1924
1939
1936
1925
1941
1939
1924
1933
1945
1924
1935
1943
1924
1935
1936
1924
1956
1924
1925
1935
1925
1925
1936
1925
1932
1937
1924
1924
1935
1924
1928
1947
1924
1925
1941
1924
1925
1935
1924
1925
1935
1924
1925
1940
1924
1925
1933
1925
1943
1938
1924
1947
1935
1925
1941
1933
1926
1947
1934
1925
1942
1925
1928
1971
1940
1932
1946
1934
1926
1948
1935
1924
1941
1924
1933
1945
1924
1924
1947
1924
1924
1945
1926
1924
1935
1925
1924
1946
1925
1925
1934
1926
1924
1940
1925
1943
1934
1925
1934
1947
1930
1938
1940
1924
1936
1948
1928
1935
1941
1926
1934
1924
1928
1936
1924
1924
1933
1925
1926
1946
1925
1925
1933
1925
1943
1937
1924
1952
1937
1925
1944
1935
1925
1945
1932
1926
1944
1925
1929
1942
1926
1924
1996
1925
1938
1960
1924
1924
1954
1926
1926
1966
1924
1926
1943
1924
1924
1936
1924
1925
1936
1925
1943
1936
1924
1943
1935
1925
1935
1935
1924
1944
1936
1924
1938
1933
1927
1933
1924
1924
1933
1924
1927
1933
1925
1925
1933
1924
1924
1934
1924
1924
1934
1926
1925
1939
1925
1943
1938
1930
1940
1940
1925
1935
1932
1924
1948
1934
1924
1940
1936
1924
1948
1924
1925
1935
1924
1925
1941
1986
1926
1947
1925
1924
1937
1924
1925
1948
1924
1924
1933
1924
1924
1941
1925
1953
1933
1927
1946
1940
1924
1949
1934
1924
1934
1944
1943
1941
1925
1924
1935
1925
1930
1945
1924
1925
1935
1925
1930
1939
1925
1924
1934
1925
1944
1934
1924
1930
1944
1924
1933
1939
1925
1943
1932
1924
1945
1941
1924
1947
1935
1927
1965
1924
1940
1934
1924
1924
1944
1924
1931
1952
1924
1925
1942
1925
1939
1938
1925
1936
1946
1925
1945
1931
1925
1934
1944
1927
1938
1946
1924
1937
1926
1924
1934
1930
1925
1943
1924
1924
1933
1926
1929
1935
1925
1947
1942
1924
1949
1933
1926
1946
1937
1929
1940
1959
1924
1934
1937
1924
1934
1954
1925
1952
1933
1925
1934
1950
1925
1939
1933
1924
1933
1930
1924
1935
1924
1924
1934
1924
1925
1939
1924
1924
1935
1924
1929
1939
1924
1925
1934
1931
1945
1938
1925
1942
1933
1924
1941
1931
1924
1932
1925
1927
1943
1928
1938
1951
1925
1934
1949
1925
1963
1941
1925
1934
1924
1924
1939
1924
1924
1933
1925
1925
1936
1925
1942
1933
1925
1939
1935
1929
1940
1924
1925
1940
1924
1927
1940
1925
1925
1939
1924
1936
1943
1925
1936
1940
1924
1939
1945
1924
1934
1924
1925
1943
1925
1925
1940
1924
1924
1944
1925
1937
1942
1930
1935
1936
1924
1935
1936
1925
1934
1938
1924
1934
1931
1924
1933
1926
1925
1935
1927
1926
1933
1925
1942
1933
1930
1954
1943
1924
1936
1939
1925
1942
1948
1924
1935
1939
1925
1941
1940
1924
1934
1924
1924
1938
1944
1925
