2053
2054
2062
2080
2052
2076
2064
2053
2068
2061
2055
2056
2067
2053
2053
2070
2053
2058
2069
2067
2054
2069
2061
2060
2053
2068
2053
2054
2071
2059
2053
2068
2061
2053
2068
2066
2053
2067
2062
2053
2054
2071
2059
2053
2063
2053
2053
2070
2066
2052
2068
2061
2060
2054
2065
2053
2053
2068
2053
2053
2057
2072
2053
2062
2070
2054
2054
2073
2052
2054
2069
2053
2054
2059
2073
2053
2064
2071
2055
2054
2073
2054
2054
2070
2053
2053
2066
2071
2072
2071
2065
2053
2053
2063
2053
2053
2062
2077
2054
2063
2068
2053
2053
2072
2053
2053
2060
2055
2053
2074
2062
2054
2064
2068
2053
2054
2070
2053
2053
2072
2066
2053
2062
2070
2053
2053
2059
2053
2053
2063
2072
2053
2059
2065
2053
2072
2068
2053
2053
2065
2054
2053
2070
2053
2053
2076
2062
2076
2052
2061
2053
2053
2062
2055
2053
2064
2058
2059
2065
2063
2052
2054
2097
2053
2065
2069
2076
2089
2053
2062
2053
2052
2075
2072
2053
2073
2061
2053
2061
2068
2073
2053
2072
2072
2063
2067
2061
2053
2057
2070
2052
2058
2064
2066
2053
2061
2070
2059
2065
2072
2055
2053
2068
2061
2053
2062
2068
2052
2061
2071
2053
2068
2059
2055
2070
2070
2053
2055
2062
2054
2053
2070
2055
2053
2062
2053
2055
2070
2069
2053
2093
2064
2053
2077
2067
2053
2053
2064
2054
2055
2066
2061
2053
2066
2061
2056
2053
2062
2053
2053
2063
2057
2053
2080
2053
2054
2062
2063
2053
2077
2063
2053
2072
2062
2055
2053
2063
2053
2054
2064
2068
2053
2065
2070
2053
2063
2085
2053
2060
2125
2063
2054
2066
2080
2052
2055
2066
2054
2053
2071
2052
2086
2062
2063
2053
2068
2061
2072
2066
2062
2053
2070
2064
2069
2069
2065
2060
2053
2082
2094
2054
2063
2073
2052
2068
2092
2053
2059
2078
2053
2053
2081
2053
2052
2071
2064
2053
2093
2061
2053
2078
2065
2053
2090
2061
2054
2072
2063
2053
2070
2064
2053
2054
2072
2067
2070
2070
2062
2056
2071
2066
2053
2071
2062
2054
2053
2067
2053
2053
2063
2054
2072
2074
2063
2053
2075
2063
2053
2053
2063
2053
2053
2062
2054
2053
2062
2093
2053
2064
2076
2053
2063
2079
2057
2054
2079
2055
2053
2071
2062
2056
2077
2061
2053
2089
2063
2052
2077
2062
2055
2069
2072
2053
2055
2073
2061
2069
2063
2053
2055
2071
2053
2065
2075
2053
2053
2072
2079
2056
2072
2062
2053
2073
2062
2057
2053
2063
2052
2053
2065
2055
2053
2062
2053
2055
2064
2067
2053
2064
2062
2053
2074
2063
2059
2070
2061
2055
2076
2062
2059
2053
2061
2053
2053
2061
2058
2063
2064
2069
2053
2064
2079
2053
2062
2074
2053
2062
2081
2053
2064
2071
2052
2053
2077
2053
2054
2082
2055
2053
2072
2053
2056
2068
2062
2053
2072
2063
2053
2072
2061
2055
2072
2058
2062
2055
2064
2053
2052
2065
2071
2053
2062
2072
2053
2053
2071
2053
2053
2070
2053
2053
2073
2060
2053
2062
2069
2055
2066
2069
2055
2331
2063
2080
2055
2063
2091
2053
2055
2078
2053
2053
2065
2072
2053
2058
2071
2054
2063
2073
2053
2055
2069
2053
2053
2072
2053
2053
2063
2068
2053
2131
2066
2054
2062
2063
2053
2053
2062
2053
2053
2062
2054
2053
2075
2064
2053
2069
2060
2053
2071
2064
2053
2069
2063
2053
2070
2063
2053
2063
2072
2064
2082
2058
2072
2067
2052
2055
2083
2061
2053
2094
2072
2052
2053
2068
2053
2057
2061
2054
2053
2068
2062
2058
2062
2064
2052
2073
2061
2057
2053
2063
2054
2053
2063
2073
2054
2066
2061
2053
2061
2070
2053
2053
2069
2054
2053
2071
2080
2060
2064
2067
2053
2066
2106
2053
2075
2094
2063
2055
2090
2063
2073
2053
2061
2056
2053
2061
2065
2052
2075
2078
2053
2071
2061
2053
2055
2070
2055
2052
2062
2069
2054
2068
2067
2053
2062
2069
2053
2057
2072
2053
2053
2066
2053
2058
2071
2060
2052
2072
2065
2057
2069
2063
2053
2053
2064
2061
2053
2061
2053
2055
2064
2075
2052
2063
2061
2052
2072
2066
2055
2053
2059
2053
2055
2065
2053
2052
2063
2076
2053
2065
2062
2055
2061
2073
2053
2067
2074
2053
2061
2065
2053
2054
2062
2055
2053
2065
2053
2053
2065
2062
2053
2065
2070
2053
2063
2061
2055
2053
2067
2057
2056
2077
2065
2053
2075
2061
2053
2066
2078
2053
2053
2071
2054
2053
2076
2061
2053
2069
2070
2053
2064
2087
2053
2053
2064
2053
2053
2073
2053
2053
2075
2065
2052
2060
2060
2053
2063
2053
2053
2082
2086
2090
2071
2061
2055
2063
2072
2053
2053
2074
2053
2053
2068
2054
2053
2059
2077
2054
2065
2064
2053
2062
2070
2053
2065
2065
2052
2053
2091
2053
2077
2063
2072
2076
2064
2099
2091
2053
2072
2053
2053
2075
2069
2053
2076
2061
2053
2072
2069
2053
2075
2064
2053
2069
2068
2072
2053
2066
2053
2054
2068
2069
2053
2063
2053
2054
2063
2092
2054
2060
2060
2052
2062
2060
2053
2053
2062
2053
2053
2060
2054
2053
2058
2060
2053
2066
2067
2053
2063
2073
2053
2058
2062
2055
2053
2061
2053
2058
2063
2076
2053
2062
2070
2057
2062
2073
2055
2053
2067
2057
2055
2064
2053
2053
2070
2065
2052
2074
2061
2052
2095
2066
2053
2055
2062
2053
2053
2065
2076
2052
2053
2071
2052
2058
2065
2073
2055
2062
2067
2058
2066
2072
2053
2054
2070
2057
2053
2071
2053
2053
2061
2076
2054
2062
2068
2053
2064
2079
2053
2053
2067
2053
2062
2065
2064
2053
2064
2069
2053
2068
2066
2052
2053
2063
2053
2056
2069
2073
2053
2073
2060
2057
2070
2066
2053
2072
2061
2055
2053
2066
2055
2053
2066
2055
2055
2066
2067
2053
2063
2063
2053
2073
2060
2053
2070
2061
2053
2055
2062
2053
2069
2075
2084
2053
2063
2062
2054
2062
2064
2059
2052
2089
2059
2056
2063
2068
2053
2062
2082
2062
2054
2067
2053
2053
2061
2068
2054
2063
2060
2052
2063
2060
2054
2061
2068
2053
2053
2060
2055
2054
2062
2053
2052
2061
2074
2053
2062
2073
2053
2062
2074
2054
2053
2060
2053
2054
2072
2053
2052
2060
2071
2053
2067
2073
2055
2062
2069
2053
2066
2071
2053
2053
2067
2055
2058
2070
2053
2054
2073
2059
2057
2072
2061
2052
2064
2066
2057
2053
2068
2054
2053
2073
2057
2053
2069
2053
2053
2064
2062
2053
2074
2062
2052
2073
2061
2053
2176
2065
2059
2052
2065
2075
2053
2062
2070
2055
2054
2070
2053
2054
2072
2053
2053
2073
2062
2052
2065
2069
2053
2063
2068
2053
2055
2070
2053
2056
2072
2053
2053
2060
2054
2059
2062
2071
2053
2061
2068
2059
2062
2061
2053
2063
2069
2058
2053
2068
2052
2055
2070
2064
2053
2074
2061
2053
2069
2067
2053
2053
2061
2053
2055
2065
2053
2053
2062
2067
2052
2082
2066
2053
2072
2083
2055
2059
2081
2061
2054
2070
2062
2059
2053
2061
2053
2053
2061
2057
2053
2075
2075
2054
2066
2075
2053
2063
2071
2053
2053
2074
2054
2076
2068
2060
2053
2077
2080
2053
2057
2067
2052
2057
2070
2063
2053
2062
2061
2057
2069
2065
2053
2062
2067
2056
2053
2076
2053
2053
2072
2057
2058
2066
2069
2053
2063
2072
2053
2054
2069
2053
2053
2065
2053
2053
2062
2053
2054
2062
2077
2053
2074
2063
2053
2066
2070
2052
2053
2063
2054
2053
2060
2052
2053
2071
2059
2052
2068
2064
2053
2059
2073
2054
2054
2068
2053
2055
2060
2053
2059
2076
2060
2055
2071
2060
2060
2073
2061
2053
2054
2060
2059
2053
2062
2071
2053
2062
2077
2053
2063
2071
2054
2062
2076
2053
2053
2072
2053
2060
2077
2069
2053
2061
2062
2054
2063
2063
2053
2064
2070
2053
2058
2076
2055
2053
2069
2053
2063
2074
2059
2053
2067
2060
2057
2073
2061
2053
2066
2059
