2193
2182
2182
2230
2194
2183
2188
2194
2199
2193
2195
2194
2201
2181
2197
2201
2182
2187
2197
2204
2183
2194
2201
2188
2183
2202
2191
2183
2183
2198
2199
2182
2193
2201
2198
2182
2182
2191
2203
2182
2198
2193
2184
2184
2196
2192
2188
2183
2192
2197
2183
2193
2202
2182
2182
2202
2192
2187
2188
2192
2199
2181
2194
2204
2182
2182
2195
2199
2181
2188
2200
2194
2182
2201
2191
2182
2182
2207
2194
2182
2188
2192
2206
2183
2192
2191
2192
2182
2196
2204
2183
2182
2207
2194
2183
2202
2191
2183
2184
2195
2196
2182
2193
2196
2182
2182
2192
2198
2182
2196
2204
2181
2182
2190
2199
2188
2182
2190
2191
2182
2209
2202
2183
2181
2201
2191
2186
2182
2191
2200
2184
2192
2214
2191
2184
2203
2190
2182
2185
2192
2198
2182
2192
2201
2182
2182
2193
2191
2197
2187
2192
2193
2182
2191
2226
2185
2206
2202
2333
2182
2190
2192
2233
2182
2183
2198
2196
2182
2182
2191
2198
2182
2197
2205
2183
2182
2197
2189
2184
2205
2195
2182
2223
2199
2191
2182
2198
2208
2181
2183
2191
2213
2186
2182
2193
2185
2182
2209
2195
2184
2183
2204
2193
2184
2193
2198
2182
2184
2193
2182
2182
2194
2200
2183
2182
2204
2192
2182
2200
2195
2182
2186
2191
2182
2183
2195
2198
2186
2204
2200
2224
2182
2182
2200
2191
2183
2198
2195
2186
2182
2202
2193
2183
2201
2194
2182
2183
2205
2194
2182
2203
2193
2184
2182
2190
2206
2186
2194
2202
2183
2184
2200
2195
2182
2205
2191
2196
2185
2184
2202
2183
2181
2198
2195
2187
2182
2192
2183
2182
2196
2204
2182
2192
2222
2184
2186
2203
2194
2184
2200
2190
2182
2184
2192
2198
2182
2193
2203
2182
2182
2202
2191
2186
2182
2193
2199
2182
2255
2208
2182
2182
2200
2198
2183
2205
2191
2184
2182
2198
2195
2184
2183
2190
2182
2184
2200
2199
2182
2182
2199
2193
2191
2202
2191
2183
2182
2193
2201
2182
2191
2200
2182
2182
2201
2192
2182
2182
2195
2192
2182
2199
2190
2184
2182
2202
2192
2182
2215
2196
2182
2188
2192
2199
2183
2182
2212
2193
2182
2198
2194
2183
2182
2191
2202
2182
2194
2201
2191
2182
2190
2201
2184
2184
2205
2191
2182
2205
2190
2182
2187
2190
2199
2183
2193
2199
2184
2183
2192
2203
2182
2185
2237
2193
2193
2211
2194
2201
2182
2182
2192
2232
2182
2194
2194
2187
2185
2200
2190
2182
2182
2206
2183
2182
2194
2190
2185
2182
2195
2196
2182
2227
2193
2184
2182
2202
2192
2183
2199
2201
2182
2182
2198
2201
2181
2197
2201
2182
2182
2191
2188
2190
2290
2192
2196
2182
2187
2194
2200
2182
2192
2192
2186
2182
2191
2193
2183
2194
2202
2182
2182
2192
2190
2181
2182
2192
2189
2182
2195
2201
2182
2181
2190
2199
2182
2186
2197
2191
2182
2190
2188
2188
2181
2190
2195
2182
2182
2190
2213
2182
2182
2192
2185
2182
2194
2196
2183
2182
2200
2200
2182
2199
2190
2182
2185
2190
2208
2183
2190
2198
2182
2182
2193
2442
2182
2200
2192
2205
2202
2198
2204
2201
2183
2183
2203
2181
2182
2198
2191
2182
2182
2198
2203
2182
2195
2197
2184
2182
2193
2210
2184
2182
2197
2182
2185
2196
2199
2182
2189
2203
2196
2183
2203
2191
2182
2183
2196
2200
2182
2192
2198
2186
2182
2196
2191
2185
2200
2197
2182
2184
2192
2214
2195
2182
2210
2192
2213
2188
2182
2192
2193
2187
2186
2192
2194
2183
2193
2197
2189
2181
2199
2191
2182
2183
2197
2197
2182
2194
2201
2186
2182
2198
2190
2182
2182
2197
2218
2182
2189
2199
2193
2185
2200
2190
2197
2182
2199
2216
2181
2183
2190
2192
2186
2191
2207
2182
2182
2204
2206
2183
2182
2206
2190
2182
2182
2190
2197
2190
2191
2191
2182
2182
2192
2191
2182
2195
2191
2183
2182
2193
2190
2184
2183
2193
2202
2182
2195
2204
2182
2182
2200
2195
2183
2197
2189
2185
2182
2189
2203
2184
2192
2189
2182
2184
2192
2193
2182
2199
2189
2182
2183
2192
2202
2182
2191
2198
2184
2183
2199
2196
2183
2187
2198
2184
2182
2188
2193
2185
2203
2189
2182
2184
2190
2211
2182
2192
2189
2182
2182
2192
2198
2182
2182
2204
2190
2182
2203
2193
2198
2182
2192
2188
2182
2183
2191
2191
2193
2193
2194
2201
2182
2198
2196
2182
2182
2218
2194
2183
2195
2202
2183
2198
2195
2190
2182
2207
2192
2182
2183
2201
2194
2181
2191
2206
2182
2186
2193
2202
2198
2199
2203
2185
2184
2203
2209
2182
2203
2196
2187
2182
2193
2218
2182
2186
2201
2192
2187
2193
2190
2182
2186
2201
2191
2182
2210
2193
2270
2182
2202
2193
2183
2188
2195
2195
2182
2182
2205
2199
2182
2182
2192
2191
2182
2210
2202
2182
2182
2197
2191
2182
2195
2190
2184
2182
2194
2200
2183
2191
2201
2182
2184
2204
2192
2182
2199
2192
2184
2182
2192
2197
2182
2191
2202
2185
2182
2199
2191
2184
2204
2191
2182
2185
2200
2198
2182
2184
2194
2199
2182
2201
2201
2188
2182
2201
2194
2184
2200
2193
2183
2182
2193
2194
2182
2198
2190
2184
2183
2192
2203
2184
2182
2200
2196
2184
2203
2190
2182
2184
2196
2198
2182
2193
2202
2182
2185
2232
2199
2189
2183
2199
2192
2182
2197
2194
2183
2186
2193
2198
2182
2182
2198
2195
2182
2198
2192
2182
2182
2195
2199
2182
2195
2197
2183
2183
2199
2193
2182
2198
2192
2182
2182
2196
2198
2182
2193
2199
2195
2182
2202
2190
2184
2182
2194
2199
2182
2193
2202
2182
2182
2198
2191
2188
2201
2195
2182
2182
2191
2199
2182
2195
2198
2182
2182
2201
2198
2182
2198
2203
2182
2191
2197
2194
2183
2182
2192
2230
2182
2182
2188
2193
2187
2190
2193
2182
2182
2190
2195
2182
2192
2212
2182
2182
2199
2190
2181
2199
2189
2183
2186
2190
2198
2182
2193
2206
2184
2183
2187
2192
2184
2201
2191
2182
2183
2198
2191
2185
2184
2190
2202
2181
2192
2205
2182
2182
2195
2198
2182
2193
2200
2182
2182
2190
2193
2182
2203
2193
2183
2182
2190
2204
2183
2194
2190
2182
2187
2201
2194
2181
2184
2192
2186
2183
2195
2198
2182
2182
2204
2194
2182
2200
2190
2182
2182
2194
2198
2182
2191
2202
2182
2182
2199
2211
2183
2185
2194
2195
2182
2191
2197
2186
2183
2198
2189
2182
2199
2201
2182
2182
2190
2198
2182
2193
2198
2183
2182
2199
2219
2183
2182
2196
2189
2184
2205
2191
2182
2182
2191
2198
2187
2182
2197
2190
2181
2201
2207
2182
2182
2191
2189
2190
2182
2191
2189
2182
2194
2193
2182
2181
2192
2193
2182
2182
2190
2203
2182
2190
2197
2190
2182
2193
2223
2182
2200
2208
2198
2192
2182
2215
2200
2181
2194
2202
2184
2184
2191
2199
2182
2193
2193
2185
2184
2192
2190
2182
2182
2193
2192
2182
2192
2197
2182
2186
2192
2205
2182
2195
2202
2185
2182
2202
2194
2184
2202
2192
2181
2184
2202
2191
2192
2182
2198
2195
2182
2201
2197
2182
2182
2193
2191
2181
2200
2193
2190
2182
2195
2195
2198
2182
2200
2196
2182
2207
2207
2182
2181
2207
2190
2191
2182
2197
2189
2185
2201
2214
2182
2184
2201
2190
2182
2220
2191
2183
2183
2201
2192
2199
2197
2193
2182
2181
2196
2216
2195
2194
2202
2184
2188
2188
2198
2184
2183
2197
2205
2183
2205
2207
2182
2184
2208
2206
2182
2192
2190
2187
2200
2201
2195
2182
2193
2195
2198
2181
2189
2184
2182
2194
2192
2182
2182
2191
2183
2188
2191
2190
2182
2182
2191
2204
2182
2193
2191
2182
2182
2209
2199
2182
2188
2202
2190
2198
2195
2190
2183
2205
2194
2198
2184
2202
2189
2182
2209
2193
2182
2183
2530
2195
2215
2182
2192
2205
2218
2188
2231
2211
2183
2182
2199
2187
2182
2204
2191
2182
2182
2214
2200
2182
2192
2199
