2310
2322
2324
2333
2316
2321
2320
2310
2310
2333
2318
2320
2310
2330
2322
2330
2311
2310
2320
2319
2310
2311
2324
2320
2311
2311
2332
2327
2310
2311
2322
2319
2311
2312
2334
2319
2311
2317
2324
2330
2310
2313
2319
2322
2310
2312
2332
2321
2316
2312
2322
2337
2319
2310
2320
2317
2326
2310
2321
2324
2321
2310
2311
2323
2319
2311
2310
2319
2319
2311
2313
2320
2327
2311
2320
2321
2328
2323
2310
2338
2322
2331
2310
2313
2330
2319
2310
2312
2332
2322
2311
2313
2336
2327
2311
2311
2320
2320
2311
2311
2319
2318
2312
2321
2322
2327
2327
2311
2322
2341
2323
2310
2314
2321
2329
2310
2310
2320
2326
2314
2310
2331
2321
2325
2310
2329
2323
2320
2315
2313
2321
2320
2311
2318
2320
2318
2314
2310
2319
2324
2310
2312
2355
2321
2318
2311
2328
2327
2324
2310
2311
2321
2328
2311
2311
2320
2329
2311
2313
2333
2319
2311
2311
2320
2328
2311
2311
2329
2321
2312
2311
2322
2326
2310
2328
2331
2320
2310
2311
2311
2313
2341
2330
2344
2314
2320
2326
2320
2312
2340
2321
2318
2344
2311
2320
2320
2311
2327
2326
2320
2312
2311
2320
2337
2310
2312
2320
2331
2328
2311
2318
2326
2310
2311
2334
2321
2312
2311
2319
2336
2310
2310
2316
2338
2310
2327
2319
2319
2311
2310
2324
2332
2311
2312
2336
2319
2351
2310
2321
2337
2318
2311
2326
2323
2328
2311
2321
2339
2320
2311
2350
2319
2323
2312
2319
2328
2324
2311
2327
2318
2329
2311
2311
2328
2334
2312
2311
2316
2319
2329
2429
2321
2331
2311
2311
2324
2322
2312
2311
2338
2336
2311
2311
2323
2320
2311
2327
2324
2331
2311
2311
2348
2321
2310
2311
2321
2329
2326
2311
2329
2321
2311
2310
2320
2327
2312
2311
2329
2336
2310
2311
2321
2320
2311
2343
2325
2330
2311
2320
2344
2323
2311
2329
2322
2325
2327
2323
2330
2321
2311
2345
2324
2324
2313
2320
2327
2337
2310
2326
2351
2329
2317
2318
2337
2348
2368
2312
2354
2334
2330
2312
2341
2354
2330
2312
2312
2320
2342
2327
2311
2322
2322
2311
2327
2322
2333
2313
2310
2331
2340
2310
2312
2322
2332
2327
2311
2328
2322
2311
2310
2338
2326
2312
2311
2325
2345
2310
2311
2332
2324
2310
2327
2323
2340
2324
2310
2339
2327
2322
2312
2330
2321
2346
2311
2330
2323
2319
2325
2310
2327
2336
2331
2312
2312
2333
2321
2310
2311
2319
2327
2314
2311
2326
2319
2313
2321
2326
2319
2312
2327
2321
2332
2313
2311
2324
2321
2313
2329
2318
2324
2312
2324
2328
2330
2310
2310
2323
2324
2312
2311
2319
2333
2310
2313
2321
2326
2311
2311
2327
2321
2311
2311
2328
2321
2313
2311
2327
2324
2310
2311
2326
2319
2321
2311
2329
2320
2326
2311
2323
2329
2317
2313
2331
2323
2327
2311
2328
2319
2330
2311
2311
2318
2329
2311
2315
2330
2320
2316
2311
2323
2327
2312
2311
2324
2330
2312
2311
2319
2336
2312
2310
2319
2317
2312
2315
2331
2318
2311
2332
2326
2340
2315
2321
2310
2353
2324
2311
2310
2334
2321
2314
2310
2330
2322
2311
2311
2327
2327
2311
2311
2320
2332
2321
2312
2332
2323
2331
2313
2311
2349
2318
2312
2314
2321
2322
2312
2311
2320
2336
2311
2311
2328
2320
2314
2310
2323
2328
2311
2310
2334
2325
2327
2310
2321
2332
2324
2310
2328
2324
2325
2310
2311
2347
2332
2354
2356
2318
2320
2328
2311
2317
2362
2326
2316
2310
2332
2320
2327
2320
2325
2324
2319
2315
2311
2318
2319
2320
2312
2319
2319
2310
2310
2328
2341
2334
2310
2321
2339
2322
2310
2326
2319
2334
2311
2315
2336
2319
2312
2314
2323
2327
2328
2315
2335
2321
2312
2310
2320
2331
2315
2310
2333
2336
2312
2311
2322
2327
2311
2310
2324
2324
2311
2311
2318
2328
2311
2314
2327
2330
2311
2311
2333
2325
2311
2310
2318
2332
2321
2310
2322
2322
2320
2322
2331
2318
2328
2311
2319
2333
2311
2311
2334
2317
2316
2311
2320
2326
2310
2319
2332
2328
2317
2310
2327
2326
2328
2311
2311
2318
2318
2314
2311
2320
2321
2312
2314
2320
2324
2313
2311
2318
2330
2312
2311
2328
2319
2312
2310
2319
2327
2313
2311
2334
2321
2310
2311
2327
2323
2311
2311
2321
2329
2311
2316
2320
2320
2311
2311
2331
2324
2310
2311
2317
2325
2320
2311
2319
2321
2317
2311
2330
2324
2310
2311
2319
2328
2329
2311
2313
2330
2320
2312
2311
2320
2352
2359
2314
2320
2319
2320
2311
2329
2323
2321
2311
2311
2319
2311
2328
2332
2358
2354
2310
2334
2326
2311
2310
2327
2320
2365
2310
2322
2329
2311
2317
2349
2320
2311
2311
2320
2353
2310
2311
2327
2319
2316
2326
2324
2335
2310
2311
2351
2325
2323
2311
2320
2337
2337
2311
2326
2320
2328
2334
2328
2327
2320
2311
2330
2320
2310
2310
2321
2331
2326
2310
2326
2319
2327
2310
2338
2328
2318
2312
2331
2322
2326
2312
2322
2329
2319
2328
2341
2319
2329
2312
2324
2325
2319
2312
2333
2320
2346
2312
2321
2331
2318
2315
2345
2320
2329
2311
2321
2348
2320
2310
2330
2319
2328
2316
2321
2320
2320
2311
2322
2329
2320
2310
2311
2324
2321
2311
2324
2318
2331
2313
2329
2319
2327
2310
2322
2321
2321
2310
2311
2333
2328
2310
2310
2325
2319
2310
2312
2321
2323
2310
2311
2336
2319
2310
2310
2345
2329
2350
2311
2310
2332
2321
2315
2311
2319
2317
2313
2312
2320
2330
2312
2310
2328
2323
2310
2310
2322
2326
2310
2310
2328
2321
2327
2311
2323
2321
2319
2311
2322
2328
2320
2311
2319
2332
2318
2314
2334
2320
2331
2311
2323
2323
2329
2310
2322
2328
2322
2312
2338
2322
2324
2310
2325
2320
2329
2311
2322
2328
2320
2312
2333
2319
2323
2314
2323
2330
2313
2311
2320
2336
2322
2310
2328
2319
2337
2311
2323
2325
2319
2312
2331
2323
2325
2316
2319
2330
2323
2313
2325
2317
2323
2316
2423
2322
2326
2311
2313
2322
2321
2311
2311
2319
2325
2310
2310
2321
2325
2312
2310
2323
2321
2318
2311
2324
2328
2311
2311
2320
2335
2321
2311
2333
2322
2333
2310
2323
2332
2320
2311
2333
2321
2328
2310
2324
2328
2323
2311
2334
2328
2310
2312
2324
2331
2320
2310
2328
2323
2311
2310
2323
2326
2311
2311
2319
2327
2321
2313
2322
2328
2321
2313
2614
2326
2395
2313
2310
2323
2319
2317
2311
2321
2327
2321
2314
2336
2319
2325
2310
2321
2336
2320
2311
2326
2321
2310
2311
2322
2333
2311
2311
2332
2325
2310
2311
2321
2331
2311
2310
2326
2320
2311
2315
2324
2327
2310
2310
2331
2325
2311
2311
2322
2329
2314
2316
2334
2321
2311
2310
2325
2319
2310
2311
2323
2322
2310
2310
2323
2338
2320
2314
2334
2319
2330
2311
2323
2328
2319
2312
2330
2318
2330
2312
2311
2328
2319
2314
2316
2327
2325
2313
2311
2321
2320
2312
2311
2319
2328
2311
2315
2332
2327
2311
2314
2329
2324
2310
2311
2326
2324
2311
2311
2319
2330
2314
2310
2331
2336
2311
2311
2324
2330
2310
2311
2326
2324
2331
2311
2327
2323
2310
2323
2329
2320
2310
2311
2325
2331
2311
2310
2330
2319
2314
2310
2320
2317
2310
2310
2326
2318
2311
2311
2321
2325
2316
2312
2319
2319
2311
2311
2323
2320
2311
2312
2322
2331
2310
2312
2365
2320
2371
2314
2311
2341
2321
2315
2311
2333
2321
2311
2314
2322
2329
2311
2310
2334
2325
2336
2310
2324
2327
2322
2326
2318
2321
2321
2310
2325
2320
2333
2311
2333
2318
2335
2311
2312
2319
2318
2322
2313
2320
2318
2311
2312
2325
2323
2310
2318
2322
2328
2310
2311
2319
2323
2317
2310
2321
2317
2330
2311
2323
2330
2319
2310
2336
2318
2329
2311
2322
2330
2327
2319
2310
2320
2320
2311
2311
2329
2328
2311
2310
2331
2329
