2453
2455
2439
2453
2454
2477
2454
2458
2439
2448
2453
2455
2439
2439
2451
2457
2447
2439
2441
2448
2457
2448
2447
2439
2449
2450
2454
2445
2450
2457
2451
2439
2443
2462
2450
2457
2439
2439
2466
2448
2458
2439
2440
2453
2459
2451
2439
2457
2455
2457
2439
2440
2458
2447
2445
2445
2439
2448
2447
2462
2439
2441
2453
2456
2450
2440
2441
2448
2456
2449
2439
2458
2448
2458
2440
2439
2458
2450
2458
2440
2441
2449
2448
2456
2441
2453
2457
2457
2441
2439
2449
2456
2451
2439
2441
2451
2453
2456
2439
2441
2457
2450
2440
2440
2453
2453
2450
2439
2439
2459
2451
2453
2442
2449
2451
2458
2439
2442
2455
2450
2456
2439
2451
2464
2459
2467
2441
2454
2449
2447
2446
2439
2441
2450
2456
2447
2439
2439
2449
2462
2448
2440
2454
2449
2460
2439
2439
2456
2449
2457
2439
2440
2453
2448
2461
2439
2449
2453
2448
2441
2439
2449
2453
2447
2440
2439
2447
2453
2454
2439
2461
2448
2453
2439
2439
2452
2447
2444
2439
2441
2439
2448
2517
2490
2440
2493
2450
2465
2440
2439
2486
2448
2466
2440
2441
2464
2455
2450
2443
2440
2448
2457
2439
2443
2459
2452
2472
2439
2445
2452
2452
2465
2439
2440
2450
2456
2441
2438
2461
2453
2457
2439
2456
2458
2453
2457
2439
2475
2456
2448
2440
2441
2454
2455
2450
2444
2439
2457
2469
2454
2443
2439
2460
2467
2439
2443
2450
2456
2468
2439
2440
2460
2451
2464
2439
2441
2461
2449
2452
2455
2458
2452
2448
2439
2455
2449
2458
2452
2439
2455
2450
2454
2781
2439
2446
2500
2468
2476
2477
2441
2482
2449
2469
2439
2439
2489
2450
2467
2439
2440
2472
2448
2458
2444
2453
2454
2448
2441
2443
2454
2456
2466
2439
2443
2453
2454
2464
2439
2470
2453
2447
2439
2442
2456
2458
2454
2439
2456
2461
2454
2448
2439
2466
2450
2457
2440
2439
2458
2448
2439
2443
2449
2454
2463
2441
2442
2450
2454
2466
2439
2459
2450
2448
2439
2439
2460
2452
2457
2439
2458
2451
2461
2439
2441
2474
2451
2460
2440
2440
2458
2456
2456
2445
2440
2457
2470
2453
2448
2439
2451
2473
2449
2442
2439
2447
2473
2439
2439
2461
2456
2453
2439
2442
2455
2449
2459
2458
2439
2460
2452
2460
2455
2450
2459
2450
2439
2455
2451
2447
2452
2439
2439
2465
2455
2454
2439
2462
2442
2440
2447
2467
2459
2445
2439
2448
2480
2448
2452
2439
2461
2452
2439
2442
2461
2447
2450
2439
2441
2463
2447
2446
2439
2439
2452
2456
2439
2440
2457
2465
2452
2442
2441
2445
2457
2451
2441
2440
2453
2447
2460
2439
2450
2454
2448
2441
2440
2445
2458
2446
2439
2441
2444
2482
2447
2441
2461
2449
2459
2440
2439
2452
2456
2447
2440
2439
2451
2448
2439
2440
2456
2448
2460
2440
2439
2445
2446
2460
2439
2440
2452
2447
2451
2440
2441
2461
2449
2449
2440
2448
2465
2496
2439
2442
2459
2460
2465
2440
2447
2449
2447
2461
2439
2441
2448
2455
2484
2439
2439
2449
2463
2482
2439
2439
2458
2448
2448
2445
2452
2451
2455
2449
2440
2461
2452
2455
2439
2440
2454
2457
2450
2440
2440
2448
2457
2442
2441
2462
2448
2457
2442
2440
2450
2457
2448
2439
2439
2460
2449
2455
2441
2446
2460
2448
2449
2439
2463
2452
2456
2439
2439
2462
2453
2446
2439
2456
2449
2464
2440
2440
2449
2473
2447
2439
2467
2451
2454
2446
2440
2477
2457
2451
2441
2440
2481
2446
2447
2439
2439
2455
2459
2448
2442
2440
2449
2447
2446
2444
2439
2447
2446
2439
2439
2445
2448
2450
2439
2440
2456
2448
2446
2439
2448
2461
2452
2441
2439
2452
2453
2460
2439
2455
2456
2449
2457
2439
2456
2452
2447
2460
2441
2439
2470
2447
2444
2439
2454
2485
2450
2441
2439
2462
2466
2453
2439
2457
2463
2448
2457
2440
2451
2460
2450
2456
2439
2450
2458
2448
2456
2459
2448
2459
2438
2442
2457
2448
2460
2441
2439
2483
2447
2461
2439
2440
2466
2452
2449
2440
2463
2464
2455
2440
2444
2450
2457
2465
2439
2443
2450
2459
2465
2440
2443
2451
2454
2455
2441
2461
2452
2455
2441
2440
2457
2452
2456
2439
2465
2458
2452
2439
2439
2462
2452
2454
2452
2439
2480
2450
2453
2446
2439
2439
2450
2451
2453
2439
2439
2448
2457
2459
2439
2439
2452
2454
2443
2439
2455
2448
2454
2439
2442
2460
2448
2439
2440
2452
2455
2447
2439
2439
2452
2453
2448
2440
2460
2448
2457
2443
2439
2460
2447
2458
2440
2443
2451
2447
2459
2439
2449
2439
2451
2475
2460
2459
2439
2440
2448
2461
2439
2562
2461
2451
2459
2450
2438
2458
2447
2456
2446
2439
2455
2446
2458
2444
2449
2453
2447
2439
2439
2452
2456
2446
2439
2451
2454
2456
2440
2441
2457
2454
2448
2439
2439
2450
2454
2446
2439
2460
2453
2456
2444
2439
2455
2450
2453
2446
2439
2451
2450
2441
2439
2465
2459
2449
2439
2439
2454
2448
2451
2439
2441
2457
2448
2453
2439
2463
2456
2497
2447
2463
2482
2464
2453
2452
2441
2439
2444
2491
2448
2439
2440
2447
2454
2453
2439
2439
2453
2450
2461
2440
2447
2457
2447
2456
2440
2448
2448
2448
2459
2440
2454
2448
2453
2442
2440
2448
2457
2439
2443
2467
2447
2462
2439
2439
2476
2451
2467
2439
2439
2462
2448
2439
2440
2448
2460
2464
2440
2440
2449
2458
2450
2439
2439
2460
2452
2461
2439
2450
2456
2450
2442
2441
2448
2453
2450
2450
2455
2448
2448
2456
2439
2467
2465
2447
2438
2439
2452
2452
2447
2446
2439
2462
2481
2454
2439
2440
2456
2451
2439
2439
2452
2456
2468
2439
2441
2457
2448
2458
2440
2439
2459
2448
2469
2478
2439
2450
2448
2450
2441
2451
2454
2451
2440
2443
2462
2447
2450
2439
2443
2464
2446
2452
2440
2441
2449
2452
2439
2441
2449
2455
2453
2440
2439
2457
2453
2454
2440
2440
2449
2462
2449
2439
2459
2665
2462
2468
2439
2439
2449
2465
2485
2439
2440
2447
2459
2441
2446
2456
2448
2458
2441
2439
2456
2448
2459
2439
2450
2454
2449
2439
2439
2451
2456
2448
2440
2461
2449
2455
2439
2439
2453
2455
2456
2439
2439
2450
2457
2440
2439
2448
2451
2456
2440
2442
2471
2451
2460
2441
2451
2452
2451
2441
2439
2464
2451
2459
2440
2450
2464
2450
2439
2440
2452
2456
2450
2439
2441
2449
2453
2440
2439
2460
2448
2456
2440
2439
2458
2450
2454
2439
2451
2460
2448
2439
2441
2450
2458
2450
2442
2440
2458
2456
2454
2439
2440
2456
2449
2455
2439
2453
2455
2455
2439
2441
2449
2455
2459
2439
2439
2465
2458
2460
2456
2439
2458
2447
2455
2442
2439
2456
2446
2450
2440
2457
2447
2451
2439
2439
2448
2447
2447
2439
2442
2451
2459
2439
2440
2447
2453
2466
2439
2439
2446
2472
2447
2439
2439
2459
2450
2466
2439
2448
2657
2458
2495
2439
2454
2455
2482
2455
2439
2456
2449
2448
2441
2439
2452
2448
2458
2442
2439
2459
2449
2456
2439
2455
2456
2449
2439
2440
2455
2455
2447
2440
2454
2455
2457
2439
2438
2456
2451
2460
2439
2439
2454
2451
2442
2439
2451
2454
2451
2442
2439
2459
2457
2460
2439
2440
2459
2448
2458
2439
2452
2459
2449
2439
2439
2453
2455
2452
2439
2462
2448
2456
2440
2440
2459
2448
2452
2439
2457
2455
2456
2441
2439
2459
2447
2447
2439
2445
2449
2446
2448
2440
2457
2448
2452
2441
2439
2464
2449
2448
2439
2457
2449
2453
2439
2440
2461
2448
2456
2439
2449
2457
2448
2443
2439
2463
2460
2455
2439
2440
2469
2453
2458
2439
2452
2456
2468
2439
2440
2451
2456
2448
2440
2439
2448
2448
2439
2439
2449
2449
2462
2439
2439
2448
2455
2454
2439
2439
2448
2454
2454
2439
2440
2447
2455
2439
2442
2451
2453
2468
2439
2452
2451
2456
2457
2449
