1  0.0010242085661080075  0.0033333333333333335  0.0
500  0.41793296089385473  0.5466666666666666  0.41333333333333333
1000  0.8481378026070763  1.0066666666666666  0.84
1500  1.2824394785847302  1.4033333333333333  1.27
2000  1.7097951582867783  1.8566666666666667  1.6966666666666668
2500  2.144245810055866  2.3833333333333333  2.1266666666666665
3000  2.5768715083798885  3.6566666666666667  2.5533333333333332
3500  2.9996461824953444  3.1  2.9833333333333334
4000  3.4313594040968343  3.54  3.4133333333333336
4500  3.8628677839851027  4.033333333333333  3.84
5000  4.292458100558659  4.42  4.27
5500  4.72024208566108  4.816666666666666  4.696666666666666
6000  5.154078212290503  5.306666666666667  5.126666666666667
6500  5.578938547486033  5.743333333333333  5.553333333333334
7000  6.016275605214153  6.383333333333334  5.983333333333333
7500  6.444860335195531  7.16  6.413333333333333
8000  6.878826815642459  7.1433333333333335  6.84
8500  7.308882681564246  7.78  7.27
9000  7.734636871508379  8.123333333333333  7.7
9500  8.159962756052142  8.296666666666667  8.13
10000  8.592756052141528  8.883333333333333  8.556666666666667
