1  0.0013594040968342644  0.0033333333333333335  0.0
500  0.4202979515828678  0.6166666666666667  0.41333333333333333
1000  0.8530353817504656  1.0433333333333332  0.8433333333333334
1500  1.2832402234636873  1.46  1.27
2000  1.7143947858472999  1.8966666666666667  1.7
2500  2.14145251396648  2.32  2.13
3000  2.5751024208566107  2.743333333333333  2.5566666666666666
3500  3.004040968342644  3.1333333333333333  2.986666666666667
4000  3.436629422718808  3.56  3.4133333333333336
4500  3.864748603351955  3.97  3.8433333333333333
5000  4.304972067039106  4.433333333333334  4.27
5500  4.725679702048417  4.903333333333333  4.7
6000  5.154338919925512  5.253333333333333  5.126666666666667
6500  5.583612662942272  5.943333333333333  5.556666666666667
7000  6.010744878957169  6.1033333333333335  5.986666666666666
7500  6.443221601489758  6.58  6.413333333333333
8000  6.884376163873371  8.063333333333333  6.843333333333334
8500  7.309795158286779  7.513333333333334  7.273333333333333
9000  7.7387895716946  7.923333333333333  7.703333333333333
9500  8.171359404096833  8.756666666666666  8.13
10000  8.594785847299812  8.91  8.56
