2590
2591
2631
2675
2605
2574
2588
2636
2632
2604
2586
2587
2615
2586
2588
2586
2602
2589
2574
2574
2598
2589
2586
2607
2586
2574
2575
2584
2582
2597
2594
2599
2574
2610
2582
2588
2605
2585
2574
2591
2593
2611
2585
2593
2584
2575
2607
2597
2587
2580
2574
2592
2583
2589
2592
2587
2595
2574
2581
2589
2581
2608
2574
2574
2590
2585
2600
2590
2588
2574
2580
2612
2584
2589
2575
2613
2612
2585
2587
2583
2574
2593
2594
2591
2581
2585
2592
2575
2584
2597
2584
2608
2574
2574
2584
2590
2614
2590
2574
2574
2586
2605
2591
2595
2574
2574
2592
2589
2584
2585
2587
2584
2580
2603
2584
2586
2593
2586
2574
2590
2598
2592
2589
2574
2583
2589
2592
2601
2582
2574
2574
2588
2588
2582
2594
2585
2584
2601
2658
2594
2584
2968
2586
2612
2587
2574
2584
2596
2616
2587
2609
2584
2586
2602
2595
2634
2587
2574
2600
2586
2627
2609
2586
2590
2574
2615
2585
2592
2590
2574
2575
2587
2591
2587
2590
2587
2574
2574
2587
2602
2575
2591
2646
3041
2629
2608
2582
2574
2574
2673
2590
2588
2595
2626
2599
2574
2591
2584
2609
2588
2574
2574
2582
2601
2591
2584
2575
2574
2608
2592
2590
2585
2574
2600
2590
2591
2584
2591
2606
2583
2585
2585
2589
2605
2591
2574
2574
2588
2606
2590
2585
2574
2574
2606
2592
2584
2588
2574
2592
2589
2584
2591
2586
2592
2574
2584
2589
2586
2611
2575
2585
2589
2588
2611
2585
2574
2574
2574
2606
2586
2589
2574
2616
2592
2586
2588
2588
2631
2616
2574
2588
2585
2590
2606
2584
2574
2574
2589
2604
2589
2588
2574
2574
2603
2585
2590
2584
2575
2590
2596
2586
2587
2584
2594
2574
2586
2583
2595
2602
2574
2574
2584
2595
2602
2575
2575
2578
2595
2602
2585
2575
2574
2589
2606
2581
2587
2614
2574
2595
2586
2582
2580
2574
2595
2574
2587
2581
2588
2600
2574
2591
2603
2710
2610
2710
2574
2574
2591
2632
2592
2885
2662
2617
2582
2592
2592
2588
2605
2593
2575
2574
2588
2608
2594
2587
2575
2574
2609
2594
2589
2594
2574
2598
2596
2588
2590
2590
2592
2576
2588
2590
2589
2612
2577
2574
2589
2589
2609
2591
2574
2575
2588
2607
2598
2574
2574
2589
2606
2589
2590
2574
2574
2609
2592
2590
2590
2574
2593
2589
2589
2589
2590
2585
2577
2592
2588
2588
2598
2592
2586
2657
2935
2587
2579
2574
2630
2592
2584
2587
2574
2616
2575
2589
2584
2590
2615
2575
2574
2587
2584
2628
2586
2574
2574
2585
2628
2586
2594
2574
2574
2630
2584
2584
2595
2574
2616
2590
2587
2595
2585
2618
2574
2587
2591
2585
2633
2574
2574
2591
2586
2632
2585
2574
2574
2585
2631
2586
2596
2673
2589
2632
2656
2608
2586
2588
2626
2596
2594
2588
2601
2626
2574
2584
2588
2589
2627
2603
2574
2574
2592
2626
2591
2581
2585
2574
2624
2606
2582
2589
2574
2616
2592
2582
2598
2586
2616
2574
2586
2588
2585
2643
2574
2574
2585
2592
2629
2588
2594
2574
2574
2632
2587
2585
2588
2586
2600
2587
2595
2588
2587
2602
2585
2587
2587
2597
2589
2575
2574
2593
2591
2585
2598
2574
2574
2592
2600
2589
2584
2585
2574
2599
2587
2595
2591
2574
2583
2594
2586
2590
2583
2574
2574
2597
2592
2587
2585
2586
2574
2574
2597
2584
2585
2588
2575
2597
2605
2602
2593
2585
2607
2574
2574
2603
2674
2903
2614
2583
2574
2619
2597
2591
2582
2594
2593
2590
2588
2597
2587
2603
2619
2575
2574
2595
2609
2614
2587
2585
2574
2606
2613
2593
2588
2575
2592
2605
2589
2597
2595
2593
2589
2589
2587
2596
2611
2590
2575
2588
2591
3002
2609
2608
2575
2574
2594
2715
2593
2587
2585
2603
2574
2597
2597
2585
2592
2574
2574
2587
2613
2603
2585
2574
2574
2596
2593
2601
2588
2574
2574
2600
2590
2586
2599
2591
2577
2584
2584
2584
2587
2606
2574
2574
2604
2584
2589
2586
2579
2574
2613
2598
2587
2584
2588
2616
2574
2587
2595
2589
2629
2574
2574
2586
2590
2639
2591
2574
2580
2574
2631
2591
2598
2583
2574
2628
2585
2588
2584
2609
2618
2574
2597
2583
2590
2625
2588
2574
2583
2607
2660
2583
2574
2584
2593
2624
2603
2584
2575
2574
2632
2589
2583
2608
2574
2616
2590
2583
2592
2590
2627
2574
2582
2590
2583
2634
2574
2587
2587
2586
2630
2581
2574
2574
2605
2627
2591
2585
2574
2574
2615
2596
2591
2583
2589
2593
2574
2591
2595
2588
2624
2574
2575
2582
2586
2637
2592
2574
2589
2583
2574
2588
2589
2814
2625
2614
2574
2587
2648
2604
2601
2594
2574
2588
2601
2583
2587
2600
2586
2574
2578
2594
2587
2596
2595
2574
2574
2586
2588
2587
2587
2575
2574
2604
2592
2588
2592
2585
2575
2581
2587
2587
2598
2574
2574
2583
2586
2592
2598
2574
2574
2588
2596
2585
2603
2585
2574
2599
2584
2585
2585
2574
2598
2584
2586
2586
2580
2617
2574
2588
2586
2586
2642
2588
2574
2574
2594
2632
2588
2590
2574
2574
2634
2598
2593
2586
2585
2618
2589
2589
2597
2610
2646
2585
2589
2585
2599
2640
2574
2575
2596
2586
2633
2633
2585
2574
2595
2643
2593
2587
2574
2585
2633
2591
2597
2603
2574
2618
2601
2587
2588
2598
2617
2574
2587
2599
2588
2636
2584
2574
2589
2588
2641
2585
2574
2589
2595
2632
2591
2587
2574
2579
2637
2591
2592
2595
2595
2621
2574
2602
2586
2593
2772
2574
2675
2588
2602
2754
2591
2595
2574
2574
2639
2594
2586
2594
2585
2620
2590
2873
2584
2590
2619
2584
2574
2589
2584
2636
2587
2575
2585
2587
2646
2599
2593
2574
2574
2637
2595
2585
2596
2574
2622
2594
2597
2590
2574
2597
2758
2586
2585
2595
2626
2574
2585
2588
2584
2602
2594
2574
2574
2599
2588
2589
2583
2585
2574
2588
2593
2585
2587
2574
2579
2583
2581
2605
2586
2576
2574
2575
2585
2592
2596
2586
2574
2574
2586
2589
2581
2593
2574
2622
2603
2583
2590
2584
2610
2574
2583
2594
2585
2621
2574
2591
2574
2597
2639
2584
2584
2574
2585
2631
2583
2594
2592
2574
2628
2598
2585
2596
2596
2620
2574
2603
2587
2592
2629
2585
2574
2574
2594
2632
2586
2595
2584
2574
2634
2597
2587
2590
2575
2618
2584
2586
2598
2585
2620
2574
2587
2591
2584
2923
2598
2589
2585
2591
2706
2599
2595
3117
2599
2586
2574
2585
2591
2605
2586
2574
2585
2574
2620
2585
2590
2588
2574
2623
2587
2591
2597
2590
2613
2585
2600
2588
2591
2632
2574
2574
2586
2599
2621
2585
2584
2574
2589
2631
2596
2596
2574
2584
2630
2586
2607
2586
2591
2614
2584
2593
2584
2601
2627
2575
2574
2593
2589
2623
2606
2574
2574
2589
2631
2597
2585
2585
2574
2624
2593
2586
2591
2574
2623
2595
2585
2589
2585
2611
2574
2597
2593
2588
2666
2580
2574
2574
2617
2635
2588
2588
2574
2574
2635
2624
2584
2587
2583
2612
2588
2605
2597
2597
2612
2576
2589
2595
2597
2637
2574
2574
2598
2594
2632
2591
2588
2574
2586
2634
2589
2582
2574
2587
2631
2586
2604
2587
2574
2613
2598
2591
2586
2612
2613
2574
2584
2603
2584
2629
2588
2574
2575
2583
3050
2591
2594
2574
2579
2768
2639
2587
2592
2597
2574
2574
2587
2600
2629
2589
2574
2574
2574
2626
2598
2587
2579
2574
2631
2587
2590
2596
2589
2616
2580
2580
2588
2589
2657
2575
2574
2589
2589
2644
2593
2587
2574
2588
2644
2710
2586
2574
2578
2595
2588
2590
2584
2574
2577
2574
2591
2585
2597
2578
2574
2585
2589
2586
2591
2574
2574
2574
2587
2584
2585
2590
2575
2574
2592
2585
2582
2593
2574
2578
2586
2582
2584
2587
2577
2574
2593
2584
2590
2594
2574
2574
2580
2585
2593
2586
2574
2574
2585
2590
2586
2633
2574
2574
2587
2592
2583
2589
2574
2584
