293
259
259
259
260
260
259
260
260
259
318
259
260
259
265
260
260
259
260
260
259
259
259
259
259
260
270
269
260
259
259
260
259
259
260
259
259
260
260
259
279
259
259
260
283
260
259
259
260
260
259
260
260
259
259
259
259
285
260
260
259
272
260
259
273
260
259
259
260
260
260
279
259
259
271
259
273
259
260
260
259
260
260
260
259
259
259
268
273
276
260
260
259
260
259
260
260
259
260
259
260
272
260
259
271
260
260
268
259
260
260
260
260
272
260
260
260
276
259
259
260
260
260
260
260
260
272
260
259
259
260
260
260
260
268
259
259
260
273
259
260
260
260
259
260
259
260
268
259
260
259
268
260
259
259
259
290
259
260
260
259
271
259
260
259
259
260
260
260
268
260
260
260
260
259
260
259
259
259
260
260
260
260
260
260
260
259
260
259
259
313
259
280
260
260
259
295
259
259
259
259
260
259
259
260
260
260
260
259
259
279
260
271
260
260
260
259
259
260
286
260
260
260
259
259
260
260
259
268
259
260
260
275
259
259
259
259
259
259
260
260
259
259
260
260
289
267
260
259
259
260
263
259
260
288
260
259
260
260
260
260
259
259
259
271
268
260
260
260
260
260
259
259
260
259
259
260
260
260
260
259
259
260
259
260
259
263
260
259
259
259
260
259
259
259
259
259
259
259
271
260
260
289
259
260
260
260
259
259
260
260
259
260
260
260
259
260
259
259
259
269
259
260
259
260
276
260
259
259
260
259
260
260
260
260
260
259
260
260
280
260
260
259
297
260
259
260
259
260
259
259
259
259
259
260
260
278
268
260
260
260
259
259
260
259
259
260
259
260
274
259
260
259
260
259
279
259
260
260
259
260
260
260
259
260
260
260
260
260
259
260
259
260
259
260
260
259
260
260
260
259
259
260
260
260
259
260
279
259
259
275
260
260
278
259
260
260
260
283
259
259
259
259
259
259
259
318
260
260
260
260
260
260
260
260
259
260
260
259
268
259
260
259
264
259
260
260
259
259
259
260
259
268
259
260
262
259
259
259
259
260
273
260
260
259
272
260
273
260
259
259
259
260
259
308
259
260
259
260
260
259
259
260
259
260
260
259
270
259
259
260
259
259
266
260
259
259
259
269
260
260
259
260
260
259
282
260
260
265
260
259
259
259
260
259
259
259
259
269
260
260
260
259
260
260
259
259
260
259
260
259
270
260
259
260
260
260
260
260
259
259
259
260
259
269
260
260
259
260
259
259
259
260
260
260
259
260
300
260
260
260
260
260
259
259
260
259
260
260
270
273
260
259
259
259
259
260
259
260
259
260
260
259
259
289
259
259
260
259
260
260
267
260
260
259
259
260
269
259
259
260
375
315
272
260
260
259
273
260
260
259
260
260
260
260
259
260
259
260
260
259
289
259
259
260
260
259
260
259
259
260
260
260
260
260
259
260
265
260
260
259
260
259
260
259
259
273
259
259
260
260
260
271
260
260
259
259
259
259
259
260
260
259
259
259
289
259
260
259
260
273
260
260
290
279
259
260
260
260
260
260
259
259
274
259
260
260
259
260
260
260
260
269
260
259
260
260
259
259
260
259
260
259
260
260
260
260
260
260
259
259
259
262
260
260
259
260
260
259
259
259
259
260
259
259
260
260
297
260
260
262
270
260
259
260
260
259
260
260
260
260
260
260
260
260
259
271
259
262
260
259
260
259
259
260
259
260
269
260
260
260
259
259
259
259
260
262
260
259
260
271
259
260
260
259
260
260
260
259
290
259
259
260
259
260
260
259
260
278
260
259
259
283
260
259
260
271
260
259
260
259
260
260
260
260
259
260
260
260
272
259
260
259
260
259
259
260
260
295
259
260
263
268
260
259
260
259
259
259
260
259
260
259
259
260
259
259
259
260
259
260
267
259
270
259
259
259
260
260
260
259
260
260
259
259
259
260
271
259
259
260
260
260
259
259
259
260
259
259
259
259
260
308
259
259
260
260
260
259
263
260
285
259
259
259
260
260
259
259
260
259
260
259
260
260
260
270
259
259
305
259
260
260
260
259
259
259
260
260
260
260
259
270
259
260
260
259
259
260
259
260
260
260
260
259
260
265
260
273
259
259
260
291
260
260
260
260
260
268
259
259
259
260
260
259
260
259
262
260
260
259
259
265
259
259
260
259
260
259
262
260
260
259
260
260
259
260
260
260
260
259
260
260
263
260
260
260
259
259
260
260
259
259
260
259
260
260
260
259
259
259
260
260
259
259
260
279
260
260
270
259
260
260
260
260
309
259
260
260
259
259
271
260
260
260
260
259
260
268
259
259
259
259
259
260
259
265
260
259
260
260
313
260
260
259
259
260
259
259
260
259
259
259
260
297
259
260
260
260
259
260
260
260
260
259
259
260
302
259
259
260
259
294
259
260
260
260
260
260
260
259
260
260
260
260
259
260
259
260
286
260
259
260
260
260
260
259
260
270
259
260
260
259
260
260
259
259
259
260
270
264
260
260
260
260
259
260
260
259
259
273
260
260
260
260
260
259
260
261
270
259
260
259
260
260
260
260
260
260
259
260
260
259
260
260
262
259
260
260
259
270
260
259
259
260
259
272
260
260
260
260
260
259
260
259
312
260
260
260
260
259
260
260
260
259
259
260
260
319
260
260
260
275
259
260
260
259
259
260
259
260
295
260
259
260
260
259
260
260
259
302
265
259
259
259
260
260
259
259
260
260
259
259
271
260
259
259
260
259
260
259
260
287
260
260
259
266
259
260
260
260
274
259
260
259
259
260
259
260
259
314
260
259
259
259
260
260
259
260
259
259
260
260
259
259
259
262
259
270
259
259
260
260
259
259
260
273
260
259
260
260
260
260
259
259
262
271
260
259
259
259
259
259
260
260
291
259
260
260
259
259
260
259
259
272
259
260
259
271
260
260
259
259
260
260
260
259
327
260
260
259
260
291
260
259
260
259
259
259
260
307
259
259
260
259
259
259
259
259
276
262
273
259
260
260
259
260
259
303
259
260
259
260
260
260
259
259
