390
388
388
388
388
388
398
388
394
399
388
388
417
395
389
388
388
388
388
388
468
388
389
388
388
388
393
433
388
404
394
388
388
388
388
388
389
388
399
389
388
388
389
388
388
389
388
388
388
388
402
388
392
401
389
388
388
388
389
388
388
388
389
388
389
388
388
389
398
388
388
388
415
389
388
388
411
388
388
388
388
388
388
405
388
388
389
398
398
388
388
388
407
388
399
388
388
388
388
391
388
389
398
388
388
388
388
388
389
388
389
388
388
401
388
389
395
388
389
388
388
388
389
414
388
388
388
388
400
388
391
388
388
388
389
388
388
389
388
388
388
388
388
427
388
388
388
389
399
388
388
388
388
388
399
389
388
388
403
388
388
388
388
388
388
388
388
388
388
388
398
388
388
401
388
388
392
388
388
388
388
388
388
406
404
388
388
388
460
388
416
388
388
388
389
423
388
388
388
398
388
388
388
388
388
388
388
388
389
388
399
388
388
389
388
388
388
388
388
388
388
399
400
388
388
389
401
388
388
388
416
388
404
399
388
388
388
388
388
388
388
389
388
388
399
388
388
431
388
388
389
388
388
388
388
388
388
388
388
388
388
399
388
415
388
442
388
388
388
399
558
403
388
389
388
388
400
388
389
388
405
388
388
388
388
389
388
388
388
388
388
424
388
388
388
400
388
388
388
388
389
388
388
389
388
388
388
389
388
388
388
388
391
388
388
389
388
388
407
389
388
389
400
388
388
388
388
388
389
388
388
388
389
402
389
388
389
388
388
388
388
388
388
388
395
424
389
388
388
400
388
388
388
417
388
388
388
388
388
398
388
389
388
388
388
388
388
388
388
389
388
388
388
388
388
388
388
388
388
388
389
388
388
388
388
388
389
388
401
389
388
388
418
388
388
388
401
389
389
388
396
388
388
388
410
388
388
388
388
401
388
418
388
397
389
388
518
388
388
388
467
388
466
411
388
388
388
398
390
388
388
388
388
388
388
388
388
395
402
388
389
388
388
389
400
389
388
388
388
388
399
388
388
421
388
388
388
401
388
388
395
433
388
388
388
388
388
388
388
388
389
388
388
388
388
388
388
388
388
388
411
388
388
389
418
388
388
388
388
388
388
388
390
388
388
399
388
388
388
388
389
388
388
389
388
389
398
388
388
388
388
403
388
388
388
433
388
388
389
388
389
388
388
388
389
388
399
388
399
389
388
388
388
399
388
388
388
388
388
388
389
388
388
388
388
443
388
389
389
398
391
388
388
388
389
388
388
388
388
388
388
397
388
388
397
388
388
388
415
389
388
389
388
389
388
388
388
389
388
388
388
388
388
388
401
434
391
388
389
412
389
388
407
388
388
394
401
388
389
393
388
419
388
388
388
388
388
412
388
389
388
402
388
388
388
416
388
421
388
402
388
388
388
388
388
388
388
389
388
388
401
389
389
388
389
389
389
388
388
389
388
388
396
388
389
413
416
388
388
388
388
389
388
388
389
388
388
388
388
388
388
388
388
400
388
389
388
388
388
389
388
388
396
388
402
389
422
388
388
407
399
404
388
388
388
388
394
389
388
388
389
388
389
388
388
399
388
403
388
389
389
388
389
428
397
388
388
402
388
388
388
389
389
388
399
388
388
389
388
388
388
388
388
388
388
388
399
388
405
397
388
388
388
388
388
388
388
388
388
388
388
388
397
388
396
388
388
388
410
388
388
402
388
388
388
388
388
388
407
388
403
388
388
389
388
389
389
389
388
389
388
388
388
388
406
405
404
423
391
399
388
388
388
388
388
388
445
430
401
388
395
389
388
388
388
388
388
389
388
388
388
389
388
415
389
388
388
398
388
389
388
388
389
388
388
388
388
393
388
388
388
388
389
388
388
388
388
388
388
388
397
388
388
388
388
388
388
388
388
388
388
388
388
388
388
393
388
389
388
408
388
388
388
406
388
389
388
388
388
388
388
388
388
388
388
388
388
388
429
388
388
388
402
402
393
388
388
388
388
389
388
398
388
388
388
389
388
388
388
388
397
399
388
388
390
389
389
388
388
389
388
388
388
388
388
388
406
388
389
388
388
388
388
388
388
388
398
388
389
389
389
402
388
389
388
389
388
388
388
388
388
388
388
388
388
388
388
388
398
388
388
388
388
388
388
393
388
388
388
388
389
394
388
391
388
388
389
388
388
388
417
388
389
388
388
389
388
388
388
391
389
388
388
401
388
388
388
389
388
402
388
389
388
422
388
388
389
388
388
388
388
388
388
388
398
388
388
388
422
388
388
389
403
388
389
388
431
388
388
388
388
388
388
388
389
388
388
404
389
388
388
389
389
388
388
389
388
388
388
394
388
389
388
388
388
388
388
405
388
388
388
388
388
388
388
388
388
388
388
391
413
402
404
388
388
388
412
388
389
388
389
388
388
388
388
391
421
388
388
388
388
400
388
402
388
415
388
388
388
388
388
388
388
388
388
388
403
388
389
388
417
388
389
388
400
401
388
388
674
388
388
420
389
399
388
401
388
389
388
388
388
388
408
390
388
388
388
389
388
388
388
388
388
400
388
388
389
412
412
388
388
409
388
389
388
397
388
388
393
399
388
388
388
405
388
388
388
389
388
388
388
388
388
388
389
388
389
388
388
388
388
408
388
388
388
388
388
388
388
388
388
388
388
399
388
388
388
388
388
388
388
388
389
389
400
388
403
388
388
388
416
388
389
388
412
393
392
388
431
388
388
388
401
388
388
388
418
399
388
388
402
388
388
389
388
388
388
389
401
388
388
388
388
389
388
388
388
398
388
388
398
388
389
388
388
388
388
388
388
388
388
398
388
388
388
389
388
388
388
388
388
388
388
426
388
388
388
403
388
388
388
421
388
388
399
403
388
388
388
419
388
388
388
388
388
389
431
388
388
389
388
388
389
388
388
388
388
399
388
388
388
389
388
389
388
388
388
388
388
388
417
388
389
388
399
388
388
388
424
389
388
389
388
388
389
389
397
388
388
388
388
389
388
388
389
388
388
411
388
388
388
389
388
388
388
388
388
