517
561
517
516
517
517
517
517
565
517
517
527
517
517
554
517
517
517
516
533
527
517
517
516
529
517
517
516
517
517
516
686
517
518
544
517
517
527
517
524
517
516
517
516
517
516
517
528
517
517
517
517
517
516
517
517
517
528
517
517
527
517
517
517
517
517
517
545
530
516
517
517
517
516
548
517
517
529
530
516
517
517
516
517
517
517
517
526
528
517
517
517
517
517
517
517
517
553
516
517
529
516
518
517
516
517
517
517
519
516
533
517
517
527
517
519
516
516
517
517
516
517
516
531
517
516
527
517
516
517
560
516
517
517
517
517
517
517
517
516
527
517
517
517
517
516
517
544
517
516
530
517
516
516
516
528
517
545
517
516
517
516
517
517
516
516
517
559
517
517
517
517
516
516
517
517
517
526
517
517
517
516
517
530
517
517
542
584
530
528
517
521
530
621
530
517
517
517
517
517
517
517
536
516
517
522
516
538
517
541
516
517
517
516
517
516
527
516
517
517
517
545
517
531
517
516
517
517
517
517
517
517
528
756
516
559
548
516
530
531
517
517
517
517
517
516
541
517
517
560
525
545
517
517
516
517
529
517
517
517
532
517
517
517
544
517
529
517
517
517
525
517
517
531
516
516
516
560
516
517
528
517
517
555
517
517
517
516
517
517
570
559
517
516
516
516
517
517
516
517
529
516
516
517
517
517
517
530
517
516
517
516
517
516
530
517
516
517
516
517
565
531
517
517
517
516
517
517
516
516
517
516
517
517
528
517
517
517
517
516
517
528
517
516
517
517
517
517
570
532
517
517
517
516
516
526
516
517
517
516
517
517
528
517
517
517
517
517
517
520
516
517
563
517
517
517
516
540
516
542
517
517
517
517
516
517
529
517
517
517
517
557
516
541
517
516
517
517
516
517
542
517
516
517
516
517
517
517
517
517
517
517
517
526
517
579
530
517
517
516
517
517
517
517
516
517
547
541
517
522
517
516
517
532
517
517
517
516
517
517
533
517
516
517
520
517
516
533
517
530
517
516
517
517
532
517
529
516
517
521
516
557
516
516
517
517
517
517
552
517
517
516
517
519
517
516
516
516
517
530
517
517
517
517
517
535
517
516
517
517
517
517
530
517
517
516
517
516
517
530
700
529
553
517
551
516
517
516
517
557
517
517
516
518
517
517
517
517
517
530
517
517
556
517
516
517
516
522
517
545
516
517
517
517
517
517
516
517
530
532
517
528
517
517
516
517
530
517
516
517
517
516
517
517
516
517
548
516
522
516
516
517
517
543
516
517
517
517
516
516
549
516
520
517
517
517
516
517
530
516
516
517
517
517
517
530
517
530
567
524
517
535
517
516
516
517
531
516
558
517
517
559
517
517
517
536
517
517
554
517
517
517
517
517
516
525
526
517
517
530
516
532
517
517
517
536
517
517
517
517
517
516
517
535
517
528
516
517
517
516
517
517
540
517
517
528
517
535
517
517
516
517
517
517
517
538
517
517
517
517
516
535
529
516
526
562
517
517
517
517
516
517
529
517
517
526
516
533
517
528
517
517
516
521
530
517
517
517
517
613
517
516
560
517
521
536
517
517
527
516
517
517
517
521
552
517
517
517
564
516
517
543
620
517
517
517
517
516
517
516
517
533
517
517
530
516
517
517
517
517
517
550
517
517
530
517
517
517
517
517
517
548
516
529
528
516
516
517
517
517
517
531
517
517
517
517
517
517
516
517
517
529
516
517
536
516
516
517
517
516
516
550
516
532
517
517
517
517
534
517
517
516
517
516
517
590
517
517
517
517
517
528
517
528
516
517
517
517
516
517
516
526
516
517
517
517
550
536
517
517
517
543
517
517
517
529
517
517
517
517
516
517
517
517
552
517
517
516
517
517
530
537
517
516
517
516
516
516
517
517
517
537
517
517
517
517
517
517
546
546
517
517
516
516
517
541
517
517
517
516
517
517
541
517
517
516
517
517
516
517
517
516
532
516
516
517
517
517
516
533
517
516
542
516
516
517
516
517
517
529
516
517
527
516
516
516
544
517
516
517
517
517
516
517
517
517
573
517
517
517
516
516
517
553
516
517
516
516
517
517
545
517
517
516
517
517
517
517
516
516
529
517
517
517
516
516
516
531
516
530
516
517
516
517
516
517
517
546
517
527
517
517
517
517
534
516
516
517
517
517
516
556
517
562
517
517
517
517
517
517
516
532
516
517
517
517
517
517
539
517
516
517
517
516
517
531
522
516
517
516
517
517
649
517
516
547
516
530
517
517
517
517
517
516
517
641
517
517
535
517
516
516
517
517
517
546
517
517
517
517
517
517
517
517
517
529
517
516
517
517
516
516
543
516
516
516
517
531
517
517
517
517
532
517
517
516
517
517
518
530
516
517
517
517
516
517
517
531
517
542
517
517
539
517
516
517
541
517
517
517
517
517
517
540
517
516
517
524
517
517
517
517
517
533
516
517
516
517
516
517
529
519
517
516
517
516
517
541
517
516
517
517
517
516
531
607
517
533
516
516
516
516
528
517
517
517
517
517
527
517
517
517
517
533
517
525
516
516
516
516
529
517
527
517
516
517
517
532
517
517
517
516
517
517
548
525
517
522
517
517
517
517
517
517
547
517
517
517
517
517
517
561
517
517
517
531
517
517
516
517
517
531
516
517
517
559
517
517
534
517
516
517
517
517
516
543
516
517
517
517
516
516
517
517
517
522
517
517
517
516
517
517
543
517
522
529
516
517
516
543
517
517
517
516
517
526
544
517
559
516
516
516
517
517
517
525
531
516
517
516
517
517
517
529
517
528
517
517
517
517
532
517
517
517
516
517
548
517
516
517
517
516
517
517
530
516
575
516
517
517
560
517
517
542
525
517
517
517
517
516
541
517
516
517
539
517
517
517
517
517
528
516
522
517
517
517
517
534
516
517
517
517
517
517
546
517
517
516
517
517
517
530
516
559
542
516
516
517
516
517
517
541
517
517
527
516
517
522
531
517
517
517
516
516
517
527
516
517
517
517
517
516
517
517
527
527
517
