646
659
645
645
656
656
645
667
645
646
653
683
645
656
645
645
654
646
645
646
645
656
645
645
645
645
645
645
645
645
664
645
646
657
645
645
656
645
645
645
645
645
656
646
645
645
646
646
645
645
645
645
645
645
645
665
656
645
645
645
646
646
646
646
645
646
645
645
645
645
645
645
645
646
656
645
645
646
645
729
673
645
645
742
657
646
650
671
645
646
665
655
669
676
645
645
661
645
653
667
646
645
670
645
646
664
645
645
662
645
646
667
645
646
655
645
645
697
645
646
657
645
646
669
646
645
656
645
646
667
645
646
658
645
659
677
646
646
657
645
645
665
694
660
660
645
645
672
648
645
646
645
659
645
645
650
645
646
646
645
648
645
645
645
645
658
646
672
658
659
645
671
645
646
655
645
645
668
653
645
645
656
645
645
645
646
664
652
646
646
697
658
646
645
645
645
646
645
645
645
645
645
645
646
645
645
646
645
645
646
645
645
646
645
645
667
655
645
672
646
645
658
645
645
679
656
645
664
670
645
679
645
645
645
645
645
646
674
646
646
645
652
645
645
646
646
645
646
645
645
651
645
645
646
673
645
645
662
645
645
655
646
645
646
645
645
646
645
646
656
645
645
645
645
645
645
669
645
655
659
645
645
681
645
646
660
646
657
676
645
645
645
646
646
645
645
646
645
645
645
645
645
646
645
646
656
645
645
645
646
657
645
646
677
645
646
661
645
646
653
646
645
749
645
645
656
645
645
673
645
671
658
658
654
665
646
645
655
646
645
654
645
645
654
648
645
645
645
651
655
645
645
646
645
646
646
645
647
646
646
645
645
676
646
645
660
645
645
671
645
646
658
645
645
645
646
645
645
646
645
645
645
645
648
645
645
645
645
645
646
645
645
645
646
651
646
645
645
646
645
646
646
645
655
646
760
645
661
645
645
672
646
645
661
658
646
673
722
645
662
779
645
658
646
645
646
645
646
646
646
645
645
645
646
646
666
645
649
645
646
645
646
645
646
646
646
646
656
646
648
645
645
646
646
646
645
645
656
646
645
664
645
648
645
645
645
646
645
646
646
645
645
645
646
645
646
645
645
645
645
645
645
646
656
646
664
646
648
646
645
645
772
645
645
646
647
645
645
646
645
716
645
645
645
646
645
645
645
645
646
651
646
665
645
658
645
645
670
646
645
657
646
678
656
649
645
655
645
645
645
645
645
645
646
645
688
645
647
645
646
646
646
646
646
661
646
646
645
648
645
646
680
646
656
661
646
645
677
646
645
660
645
646
673
645
645
660
655
646
658
645
656
675
680
645
662
645
646
669
656
646
646
646
645
645
645
645
713
650
659
645
645
646
646
645
646
645
645
645
645
656
646
645
645
646
645
646
646
645
645
645
646
646
646
648
645
645
645
645
645
645
645
645
645
646
661
656
645
645
646
645
645
645
645
646
659
645
645
659
661
646
646
646
645
645
645
646
645
646
645
716
646
656
657
646
645
679
645
645
657
645
645
669
682
646
658
645
645
675
646
657
657
645
646
645
646
647
673
645
656
673
645
646
659
646
646
645
645
664
659
645
646
651
646
645
645
645
645
645
646
646
645
645
646
646
656
645
657
645
646
646
645
645
690
645
645
645
645
646
645
645
645
655
645
645
676
645
645
659
646
645
656
645
646
668
645
645
646
664
645
659
645
645
645
646
645
646
646
645
646
646
645
645
645
645
645
645
645
659
645
645
645
658
645
646
687
645
646
658
646
646
681
645
645
656
645
659
645
645
645
645
645
646
656
650
645
645
645
645
646
665
645
645
674
645
646
699
663
645
676
656
645
663
645
645
670
646
645
658
654
645
668
645
645
656
645
645
645
655
645
646
646
656
645
645
645
656
645
645
646
645
646
646
645
645
664
645
646
646
645
646
645
645
645
656
645
645
646
716
645
645
645
647
663
645
645
645
645
645
662
676
656
646
645
646
645
645
645
645
645
645
645
654
646
645
645
645
646
645
659
645
645
645
646
646
673
645
646
659
646
656
645
646
687
645
645
655
658
667
674
646
645
645
646
646
646
645
645
645
645
645
667
645
646
645
672
645
646
678
645
645
655
645
645
689
646
645
645
646
645
645
646
646
645
646
645
646
670
645
645
645
646
645
645
645
646
645
645
646
645
645
656
645
646
645
645
645
645
646
656
645
645
664
645
645
645
645
645
646
645
645
645
645
646
645
646
645
645
645
645
646
645
645
645
645
655
646
664
645
646
646
646
645
645
646
645
646
667
645
645
658
645
646
685
646
645
658
645
645
668
645
645
685
645
645
671
646
645
658
645
645
668
646
646
658
664
646
674
646
645
669
646
657
668
645
645
657
645
655
671
646
645
657
645
645
668
645
646
658
645
664
671
645
645
657
646
656
669
645
646
645
645
645
645
651
646
646
646
645
645
657
660
672
645
681
699
646
645
669
646
645
664
645
645
651
645
645
648
647
646
656
659
645
646
646
645
646
645
645
645
668
645
645
646
645
646
645
645
645
645
646
645
645
655
645
645
645
658
645
645
646
645
646
645
645
645
646
646
645
646
646
645
645
645
645
645
645
645
690
646
645
646
645
656
645
677
646
646
657
645
645
692
645
645
657
645
645
655
646
645
645
656
645
645
656
645
646
645
645
645
645
645
646
645
646
646
645
645
645
667
646
645
662
646
645
656
646
645
684
645
645
657
645
645
645
645
645
645
645
645
645
645
645
645
645
645
656
645
645
645
645
645
645
646
646
681
675
645
645
656
645
645
669
645
645
658
645
646
946
645
645
645
645
645
645
645
645
645
646
669
646
645
646
713
646
646
646
645
677
645
645
646
668
646
656
645
646
673
646
646
656
645
646
655
645
645
660
645
645
657
645
645
672
646
646
659
645
663
677
645
646
655
645
645
668
645
645
655
645
646
676
645
645
656
646
645
669
645
645
660
646
645
656
650
645
654
645
645
645
645
646
659
645
646
645
646
645
645
645
645
645
646
645
646
645
645
646
657
657
646
645
645
645
645
645
645
645
