774
785
774
774
774
774
774
774
774
811
774
785
774
774
795
774
774
775
774
774
774
774
821
774
774
789
774
774
774
774
784
774
774
789
785
775
785
774
774
790
774
774
774
774
774
774
784
780
774
774
796
774
774
774
774
774
774
784
786
774
774
816
790
774
774
774
774
774
775
784
774
774
804
774
774
774
774
774
785
774
799
774
774
782
774
774
795
774
774
774
774
774
784
774
785
774
774
840
774
775
783
774
778
919
774
803
790
774
774
774
775
774
806
780
786
774
774
774
774
774
774
785
774
774
786
774
778
774
774
782
774
774
786
774
774
774
774
785
774
774
791
774
775
784
774
774
774
774
785
774
774
787
775
774
787
774
774
774
774
774
774
774
786
774
774
822
773
774
774
774
774
825
774
799
774
774
789
774
774
789
774
774
774
788
774
794
805
794
774
800
848
774
803
774
832
794
774
780
774
774
774
774
774
799
774
774
797
774
774
774
774
774
789
778
784
774
774
788
774
774
774
774
785
774
776
785
775
774
805
774
776
774
774
774
774
794
799
774
784
786
774
774
774
787
774
774
791
803
774
774
786
774
774
774
798
774
775
774
790
774
774
785
781
774
773
774
774
774
774
774
774
774
784
774
774
795
774
774
801
774
774
775
774
774
774
774
798
775
774
782
774
774
787
774
774
774
774
774
774
774
774
774
774
783
774
774
806
774
774
774
774
787
773
785
774
774
796
783
774
787
787
774
774
795
774
774
774
774
794
774
774
780
774
774
787
774
774
785
774
774
795
774
774
788
774
774
774
774
804
774
774
785
774
774
774
774
774
774
774
774
774
774
800
785
774
786
773
774
791
774
774
774
774
780
774
774
792
774
774
799
774
774
774
804
823
774
775
784
774
774
812
774
789
774
774
774
774
774
774
774
774
786
774
774
804
774
774
774
792
774
774
774
807
787
874
774
774
774
775
774
773
802
787
809
786
790
773
774
774
774
774
773
786
775
787
795
774
774
774
774
785
774
774
799
774
775
774
774
775
774
774
782
774
774
788
774
774
796
774
774
774
774
797
774
774
784
775
774
774
774
785
774
774
796
774
775
784
775
774
774
792
785
774
775
787
774
774
774
774
775
774
796
796
775
774
785
774
774
774
774
774
774
774
796
774
774
786
774
774
787
774
774
774
774
818
774
774
784
774
774
774
774
774
774
775
798
774
774
799
774
774
774
774
798
774
774
786
774
774
774
774
787
774
774
787
775
774
788
817
774
774
774
786
774
775
795
775
785
785
774
774
774
774
774
774
774
784
774
774
789
774
774
798
781
774
774
774
774
774
774
787
774
774
798
774
774
779
793
788
780
774
785
790
774
774
774
783
774
775
786
774
773
811
774
774
775
774
774
774
774
788
775
775
789
774
774
774
774
774
774
780
781
774
774
783
784
774
773
774
774
775
774
775
774
774
778
774
774
788
774
774
774
774
774
774
775
796
774
774
784
774
775
783
774
774
774
774
775
774
775
808
774
774
785
774
774
784
778
774
774
774
802
902
774
782
820
774
774
774
788
775
774
788
775
819
785
773
774
774
773
799
774
774
798
792
774
773
774
784
774
774
799
774
774
774
793
774
774
774
822
774
774
774
774
774
779
774
774
777
774
800
774
774
787
779
774
800
774
779
774
776
774
774
774
798
774
774
789
774
774
826
774
774
774
774
774
774
787
789
774
774
794
783
776
787
781
774
799
774
774
774
775
774
775
775
790
774
774
797
774
774
787
774
774
774
775
787
774
791
774
774
785
774
774
784
774
785
775
774
793
782
774
774
774
774
774
774
774
775
774
785
774
774
789
774
774
804
774
791
774
774
774
774
774
857
773
774
786
774
774
774
774
774
774
774
793
774
774
788
774
774
774
774
783
774
774
802
799
774
774
783
774
774
774
801
774
774
787
818
774
774
774
774
774
775
781
788
774
814
776
774
774
774
774
773
774
774
774
774
783
774
778
798
775
774
786
774
774
774
774
774
774
805
829
774
774
798
774
774
783
775
774
774
774
776
775
774
817
774
774
787
774
774
774
774
788
797
774
788
774
774
785
774
774
774
774
774
776
774
786
774
787
795
774
774
786
774
774
774
789
774
774
774
780
774
774
797
774
774
785
774
817
774
774
775
774
774
802
774
775
785
774
777
827
788
774
774
773
774
774
774
774
774
774
785
774
774
799
774
774
774
774
774
774
775
774
816
774
798
775
774
798
774
774
775
774
787
777
786
782
774
774
784
775
780
802
774
773
774
786
774
774
774
791
775
774
784
774
775
803
774
816
774
775
774
775
774
774
774
774
799
774
777
957
774
774
774
788
799
774
774
786
774
774
827
774
774
779
774
791
774
774
788
774
773
780
774
775
774
774
796
774
774
791
774
774
788
799
774
774
774
774
774
774
782
774
774
798
789
774
774
774
774
774
774
774
774
774
780
774
775
804
774
791
773
774
774
774
774
774
774
774
821
783
774
799
774
774
774
785
774
774
774
791
774
774
799
785
774
785
774
774
774
789
774
793
774
783
774
774
808
774
774
793
774
774
790
794
774
774
774
809
774
774
782
774
774
813
789
774
774
774
774
774
774
774
774
774
798
773
778
782
774
774
775
774
786
774
775
774
774
774
806
774
784
782
774
774
791
774
774
775
774
789
778
774
780
774
774
784
774
774
788
774
774
799
774
790
774
774
788
774
774
774
774
774
787
774
793
774
774
788
774
774
789
774
774
773
818
796
774
774
786
774
774
774
775
774
774
790
793
774
774
793
774
775
783
774
774
774
775
813
774
774
783
774
788
774
774
774
774
774
784
774
779
774
774
774
774
774
782
779
774
798
784
774
786
774
774
775
774
774
774
774
774
777
774
783
774
774
785
774
774
774
774
774
774
784
780
774
774
812
774
774
787
774
774
774
776
784
774
774
808
774
774
789
774
774
796
774
777
774
774
774
774
775
788
774
774
797
774
774
784
774
774
774
774
805
774
774
796
774
774
786
774
782
774
774
784
774
774
797
784
780
786
784
774
