902
903
956
950
913
903
1074
902
902
914
902
902
903
922
931
902
1058
902
902
903
903
922
903
913
902
902
927
903
903
903
902
913
902
903
903
902
914
902
902
903
903
915
903
903
938
903
913
902
903
902
903
915
902
902
902
902
914
903
902
905
902
914
903
903
903
902
940
903
918
949
902
905
904
926
902
1100
902
902
902
987
925
902
902
903
914
911
902
927
903
902
903
902
927
902
902
903
903
925
902
918
902
916
925
903
902
921
902
922
902
903
907
903
921
912
902
922
903
923
903
902
918
903
912
916
912
902
902
915
902
926
909
902
902
902
924
903
902
907
902
918
903
902
902
903
914
902
913
903
903
913
903
904
932
902
902
902
903
928
903
902
902
902
918
902
902
903
903
916
904
903
903
902
917
903
903
902
903
921
947
902
916
927
902
902
932
975
1078
902
902
1084
903
913
902
914
915
903
916
902
903
903
902
911
955
902
903
902
922
902
903
916
902
930
902
903
902
903
948
903
902
913
902
903
903
945
923
902
903
902
902
919
903
916
902
903
918
902
902
903
902
911
907
902
902
902
1007
902
903
902
902
921
902
903
902
916
911
903
902
903
902
911
916
902
902
903
915
944
903
903
915
913
903
902
923
902
903
915
902
902
902
911
903
903
902
903
943
903
902
902
902
923
902
930
903
903
908
903
941
1050
903
902
902
1095
903
913
902
903
968
909
902
903
916
910
903
902
903
903
955
903
927
903
903
912
902
903
902
916
913
944
902
902
902
912
903
902
903
902
917
935
902
902
902
911
902
902
902
903
913
916
939
902
903
914
903
902
915
902
914
908
934
902
902
913
915
903
913
903
903
902
902
960
902
902
903
902
908
902
903
902
903
929
902
902
902
902
922
902
902
912
903
902
945
902
912
903
903
903
902
909
903
902
902
921
913
903
902
902
902
912
903
914
902
905
912
933
930
903
903
903
903
914
903
948
902
902
915
902
902
903
903
912
946
902
918
903
903
902
903
927
902
902
902
914
920
902
902
903
902
928
902
903
903
937
913
918
902
903
902
926
903
902
913
902
946
903
903
923
917
903
903
902
923
903
903
903
903
910
903
903
912
903
902
916
931
934
903
919
902
908
904
903
903
919
915
924
903
944
902
925
903
1120
903
903
925
945
903
911
903
914
903
915
903
903
903
915
918
936
913
903
903
921
903
903
903
913
924
902
902
902
902
926
902
915
903
902
955
902
918
902
914
928
903
903
902
902
918
902
918
903
903
924
902
902
930
903
915
921
903
903
903
917
913
903
931
903
915
902
902
940
903
927
902
902
916
902
913
903
921
915
902
902
903
903
902
903
932
903
977
902
913
918
903
903
903
902
919
903
902
902
902
938
935
916
902
914
903
902
920
902
902
924
929
940
902
902
903
902
915
903
903
921
902
914
903
903
902
903
914
903
959
903
903
930
902
903
903
902
918
902
903
918
926
935
903
903
902
902
929
902
902
903
918
919
902
903
920
902
917
902
903
902
903
935
918
902
903
902
917
905
902
902
903
935
902
902
903
902
917
903
902
902
902
918
918
919
902
903
929
902
902
921
903
903
911
902
917
903
903
903
903
919
903
903
902
921
944
903
903
902
903
930
903
902
903
902
942
902
902
902
903
928
902
903
903
903
939
919
903
914
903
902
903
903
912
902
903
908
918
915
902
903
902
914
914
902
903
923
918
914
903
914
903
902
924
902
903
902
913
931
903
902
903
902
913
902
913
902
921
929
902
903
902
914
928
902
902
903
903
902
902
917
902
903
918
978
916
934
902
902
902
935
903
902
903
903
923
915
912
902
902
932
903
902
929
902
907
902
906
1033
903
918
902
949
902
902
919
902
902
933
902
910
903
903
902
902
925
903
903
939
903
923
902
916
903
903
916
902
903
948
932
931
902
902
915
902
902
902
915
914
919
902
903
902
930
903
902
903
903
918
902
946
903
902
916
902
903
903
902
914
903
919
916
902
923
902
903
902
902
931
902
903
945
902
914
902
902
903
902
915
902
902
962
902
919
903
902
903
903
928
903
902
905
926
912
902
902
902
902
912
902
902
918
913
913
903
902
927
903
903
902
916
922
905
922
902
902
925
917
903
903
903
925
902
924
902
915
925
902
902
902
902
923
916
905
903
902
913
902
902
902
902
924
902
902
924
902
925
903
903
902
903
913
902
903
905
903
935
902
903
903
903
927
902
931
905
935
914
903
930
902
902
913
902
902
903
944
913
903
924
903
903
913
903
903
903
906
914
903
926
902
917
914
902
923
903
903
956
915
916
903
902
924
902
916
903
902
928
903
916
902
903
929
903
913
903
902
927
945
918
916
902
903
903
913
903
902
938
943
916
902
902
925
903
913
902
902
924
905
933
903
902
923
902
913
902
903
913
902
947
902
902
922
903
902
902
911
912
902
905
904
903
914
916
925
903
902
914
902
902
952
915
915
903
902
903
902
916
916
902
904
902
916
903
902
902
902
916
903
902
903
944
917
907
903
902
902
915
903
902
926
902
931
903
902
925
902
902
903
902
927
903
917
958
902
920
917
915
902
902
903
903
964
902
902
903
902
914
903
913
920
917
917
930
902
928
902
913
903
902
913
902
921
903
903
918
902
903
902
903
912
903
902
902
920
916
903
902
902
902
914
903
903
927
902
921
905
902
921
902
903
903
903
922
902
903
912
902
923
902
903
913
902
914
902
904
923
903
923
903
902
902
902
922
902
914
921
902
910
903
903
902
902
940
903
902
903
903
917
902
913
903
902
912
903
903
903
920
971
902
903
903
902
934
902
903
912
902
925
903
903
903
913
942
903
903
903
903
945
913
902
902
903
918
903
902
926
903
902
903
902
915
903
921
902
902
915
902
903
920
902
914
902
920
903
902
913
902
902
903
903
921
903
903
902
902
918
902
902
902
925
914
902
913
902
903
910
902
902
912
902
945
903
903
911
902
921
925
912
902
903
949
903
903
903
905
926
903
903
902
928
924
902
902
902
903
909
903
903
902
902
910
920
903
902
903
923
902
902
