1031
1031
1031
1056
1031
1049
1031
1077
1076
1038
1030
1031
1055
1031
1045
1032
1031
1031
1043
1031
1031
1046
1031
1052
1031
1031
1031
1043
1031
1031
1049
1031
1044
1031
1031
1031
1031
1078
1031
1048
1031
1031
1031
1031
1050
1031
1039
1031
1031
1031
1031
1058
1030
1044
1031
1045
1048
1031
1031
1061
1042
1048
1040
1031
1031
1036
1031
1031
1042
1040
1031
1048
1031
1031
1031
1042
1031
1031
1045
1031
1051
1044
1031
1031
1031
1039
1031
1039
1042
1031
1031
1031
1037
1031
1062
1042
1032
1031
1031
1031
1031
1055
1031
1043
1031
1031
1031
1031
1052
1031
1124
1031
1047
1032
1031
1033
1031
1042
1031
1050
1031
1047
1031
1031
1048
1031
1040
1031
1042
1031
1031
1040
1031
1051
1031
1031
1031
1031
1050
1031
1040
1031
1031
1031
1031
1031
1031
1043
1046
1051
1031
1031
1031
1031
1053
1041
1043
1031
1031
1031
1031
1067
1031
1053
1031
1040
1042
1031
1041
1031
1051
1031
1042
1031
1031
1031
1031
1043
1031
1038
1031
1031
1031
1075
1035
1031
1060
1075
1042
1031
1031
1042
1059
1044
1031
1042
1031
1044
1041
1031
1031
1031
1063
1031
1051
1031
1031
1031
1031
1044
1031
1031
1044
1031
1031
1031
1041
1031
1042
1031
1031
1031
1031
1066
1031
1052
1031
1031
1147
1031
1042
1076
1039
1031
1031
1031
1031
1032
1032
1040
1031
1054
1031
1031
1031
1042
1052
1031
1031
1031
1043
1035
1041
1042
1031
1040
1031
1031
1031
1031
1082
1031
1052
1031
1031
1041
1031
1040
1031
1031
1071
1031
1042
1031
1042
1031
1031
1031
1031
1066
1031
1041
1031
1031
1031
1031
1064
1031
1044
1074
1044
1031
1042
1031
1031
1041
1031
1031
1031
1074
1047
1031
1052
1031
1042
1031
1047
1031
1031
1038
1031
1057
1042
1031
1031
1031
1037
1031
1092
1042
1031
1031
1031
1031
1031
1040
1042
1031
1043
1031
1037
1031
1051
1041
1031
1031
1031
1044
1031
1043
1031
1031
1031
1031
1031
1031
1040
1076
1051
1031
1031
1031
1031
1054
1031
1220
1031
1047
1036
1031
1031
1031
1031
1031
1041
1031
1076
1092
1031
1031
1052
1066
1049
1054
1031
1031
1249
1031
1031
1042
1044
1031
1041
1031
1031
1075
1031
1039
1031
1046
1030
1031
1031
1031
1049
1031
1040
1031
1031
1042
1031
1038
1031
1050
1034
1032
1042
1031
1031
1031
1031
1044
1031
1122
1063
1266
1031
1031
1031
1031
1057
1031
1082
1031
1043
1031
1031
1031
1042
1042
1031
1042
1031
1065
1032
1042
1031
1031
1048
1031
1031
1055
1031
1031
1031
1053
1031
1041
1041
1031
1031
1032
1060
1031
1052
1042
1031
1031
1031
1041
1042
1056
1047
1030
1031
1031
1044
1031
1043
1031
1049
1031
1031
1042
1031
1053
1031
1031
1031
1031
1031
1046
1052
1031
1031
1031
1031
1031
1031
1081
1049
1062
1031
1031
1031
1030
1061
1030
1052
1049
1032
1031
1031
1031
1031
1058
1031
1031
1048
1031
1046
1031
1041
1031
1051
1042
1030
1031
1050
1054
1031
1041
1031
1031
1031
1031
1058
1031
1045
1046
1031
1041
1031
1031
1031
1070
1031
1050
1031
1048
1031
1031
1053
1031
1055
1031
1031
1049
1031
1046
1031
1053
1031
1031
1031
1042
1060
1031
1062
1031
1031
1031
1042
1031
1031
1054
1049
1046
1031
1031
1031
1031
1048
1031
1031
1031
1049
1031
1031
1055
1055
1031
1031
1031
1031
1083
1052
1044
1077
1061
1068
1031
1031
1031
1042
1031
1051
1031
1031
1117
1031
1042
1032
1031
1031
1053
1031
1053
1039
1104
1046
1031
1068
1031
1064
1031
1044
1053
1031
1031
1044
1044
1031
1044
1031
1031
1031
1053
1064
1031
1045
1031
1064
1031
1031
1031
1041
1063
1031
1042
1031
1031
1031
1031
1031
1031
1058
1038
1041
1031
1031
1031
1031
1055
1031
1040
1050
1031
1031
1031
1042
1031
1043
1031
1031
1073
1031
1036
1031
1050
1031
1043
1031
1031
1036
1031
1042
1031
1054
1031
1044
1031
1031
1050
1074
1041
1031
1044
1031
1031
1031
1031
1054
1031
1044
1046
1031
1031
1031
1045
1031
1061
1031
1049
1031
1031
1056
1044
1045
1031
1031
1031
1031
1063
1044
1053
1031
1031
1031
1031
1040
1041
1039
1055
1031
1031
1031
1041
1039
1039
1030
1031
1031
1031
1050
1031
1051
1031
1031
1031
1031
1045
1046
1045
1031
1031
1031
1031
1049
1031
1044
1031
1058
1047
1031
1045
1031
1053
1031
1031
1031
1031
1067
1047
1044
1031
1031
1031
1031
1045
1031
1031
1035
1031
1031
1031
1053
1031
1030
1038
1050
1055
1038
1035
1031
1031
1031
1031
1054
1053
1071
1031
1031
1031
1031
1081
1031
1031
1031
1049
1046
1031
1050
1031
1031
1031
1031
1031
1031
1061
1031
1056
1031
1031
1031
1047
1041
1031
1069
1036
1031
1041
1031
1037
1031
1042
1031
1031
1052
1031
1031
1031
1060
1031
1038
1036
1031
1031
1031
1053
1031
1041
1031
1031
1031
1031
1038
1042
1085
1031
1031
1031
1031
1054
1031
1057
1031
1042
1031
1031
1060
1031
1044
1031
1031
1031
1031
1400
1031
1043
1031
1072
1031
1031
1031
1044
1064
1031
1053
1031
1044
1042
1031
1031
1031
1112
1031
1041
1049
1048
1031
1031
1031
1031
1042
1048
1040
1031
1031
1031
1031
1079
1031
1042
1042
1040
1031
1031
1045
1031
1041
1031
1057
1031
1042
1036
1031
1031
1031
1040
1031
1053
1031
1031
1039
1031
1044
1031
1055
1031
1031
1031
1031
1044
1030
1040
1031
1031
1031
1031
1041
1031
1051
1031
1031
1158
1031
1042
1049
1042
1031
1031
1031
1031
1052
1044
1041
1031
1031
1032
1031
1031
1054
1048
1031
1041
1031
1031
1044
1031
1047
1031
1044
1031
1031
1031
1031
1031
1031
1043
1031
1090
1031
1031
1033
1031
1063
1031
1031
1031
1031
1087
1031
1050
1031
1042
1031
1031
1054
1031
1046
1075
1041
1031
1031
1046
1031
1049
1031
1042
1047
1031
1057
1031
1031
1031
1042
1052
1031
1042
1047
1031
1031
1031
1047
1031
1054
1031
1031
1042
1081
1054
1031
1045
1031
1031
1031
1031
1043
1043
1084
1031
1031
1046
1031
1042
1031
1031
1031
1034
1052
1031
1046
1031
1059
1031
1030
1031
1031
1081
1031
1059
1031
1031
1031
1031
1042
1031
1044
1073
1044
1031
1031
1031
1032
1054
1031
1044
1031
1074
1045
1031
1061
1031
1031
1031
1031
1056
1101
1045
1031
1031
1031
1031
1059
1031
1053
1044
1072
1031
1031
1043
1031
1059
1045
1031
1031
1031
1098
1031
1043
1045
1031
1031
1031
1041
1031
1031
1071
1031
1031
1031
1050
1031
1031
1036
1031
1045
1073
1054
1031
1044
1031
1031
1040
1031
1042
1048
1036
1031
1031
1043
1031
1031
1031
1045
1031
1047
1044
1031
1041
1031
1045
1031
1031
1044
1031
1188
1031
1057
1031
1031
1031
1031
1055
1046
1158
1031
1043
1068
1031
1031
1031
1052
1031
1049
1062
1031
1031
1031
1031
1031
1053
1031
1042
1116
1031
1031
1031
1042
1030
1056
1031
1031
1031
1073
1056
1031
1055
1031
1030
1031
1031
1031
1050
1042
1031
1066
1031
1031
1031
1031
1056
1031
1085
1031
1031
1031
1033
1031
1031
1044
1031
1047
1030
1031
1031
1031
1060
1031
1043
1031
1031
1074
1031
1043
1031
1055
1032
1031
1031
1031
1070
1057
1042
1031
1031
1031
1031
1053
1031
1046
1055
1078
1031
1031
1031
1031
1058
1031
1031
1031
1073
1031
1031
1056
1031
1031
1031
1032
1053
1031
1083
1031
1031
1031
1031
1041
1031
1060
1031
1047
1041
1031
1049
1031
1052
1031
1031
1031
1031
1079
1041
1046
1031
1031
1031
1031
1045
1042
1070
1074
1031
1031
1031
1045
1042
1049
1031
1031
1031
1073
1058
1041
1046
1031
1031
1031
1031
1045
1048
1071
1031
1031
1031
1031
1054
1033
1056
1031
1084
1031
1031
1052
1031
1057
1031
