1465
1170
1172
1176
1189
1198
1160
1160
1179
1161
1184
1160
1169
1191
1171
1160
1238
1160
1302
1159
1174
1160
1227
1160
1160
1160
1159
1160
1160
1160
1159
1174
1173
1181
1159
1248
1160
1178
1160
1185
1160
1160
1160
1160
1191
1160
1160
1160
1176
1160
1179
1159
1171
1170
1160
1159
1160
1172
1160
1181
1160
1170
1170
1198
1160
1174
1160
1160
1160
1172
1160
1160
1168
1160
1167
1160
1167
1159
1166
1160
1180
1160
1160
1159
1160
1160
1160
1172
1171
1194
1160
1173
1160
1201
1181
1174
1160
1159
1180
1160
1160
1159
1178
1160
1171
1160
1189
1188
1159
1160
1159
1160
1160
1169
1160
1183
1179
1171
1159
1170
1160
1160
1160
1160
1160
1180
1160
1160
1172
1160
1183
1160
1184
1160
1200
1160
1171
1159
1174
1160
1160
1163
1160
1179
1172
1160
1160
1169
1160
1171
1174
1171
1169
1173
1159
1222
1159
1160
1160
1160
1160
1160
1173
1159
1160
1160
1171
1160
1181
1186
1174
1160
1179
1160
1170
1159
1181
1159
1180
1160
1169
1159
1178
1160
1313
1184
1176
1160
1169
1160
1168
1159
1184
1159
1179
1167
1175
1160
1160
1160
1160
1170
1160
1202
1160
1168
1160
1168
1160
1170
1160
1160
1179
1160
1198
1171
1169
1160
1178
1160
1160
1169
1170
1160
1159
1200
1160
1176
1171
1165
1171
1159
1159
1159
1160
1160
1160
1160
1174
1171
1179
1160
1173
1160
1201
1160
1159
1171
1171
1160
1160
1186
1160
1179
1160
1169
1160
1188
1160
1171
1159
1160
1160
1160
1168
1160
1201
1159
1169
1160
1160
1160
1171
1160
1160
1172
1160
1169
1159
1183
1160
1169
1160
1160
1160
1176
1160
1160
1328
1174
1159
1202
1160
1186
1173
1160
1189
1160
1171
1160
1187
1160
1181
1170
1160
1160
1160
1160
1160
1181
1159
1203
1160
1172
1160
1179
1160
1160
1160
1160
1180
1160
1204
1160
1173
1159
1172
1160
1181
1179
1160
1159
1160
1160
1159
1187
1160
1170
1179
1172
1160
1189
1160
1174
1160
1159
1159
1188
1159
1160
1173
1159
1189
1170
1170
1160
1205
1160
1169
1160
1160
1160
1160
1160
1160
1181
1160
1181
1159
1173
1160
1180
1160
1171
1160
1160
1160
1160
1171
1159
1181
1160
1170
1159
1195
1159
1172
1160
1168
1160
1160
1160
1160
1159
1160
1172
1160
1179
1160
1174
1185
1174
1171
1185
1160
1176
1160
1160
1178
1170
1181
1160
1233
1159
1165
1171
1160
1394
1159
1160
1161
1236
1173
1175
1159
1170
1160
1172
1160
1170
1160
1193
1159
1160
1183
1160
1160
1160
1204
1160
1183
1174
1160
1196
1180
1160
1171
1203
1182
1160
1175
1160
1173
1160
1160
1160
1202
1194
1173
1160
1160
1195
1160
1175
1173
1193
1175
1175
1159
1159
1174
1160
1160
1159
1160
1176
1203
1159
1172
1160
1179
1160
1171
1170
1175
1159
1159
1164
1160
1170
1160
1171
1160
1188
1159
1194
1160
1171
1160
1160
1169
1173
1175
1160
1160
1160
1182
1160
1183
1198
1188
1175
1170
1159
1174
1160
1160
1159
1195
1164
1189
1181
1159
1174
1160
1187
1168
1219
1160
1175
1159
1159
1162
1160
1183
1160
1217
1160
1198
1173
1174
1160
1159
1159
1160
1210
1159
1160
1160
1173
1159
1181
1160
1176
1201
1182
1160
1160
1160
1159
1160
1160
1173
1202
1190
1160
1172
1160
1171
1160
1173
1159
1202
1160
1160
1185
1160
1173
1160
1171
1159
1169
1160
1180
1160
1245
1160
1170
1187
1172
1173
1180
1179
1196
1160
1193
1172
1160
1160
1160
1175
1178
1204
1160
1190
1160
1173
1160
1159
1159
1177
1177
1160
1190
1160
1185
1159
1189
1160
1189
1176
1173
1159
1160
1160
1160
1178
1173
1189
1182
1187
1160
1170
1160
1174
1160
1160
1180
1176
1183
1174
1171
1160
1183
1160
1170
1179
1160
1160
1160
1160
1160
1167
1160
1172
1200
1180
1160
1172
1173
1178
1160
1160
1160
1203
1172
1159
1181
1160
1170
1160
1178
1160
1214
1160
1159
1159
1159
1159
1165
1170
1160
1455
1171
1187
1177
1185
1159
1171
1160
1173
1202
1210
1159
1160
1338
1160
1160
1160
1176
1397
1160
1170
1168
1159
1177
1160
1172
1171
1173
1160
1176
1160
1159
1160
1160
1159
1162
1171
1165
1188
1160
1172
1164
1174
1159
1175
1173
1160
1160
1159
1160
1160
1182
1159
1210
1164
1190
1160
1171
1160
1160
1160
1160
1194
1160
1181
1160
1171
1160
1186
1159
1173
1183
1160
1159
1159
1180
1168
1171
1160
1183
1172
1174
1160
1159
1160
1160
1160
1160
1172
1173
1183
1160
1170
1160
1188
1170
1160
1185
1160
1160
1199
1160
1204
1159
1392
1165
1197
1159
1193
1173
1178
1159
1180
1160
1190
1182
1168
1160
1160
1160
1160
1160
1160
1167
1179
1184
1160
1169
1173
1180
1160
1160
1159
1178
1168
1160
1183
1160
1171
1160
1180
1173
1189
1160
1183
1160
1160
1173
1160
1160
1160
1187
1164
1182
1160
1179
1160
1171
1160
1160
1182
1160
1160
1160
1160
1166
1172
1159
1181
1180
1171
1160
1194
1160
1159
1160
1160
1160
1192
1160
1160
1180
1160
1169
1160
1176
1160
1181
1160
1160
1160
1160
1159
1160
1176
1160
1331
1170
1173
1167
1184
1160
1175
1170
1209
1160
1160
1198
1160
1160
1160
1160
1160
1250
1160
1196
1160
1174
1160
1182
1160
1170
1205
1159
1160
1160
1176
1160
1196
1159
1174
1177
1159
1159
1170
1160
1160
1160
1160
1180
1183
1170
1159
1181
1160
1178
1159
1160
1160
1194
1159
1160
1159
1176
1174
1159
1179
1160
1230
1171
1170
1160
1159
1160
1160
1170
1160
1230
1160
1183
1187
1169
1160
1171
1160
1173
1171
1174
1159
1160
1160
1160
1160
1160
1169
1170
1172
1159
1181
1160
1171
1159
1160
1160
1170
1159
1160
1160
1160
1177
1160
1192
1160
1182
1160
1176
1160
1159
1160
1173
1160
1160
1203
1159
1174
1173
1182
1160
1160
1159
1159
1170
1174
1170
1159
1188
1159
1173
1174
1171
1170
1160
1160
1160
1173
1160
1189
1160
1173
1160
1187
1160
1160
1160
1160
1160
1168
1160
1169
1185
1160
1175
1160
1194
1160
1175
1160
1171
1160
1173
1159
1160
1183
1159
1173
1160
1219
1160
1175
1159
1159
1160
1173
1160
1160
1192
1160
1175
1173
1185
1160
1172
1160
1179
1181
1160
1160
1159
1160
1160
1174
1173
1182
1169
1174
1159
1178
1165
1172
1160
1160
1159
1170
1165
1160
1211
1159
1182
1159
1186
1159
1187
1160
1174
1160
1185
1160
1160
1160
1160
1189
1160
1186
1160
1182
1160
1170
1160
1174
1171
1160
1159
1159
1160
1173
1180
1160
1171
1170
1194
1173
1171
1159
1160
1160
1160
1160
1180
1159
1159
1177
1160
1171
1174
1190
1160
1170
1159
1159
1168
1160
1159
1159
1182
1160
1731
1159
1159
1165
1171
1160
1189
1160
1236
1160
1183
1378
1380
1159
1173
1160
1172
1203
1170
1159
1159
1160
1159
1172
1160
1182
1161
1175
1160
1169
1160
1171
1160
1160
1160
1161
1171
1170
1186
1160
1170
1160
1159
1160
1170
1160
1160
1173
1160
1185
1169
1171
1160
1186
1166
1159
1171
1160
1160
1160
1182
1160
1172
1160
1185
1159
1169
1160
1159
1160
1159
1161
1159
1181
1160
1180
1160
1182
1160
1169
1160
1172
1160
1159
1159
1160
1178
1159
1181
1161
1183
1160
1160
1160
1172
1160
1159
1171
1161
1184
1160
1172
1160
1181
1160
1160
1160
1160
1160
1160
1160
1160
1170
1160
1179
1159
1173
1160
1160
1165
1160
1160
1160
1160
1160
1184
1160
1171
1160
1176
1160
1170
1160
1160
1161
1160
1160
1160
1172
1160
1186
1160
1168
1160
1196
1160
1160
1159
1159
1160
1173
1159
1161
1183
1160
1170
1160
1193
1689
1171
1162
1184
1172
1172
1160
1170
1160
1159
1160
1173
1161
1159
1160
1159
1178
1172
1172
1160
1187
1160
1172
1173
1160
1159
1160
1160
1160
1195
1159
1172
