131
131
131
131
131
131
131
131
131
156
131
131
131
143
131
131
131
131
157
131
131
131
131
131
131
131
131
131
131
131
131
131
159
131
131
131
131
131
131
131
131
131
131
131
131
131
131
134
131
131
131
152
131
131
131
131
131
131
131
131
131
131
131
133
131
131
131
131
131
131
131
131
131
141
131
131
131
131
131
130
131
131
131
131
144
131
131
131
132
131
131
131
131
131
136
131
131
131
131
131
131
131
131
131
131
131
131
131
131
131
147
131
131
131
131
131
154
131
131
131
131
131
134
131
131
131
131
131
131
131
131
131
131
131
131
131
146
131
132
131
131
189
131
131
131
131
131
131
131
131
131
131
136
131
131
131
142
131
131
131
131
148
131
131
131
131
156
144
131
131
131
145
131
131
131
131
172
131
131
131
131
131
131
131
131
131
141
131
132
131
131
131
152
131
131
141
131
131
131
131
131
131
131
131
131
131
131
135
131
137
131
131
147
131
131
131
131
131
131
131
131
131
131
131
131
131
131
131
131
131
131
131
131
148
131
131
131
131
140
131
131
131
131
131
131
132
131
131
131
131
131
131
131
132
131
131
131
131
131
182
131
131
131
131
131
131
131
131
141
131
131
131
141
131
131
131
131
131
131
131
131
131
131
131
131
131
131
131
131
131
131
131
131
131
131
158
131
131
131
131
131
131
131
131
131
131
131
131
131
131
131
131
131
131
131
131
143
147
131
131
131
131
131
131
161
131
131
131
131
131
131
131
131
131
131
131
136
131
131
131
131
131
131
131
131
131
131
131
131
131
131
131
131
131
131
131
131
131
137
131
131
131
131
131
131
131
131
131
131
131
131
131
131
137
131
131
131
131
131
131
131
131
131
141
131
131
131
131
131
141
131
131
131
131
142
131
131
131
131
131
131
131
131
131
139
131
131
131
155
131
131
131
136
131
131
131
131
131
131
131
169
140
131
131
131
131
131
131
131
158
131
131
131
131
132
131
131
131
131
131
131
138
131
132
131
131
131
156
131
131
131
131
131
132
131
131
131
131
131
131
131
131
131
131
131
131
131
131
130
131
131
145
131
131
131
131
131
131
131
131
131
131
131
141
131
131
131
131
131
131
131
131
131
131
131
131
131
131
131
131
137
131
131
131
131
131
131
130
131
131
131
131
131
131
131
135
131
131
131
131
131
131
131
131
131
131
131
131
131
131
144
131
131
131
131
131
131
132
131
131
131
131
131
131
131
131
131
131
131
131
131
150
131
131
131
132
131
131
132
131
131
136
131
131
131
131
131
131
131
131
131
131
131
131
131
131
131
178
131
131
131
131
131
131
148
131
131
131
131
131
131
131
131
165
216
131
131
131
131
142
131
131
131
131
168
131
131
131
131
131
131
131
139
131
131
137
131
131
131
132
131
131
131
131
131
131
131
131
131
131
143
131
131
131
131
164
131
131
131
131
144
131
131
131
131
131
131
131
131
131
131
131
131
131
131
132
131
131
131
131
131
131
131
131
141
131
131
131
131
131
131
131
131
131
131
131
131
131
135
130
131
131
131
131
131
131
131
131
131
131
131
131
131
131
131
131
131
131
131
131
131
131
131
131
132
131
131
137
131
131
131
131
131
131
131
131
131
131
140
131
131
131
131
131
132
131
131
131
131
131
131
158
131
131
131
131
131
140
131
139
131
172
131
131
131
131
131
131
131
131
131
131
131
131
131
131
131
131
131
131
141
131
131
131
131
131
131
131
131
131
131
131
131
131
131
131
131
131
131
131
131
144
131
131
131
131
131
131
131
131
152
131
131
131
131
131
131
131
131
131
131
131
131
131
131
131
131
131
131
131
131
131
131
131
131
131
131
131
131
131
131
135
131
131
138
131
145
131
131
131
131
131
131
131
131
131
131
131
131
131
131
131
131
131
131
131
141
150
131
131
131
131
131
131
131
131
131
131
131
131
131
131
131
131
131
131
131
131
131
139
131
131
131
146
131
131
131
131
131
131
131
131
131
131
137
131
131
131
131
131
131
131
131
131
183
131
131
132
132
131
131
131
131
131
131
131
131
131
131
131
131
137
131
131
131
131
132
131
131
131
145
131
131
131
131
131
131
131
131
131
131
131
131
131
131
131
131
131
131
131
131
183
131
131
131
131
131
131
131
131
131
131
131
131
131
138
131
131
132
131
131
131
158
131
131
131
131
131
131
131
131
131
131
131
131
131
132
131
131
131
131
131
131
178
131
131
131
131
132
131
131
131
131
131
131
131
131
131
131
151
131
131
131
131
131
131
142
131
131
131
131
131
131
131
131
131
131
131
132
131
135
132
131
131
131
131
131
131
131
131
146
131
131
131
131
131
131
131
131
131
131
131
131
131
131
131
172
131
131
131
143
131
131
131
131
131
131
131
131
130
131
131
131
131
131
131
131
131
131
131
131
131
146
131
131
131
131
131
131
131
131
131
131
131
131
131
143
131
131
131
131
131
131
131
131
131
131
131
131
131
131
131
131
131
131
131
131
131
139
131
131
131
140
131
146
131
131
131
131
131
131
131
131
131
131
131
131
131
136
131
166
178
131
131
131
131
131
131
134
131
154
131
131
131
131
131
131
131
131
131
143
131
131
131
131
131
131
131
131
131
131
131
131
131
131
131
131
131
131
131
132
132
131
131
131
131
131
131
131
131
131
131
131
131
131
131
131
131
131
131
131
131
131
131
131
131
131
132
131
131
131
131
131
144
131
131
131
131
131
131
131
131
131
131
131
131
131
131
131
145
131
131
131
131
131
131
131
131
132
155
131
131
131
131
131
131
131
131
131
131
131
131
131
131
131
131
131
131
131
131
136
131
131
131
131
131
131
132
131
131
131
131
131
131
131
131
131
131
131
131
131
131
131
131
131
131
131
131
131
131
131
131
145
133
131
131
131
131
131
131
131
131
131
131
131
133
131
131
131
131
131
131
131
131
131
131
131
131
170
131
131
131
131
146
131
131
131
131
131
131
131
131
131
131
131
131
142
131
132
191
131
131
131
131
131
131
131
