1288
1289
1303
1298
1288
1310
1288
1332
1288
1332
1288
1320
1290
1306
1288
1324
1288
1318
1288
1302
1288
1298
1288
1318
1301
1288
1288
1313
1288
1288
1302
1288
1288
1288
1289
1289
1288
1288
1288
1288
1310
1288
1288
1288
1288
1298
1289
1333
1309
1299
1288
1308
1288
1297
1288
1311
1288
1318
1289
1322
1288
1288
1288
1288
1288
1328
1288
1289
1288
1308
1288
1288
1288
1339
1288
1288
1288
1311
1288
1301
1288
1443
1288
1288
1288
1289
1288
1288
1307
1288
1311
1289
1302
1354
1301
1288
1306
1288
1304
1299
1300
1289
1302
1288
1302
1299
1364
1288
1297
1288
1298
1288
1302
1289
1344
1288
1308
1289
1299
1288
1312
1288
1312
1294
1307
1288
1299
1288
1322
1289
1300
1330
1307
1288
1315
1288
1304
1288
1302
1305
1307
1288
1300
1288
1308
1288
1301
1289
1307
1297
1301
1299
1308
1288
1303
1288
1343
1298
1307
1288
1300
1288
1307
1288
1342
1288
1312
1288
1300
1288
1309
1288
1305
1288
1323
1289
1302
1288
1308
1299
1299
1313
1415
1363
1288
1301
1288
1316
1288
1311
1289
1308
1321
1289
1288
1288
1288
1324
1298
1288
1288
1288
1289
1301
1289
1299
1292
1288
1288
1291
1288
1288
1288
1289
1288
1301
1288
1298
1289
1311
1288
1297
1315
1309
1288
1301
1289
1300
1288
1308
1293
1300
1300
1288
1288
1288
1288
1288
1299
1288
1288
1288
1288
1289
1299
1288
1288
1310
1288
1299
1288
1288
1289
1288
1288
1311
1288
1288
1288
1288
1288
1299
1288
1288
1290
1288
1288
1301
1288
1288
1288
1288
1327
1289
1288
1288
1288
1289
1289
1289
1332
1288
1288
1288
1300
1289
1289
1288
1301
1288
1300
1288
1289
1288
1288
1288
1299
1330
1288
1288
1288
1288
1288
1288
1288
1331
1288
1288
1289
1288
1288
1336
1288
1301
1291
1288
1289
1289
1288
1301
1289
1288
1307
1288
1288
1303
1289
1289
1288
1303
1307
1303
1288
1289
1288
1289
1288
1301
1288
1317
1289
1306
1289
1311
1289
1301
1288
1336
1291
1298
1288
1321
1288
1298
1302
1314
1298
1298
1288
1308
1289
1301
1288
1307
1327
1303
1304
1301
1288
1298
1288
1296
1340
1307
1288
1297
1288
1305
1288
1299
1288
1864
1288
1299
1331
1288
1288
1288
1288
1288
1288
1289
1289
1288
1288
1288
1289
1289
1289
1288
1308
1288
1350
1288
1304
1289
1326
1288
1351
1317
1300
1288
1352
1289
1345
1288
1304
1299
1288
1289
1288
1288
1288
1288
1289
1289
1301
1288
1288
1288
1288
1288
1302
1289
1290
1288
1288
1288
1300
1288
1296
1306
1320
1289
1308
1288
1300
1288
1304
1288
1301
1291
1313
1288
1298
1288
1325
1288
1322
1291
1306
1301
1298
1288
1308
1289
1321
1289
1300
1288
1307
1289
1309
1302
1310
1288
1301
1288
1308
1301
1300
1288
1310
1306
1301
1301
1307
1288
1300
1288
1311
1288
1299
1290
1306
1288
1288
1302
1288
1288
1307
1288
1288
1288
1288
1288
1288
1288
1288
1288
1291
1288
1288
1288
1301
1304
1290
1317
1288
1302
1288
1486
1288
1288
1293
1297
1301
1305
1290
1289
1294
1529
1304
1331
1288
1344
1308
1299
1306
1289
1298
1288
1302
1332
1300
1288
1309
1288
1288
1298
1330
1288
1288
1288
1289
1288
1288
1288
1296
1288
1305
1299
1288
1288
1288
1288
1289
1296
1304
1288
1288
1288
1288
1288
1288
1289
1289
1317
1301
1298
1299
1299
1288
1327
1289
1308
1294
1311
1288
1302
1288
1329
1296
1298
1288
1300
1289
1298
1288
1308
1288
1301
1288
1326
1288
1298
1288
1344
1312
1300
1288
1305
1288
1299
1288
1303
1311
1302
1288
1308
1288
1297
1288
1305
1288
1300
1302
1302
1288
1298
1288
1299
1302
1326
1290
1300
1288
1303
1312
1301
1323
1341
1288
1302
1288
1304
1288
1298
1288
1351
1288
1299
1288
1305
1288
1298
1288
1309
1321
1298
1289
1306
1288
1298
1288
1308
1332
1298
1288
1306
1289
1311
1289
1310
1288
1298
1288
1306
1288
1296
1288
1308
1288
1340
1288
1306
1300
1288
1288
1289
1289
1288
1288
1288
1288
1288
1288
1288
1288
1288
1331
1288
1301
1288
1289
1288
1288
1288
1334
1288
1288
1288
1288
1288
1298
1288
1289
1317
1288
1289
1299
1288
1288
1288
1288
1330
1288
1288
1301
1288
1309
1288
1300
1289
1310
1288
1288
1288
1298
1288
1308
1288
1486
1303
1288
1288
1289
1288
1288
1299
1289
1342
1302
1288
1338
1288
1288
1288
1312
1292
1288
1288
1289
1288
1289
1289
1288
1288
1288
1288
1288
1288
1288
1288
1288
1332
1288
1288
1308
1288
1312
1288
1344
1289
1555
1562
1288
1301
1288
1312
1317
1326
1288
1308
1288
1301
1288
1311
1288
1393
1288
1298
1289
1307
1288
1288
1288
1304
1288
1325
1288
1299
1288
1288
1288
1301
1298
1299
1288
1306
1297
1299
1288
1307
1300
1299
1301
1307
1288
1297
1288
1325
1303
1299
1289
1297
1293
1296
1288
1308
1288
1307
1288
1316
1288
1297
1288
1318
1293
1336
1288
1300
1387
1302
1288
1309
1288
1420
1288
1300
1289
1306
1289
1298
1551
1361
1305
1288
1288
1288
1288
1288
1301
1311
1288
1288
1288
1288
1288
1288
1288
1291
1295
1288
1288
1288
1288
1288
1293
1299
1312
1288
1288
1288
1288
1314
1288
1301
1291
1308
1288
1335
1288
1298
1289
1309
1288
1330
1288
1304
1288
1300
1288
1324
1288
1313
1288
1304
1394
1299
1288
1299
1288
1301
1310
1297
1288
1299
1288
1307
1299
1298
1308
1300
1288
1297
1298
1306
1288
1297
1290
1313
1299
1300
1288
1305
1288
1310
1299
1318
1288
1298
1288
1289
1299
1288
1289
1291
1288
1288
1289
1288
1288
1289
1288
1288
1293
1288
1288
1288
1288
1293
1288
1289
1293
1288
1288
1289
1288
1289
1288
1288
1288
1288
1288
1288
1288
1288
1288
1288
1288
1290
1288
1288
1319
1288
1301
1289
1306
1290
1303
1288
1314
1288
1300
1288
1306
1288
1303
1288
1310
1288
1301
1288
1306
1288
1301
1288
1309
1289
1302
1288
1306
1289
1302
1300
1311
1288
1301
1288
1297
1289
1312
1289
1298
1288
1308
1288
1304
1288
1322
1288
1337
1288
1305
1288
1302
1288
1304
1288
1347
1288
1311
1288
1302
1288
1288
1289
1289
1299
1308
1289
1288
1289
1288
1289
1288
1307
1288
1288
1288
1304
1288
1289
1288
1309
1288
1288
1288
1288
1289
1288
1288
1298
1307
1288
1289
1288
1289
1308
1288
1298
1309
1302
1288
1320
1288
1300
1288
1308
1288
1492
1288
1314
1476
1288
1303
1288
1288
1314
1288
1293
1288
1288
1288
1288
1288
1316
1299
1294
1288
1288
1288
1300
1288
1347
1300
1288
1297
1302
1318
1288
1288
1288
1298
1301
1306
1288
1301
1289
1291
1288
1332
1288
1288
1288
1288
1288
1288
1288
1332
1289
1289
1288
1288
1288
1289
1288
1289
1288
1288
1288
1288
1288
1288
1288
1288
1330
1289
1288
1289
1290
1288
1316
1288
1300
1299
1313
1289
1301
1288
1309
1288
1301
1330
1316
1288
1301
1288
1308
1288
1301
1288
1298
1289
1303
1288
1308
1289
1302
1289
1339
1288
1302
1288
1307
1288
1302
1288
1351
1288
1304
1288
1308
1288
1300
1288
1312
1288
1302
1288
1307
1288
1300
1288
1306
1326
1310
1301
1302
1289
1309
1288
1307
1336
1310
1288
1299
1288
1307
1288
1302
1308
1308
1288
1298
1289
1330
1304
1305
1294
1300
1288
1288
1288
1288
1288
1318
1288
1317
1307
1308
1288
1311
1288
1300
1289
1349
1288
1312
1288
1306
1288
1300
1288
1318
1305
1304
1288
1308
1288
1312
1288
1339
1322
1301
1301
1310
1288
1299
1288
1307
1305
1304
1288
1309
1288
1302
1302
1308
1288
1335
1288
1306
1301
1299
1288
1288
1288
1304
1300
1288
1288
1288
1288
1288
1301
1288
1307
1288
1288
1288
1300
1288
1288
1288
1322
1288
1288
1289
1315
1288
1307
1288
1331
1308
1300
