1417
1431
1416
1417
1522
1421
1450
1417
1431
1452
1438
1432
1417
1422
1465
1446
1416
1445
1416
1432
1450
1431
1428
1417
1417
1417
1423
1416
1434
1417
1447
1417
1438
1427
1427
1417
1437
1428
1416
1417
1427
1417
1417
1468
2038
1444
1450
1416
1417
1417
1439
1419
1428
1417
1441
1429
1432
1417
1438
1420
1417
1417
1416
1429
1416
1428
1417
1437
1416
1426
1417
1451
1417
1427
1417
1416
1421
1416
1416
1425
1439
1417
1430
1429
1438
1446
1431
1417
1417
1417
1420
1416
1417
1417
1428
1429
1416
1437
1420
1428
1416
1441
1429
1428
1416
1417
1419
1417
1416
1417
1428
1417
1438
1417
1429
1416
1429
1417
1438
1417
1437
1417
1427
1417
1436
1417
1427
1417
1417
1417
1416
1439
1416
1435
1429
1427
1417
1439
1417
1437
1417
1485
1416
1426
1440
1455
1430
1429
1431
1489
1417
1416
1430
1428
1417
1447
1417
1427
1416
1434
1450
1428
1417
1444
1416
1417
1417
1417
1442
1416
1436
1417
1469
1417
1436
1417
1432
1422
1417
1417
1428
1417
1436
1448
1442
1417
1482
1428
1431
1434
1417
1933
1428
1430
1417
1417
1437
1416
1426
1422
1444
1418
1417
1456
1433
1432
1417
1903
1434
1422
1430
1417
1436
1416
1470
1417
1427
1416
1437
1417
1417
1417
1460
1430
1416
1442
1416
1430
1433
1442
1459
1429
1416
1444
1417
1417
1428
1417
1430
1416
1428
1433
1438
1417
1432
1436
1416
1427
1416
1427
1416
1443
1428
1451
1416
1427
1433
1428
1417
1417
1417
1425
1445
1428
1425
1417
1441
1416
1439
1417
1417
1417
1416
1417
1427
1424
1435
1422
1417
1450
1416
1435
1425
1433
1437
1450
1416
1425
1417
1417
1427
1417
1435
1417
1423
1423
1436
1416
1425
1417
1459
1427
1425
1417
1439
1416
1417
1417
1460
1439
1417
1431
1431
1435
1416
1431
1433
1457
1417
1417
1416
1416
1417
1454
1459
1416
1430
2016
1450
1446
1417
1460
1417
1429
1416
1435
1417
1435
1428
1427
1417
1430
1417
1417
1430
1417
1450
1433
1430
1416
1429
1828
1427
1417
1453
1430
1417
1445
1417
1430
1430
1428
1431
1430
1417
1432
1416
1417
1446
1439
1445
1430
1443
1417
1455
1417
1429
1439
1416
1417
1416
1429
1417
1436
1428
1439
1417
1460
1417
1430
1417
1416
1416
1417
1532
1417
1433
1417
1442
1417
1451
1433
1417
1477
1421
1429
1417
1416
1417
1416
1416
1500
1445
1429
1416
1474
1438
1429
1438
1468
1416
1416
1428
1416
1433
1417
1455
1427
1445
1416
1429
1417
1446
1416
1416
1417
1417
1418
1427
1440
1417
1438
1416
1437
1421
1436
1417
1426
1417
1436
1417
1416
1417
1417
1447
1417
1426
1428
1449
1417
1436
1417
1438
1432
1427
1436
1416
1417
1416
1422
1427
1432
1417
1428
1416
1444
1427
1428
1416
1435
1416
1534
1428
1416
1443
1416
1434
1416
1557
1433
1417
1417
1417
1428
1416
1428
1417
1443
1417
1428
1417
1435
1417
1427
1419
1417
1416
1416
1435
1416
1430
1427
1429
1417
1434
1417
1416
1416
1417
1436
1417
1435
1422
1429
1417
1431
1416
1444
1416
1440
1417
1417
1416
1416
1416
1416
1427
1417
1440
1417
1432
1417
1438
1417
1431
1416
1451
1416
1417
1417
1427
1430
1417
1440
1416
1429
1417
1446
1426
1430
1417
1439
1416
1428
1417
1416
1427
1417
1416
1417
1429
1417
1434
1417
1450
1416
1434
1417
1430
1430
1426
1417
1433
1416
1455
1416
1469
1417
1417
1417
1417
1455
1417
1471
1417
1435
1431
1438
1417
1424
1417
1460
1429
1417
1417
1416
1434
1430
1427
1461
1452
1416
1427
1431
1436
1416
1425
1459
1425
1417
1417
1417
1417
1417
1430
1487
1417
1428
1417
1424
1416
1427
1417
1456
1417
1442
1417
1417
1417
1417
1416
1418
1429
1417
1437
1417
1443
1416
1426
1416
1426
1417
1427
1417
1417
1417
1437
1430
1416
1429
1417
1432
1417
1426
1437
1459
1417
1427
1425
1447
1417
1416
1437
1419
1417
1417
1424
1417
1447
1417
1436
1419
1427
1417
1428
1417
1416
1416
1417
1427
1417
1431
1416
1437
1417
1476
1432
1417
1417
1417
1417
1416
1425
1459
1453
1417
1427
1417
1434
1416
1426
1459
1444
1416
1417
1417
1417
1416
1417
1468
1432
1434
1417
1438
1417
1447
1416
1438
1416
1437
1417
1417
1416
1417
1416
1417
1431
1417
1442
1417
1430
1417
1468
1433
1430
1416
1417
1416
1417
1416
1417
1454
1417
1434
1416
1461
1417
1432
1461
1432
1430
1416
1416
1417
1431
1417
1446
1416
1425
1416
1424
1428
1417
1437
1417
1417
1417
1417
1438
1429
1417
1475
1438
1451
1417
1438
1416
1437
1417
1427
1469
1861
1426
1417
1433
1428
1424
1417
1473
1417
1430
1436
1417
1448
1417
1454
1416
1438
1417
1429
1416
1416
1417
1460
1425
1417
1440
1417
1427
1417
1442
1461
1430
1417
1438
1417
1416
1416
1417
1461
1417
1436
1417
1431
1417
1441
1417
1459
1416
1430
1416
1416
1417
1417
1417
1417
1428
1417
1425
1417
1436
1417
1426
1417
1438
1417
1459
1416
1428
1417
1449
1432
1416
1425
1417
1430
1417
1435
1435
1428
1416
1430
1417
1417
1417
1417
1427
1417
1416
1417
1427
1417
1428
1417
1451
1417
1425
1417
1439
1417
1417
1417
1417
1417
1416
1426
1417
1428
1417
1432
1416
1430
1416
1442
1417
1619
1416
1443
1430
1416
1433
1417
1429
1417
1417
1416
1417
1425
1417
1427
1417
1432
1417
1431
1417
1451
1417
1417
1417
1416
1460
1417
1440
1417
1429
1417
1444
1421
1475
1466
1420
1428
1416
1424
1417
1439
1417
1431
1416
1441
1416
1430
1427
1429
1431
1417
1417
1416
1423
1417
1827
1434
1416
1417
1416
1441
1416
1429
1447
1424
1417
1438
1416
1416
1417
1417
1435
1416
1438
1416
1429
1417
1446
1417
1449
1416
1444
1434
1427
1416
1427
1417
1429
1416
1416
1449
1416
1429
1417
1438
1428
1441
1417
1445
1416
1428
1428
1435
1429
1417
1417
1417
1428
1416
1417
1417
1445
1427
1438
1416
1432
1417
1450
1417
1570
1417
1440
1440
1433
1435
1417
1517
1417
1439
1424
1442
1417
1416
1417
1457
1417
1416
1442
1416
1442
1417
1439
1439
1432
1417
1438
1416
1416
1416
1419
1426
1416
1434
1417
1433
1417
1452
1419
1427
1428
1430
1427
1435
1417
1431
1419
1421
1417
1417
1437
1417
1431
1428
1460
1417
1430
1417
1437
1417
1442
1416
1461
1417
1427
1416
1416
1417
1416
1430
1443
1438
1416
1429
1417
1442
1417
1440
1438
1417
1429
1416
1437
1416
1430
1417
1430
1417
1425
1417
1417
1417
1416
1439
1417
1426
1416
1432
1417
1428
1417
1456
1417
1428
1416
1416
1442
1417
1417
1440
1438
1417
1430
1417
1434
1440
1428
1416
1419
1416
1416
1416
1417
1427
1439
1439
1417
1461
1417
1437
1416
1427
1438
1417
1417
1416
1440
2023
1430
1432
1417
1417
1417
1424
1416
1443
1416
1470
1417
1472
1422
1417
1417
1417
1416
1442
1428
1417
1438
1417
1432
1417
1436
1417
1419
1417
1417
1417
1417
1416
1417
1423
1433
1431
1416
1429
1416
1439
1476
1430
1416
1416
1417
1427
1416
1417
1497
1417
1441
1417
1429
1428
1426
1417
1483
1417
1416
1416
1417
1434
1416
1417
1446
1423
1416
1453
1417
1430
1416
1451
1433
1432
1417
1416
1417
1427
1417
1434
1429
1416
1431
1428
1425
1416
1429
1476
1444
1417
1416
1417
1461
1669
1421
1844
1416
1417
1424
1417
1427
1417
1546
1419
1431
1417
1439
1416
1417
1429
1458
1426
1421
1445
1417
1439
1417
1424
1420
1429
1431
1417
1416
1416
1425
1454
1453
1416
1425
1417
1427
1430
1451
1475
1427
1417
1429
1417
1417
1430
1417
1490
1430
1428
1417
1440
1417
1441
1417
1470
1582
1417
1427
1420
1437
1425
1443
1417
1440
1417
1509
1417
1417
1440
1459
1431
1417
1429
1416
1445
1416
1429
1460
1440
1416
