1569
1589
1559
1546
1821
1551
1551
1568
1571
1572
1558
1561
1556
1545
1575
1576
1564
1545
1545
1552
1560
1555
1557
1561
1545
1558
1575
1546
1558
1545
1551
1546
1545
1560
1546
1577
1546
1575
1546
1545
1580
1545
1558
1546
1590
1545
1546
1558
1547
1568
1545
1555
1546
1545
1545
1548
1568
1545
1562
1565
1569
1559
1545
1561
1545
1555
1560
1574
1546
1545
1548
1560
1557
1546
1593
1545
1546
1548
1545
1561
1545
1575
1545
1575
1546
1546
1563
1560
1556
1545
1567
1545
1561
1546
1571
1566
1564
1565
1546
1548
1554
1546
1586
1564
1559
1546
1545
1558
1546
1554
1545
1564
1559
1556
1548
1545
1557
1558
1589
1545
1556
1545
1545
1558
1546
1577
1545
1557
1545
1563
1545
1545
1565
1576
1556
1546
1564
1545
1559
1545
1565
1558
1545
1575
1545
1546
1545
1545
1568
1545
1565
1548
1554
1559
1545
1583
1545
1554
1546
1562
1546
1545
1565
1545
1565
1545
1560
1545
1567
1560
1554
1554
1546
1556
1559
1570
1546
1566
1545
1554
1574
1566
1545
1640
1566
1757
1865
1558
1545
1558
1545
1556
1550
1658
1564
1660
1560
1552
1555
1546
1545
1583
1583
1558
1546
1604
1550
1545
1603
1570
1566
1545
1567
1545
1613
1571
1545
1555
1545
1557
1551
1545
1553
1563
1555
1545
1562
1545
1545
1553
1556
1577
1546
1556
1546
1545
1545
1545
1557
1546
1554
1546
1563
1545
1545
1574
1545
1574
1545
1557
1545
1545
1580
1545
1554
1545
1556
1545
1545
1552
1549
1558
1546
1564
1545
1545
1555
1571
1571
1545
1555
1545
1545
1552
1565
1567
1545
1553
1546
1546
1545
1545
1575
1545
1569
1551
1545
1559
1545
1580
1545
1568
1552
1563
1545
1546
1578
1575
1559
1545
1568
1546
1572
1546
1568
1559
1545
1572
1545
1558
1545
1587
1562
1546
1572
1546
1559
1625
1577
1563
1546
1566
1545
1569
1578
1568
1567
1562
1559
1545
1559
1546
1565
1568
1556
1546
1545
1564
1559
1560
1546
1594
1546
1545
1563
1545
1559
1545
1585
1562
1546
1562
1546
1558
1559
1566
1545
1545
1545
1551
1559
1545
1565
1566
1558
1545
1545
1556
1545
1576
1564
1579
1545
1546
1559
1545
1564
1557
1576
1546
1545
1582
1545
1565
1545
1579
1545
1545
1554
1545
1557
1545
1590
1545
1561
1558
1546
1552
1545
1577
1556
1545
1545
1545
1555
1549
1556
1570
1545
1555
1545
1618
1968
1546
1546
1927
1545
1545
1558
1665
1563
1863
1590
1584
1545
1557
1546
1567
1557
1545
1558
1545
1567
1546
1546
1546
1545
1570
1546
1561
1545
1555
1546
1545
1555
1545
1566
1546
1562
1545
1555
1546
1559
1555
1545
1557
1562
1563
1545
1557
1560
1557
1555
1545
1577
1545
1552
1545
1548
1551
1545
1567
1546
1558
1565
1547
1554
1557
1565
1546
1558
1549
1577
1545
1545
1556
1546
1556
1545
1590
1548
1545
1546
1545
1553
1545
1590
1545
1557
1546
1545
1552
1545
1571
1546
1557
1545
1545
1563
1546
1557
1564
1566
1556
1545
1570
1545
1554
1574
1564
1546
1546
1545
1545
1553
1545
1570
1548
1565
1545
1546
1552
1545
1583
1548
1552
1546
1572
1546
1556
1561
1563
1558
1546
1570
1545
1545
1545
1565
1567
1545
1554
1545
1554
1593
1565
1553
1546
1557
1545
1557
1545
1546
1583
1555
1555
1545
1564
1545
1545
1598
1548
1557
1545
1554
1552
1545
1575
1546
1565
1573
1545
1561
1546
1885
1562
1561
1556
1546
1570
1545
1575
1589
1546
1597
1545
1545
1545
1569
1578
1546
1564
1545
1570
1545
1559
1564
1545
1564
1545
1554
1545
1546
1580
1545
1579
1545
1552
1545
1546
1575
1546
1557
1545
1564
1546
1554
1545
1546
1558
1559
1571
1545
1553
1545
1565
1559
1546
1551
1545
1573
1559
1554
1545
1545
1552
1558
1559
1545
1557
1589
1558
1552
1545
1568
1546
1566
1588
1545
1545
1546
1565
1545
1560
1546
1556
1558
1546
1553
1546
1566
1545
1606
1545
1545
1545
1545
1571
1545
1566
1545
1556
1559
1546
1552
1546
1634
1572
1555
1546
1545
1566
1558
1554
1588
1564
1545
1559
1545
1546
1561
1545
1559
1545
1573
1545
1546
1559
1545
1586
1546
1545
1559
2185
1587
1547
1545
1571
1546
1564
1546
1545
1574
1576
1563
1545
1554
1554
1545
1545
1589
1555
1561
1561
1545
1546
1545
1559
1554
1545
1568
1545
1553
1545
1546
1601
1545
1553
1559
1556
1546
1545
1596
1558
1585
1551
1553
1545
1558
1545
1545
1556
1546
1574
1545
1545
1546
1557
1569
1545
1562
1545
1546
1558
1556
1556
1545
1554
1574
1545
1556
1787
1562
1545
1545
1545
1545
1654
1545
1567
1545
1545
1565
1546
1556
1545
1585
1545
1545
1598
1545
1565
1545
1564
1546
1546
1574
1545
1558
1545
1558
1545
1556
1564
1546
1555
1545
1563
1556
1545
1562
1546
1567
1545
1564
1556
1545
1556
1546
1554
1545
1555
1547
1570
1545
1546
1562
1545
1555
1545
1581
1546
1659
1545
1545
1558
1545
1564
1556
1560
1545
1545
1569
1556
1562
1555
1580
1545
1555
1545
1546
1563
1557
1580
1545
1559
1545
1545
1559
1548
1566
1546
1560
1551
1545
1571
1546
1577
1545
1568
1546
1545
1557
1546
1575
1545
1559
1545
1562
1554
1546
1562
1555
1558
1556
1565
1545
1546
1545
1570
1559
1545
1565
1545
1560
1545
1546
1555
1545
1568
1545
1569
1546
1545
1589
1550
1558
1546
1567
1545
1553
1570
1555
1557
1645
1650
1546
1545
1668
1545
1559
1545
1545
1557
1545
1562
1545
1565
1546
1546
1574
1545
1556
1589
1579
1556
1546
1550
1545
1554
1589
1566
1545
1557
1545
1545
1555
1545
1562
1546
1557
1545
1546
1553
1546
1606
1545
1558
1545
1559
1546
1559
1581
1546
1560
1545
1576
1545
1546
1545
1567
1564
1545
1565
1545
1546
1558
1567
1559
1545
1564
1559
1545
1545
1568
1562
1560
1563
1545
1546
1561
1558
1559
1545
1564
1545
1545
1546
1545
1581
1545
1577
1545
1545
1545
1545
1607
1545
1564
1545
1557
1546
1545
1558
1545
1563
1545
1569
1545
1546
1560
1567
1578
1545
1554
1545
1546
1559
1548
1563
1546
1555
1559
1561
1545
1545
1585
1558
1557
1545
1576
1563
1545
1583
1545
1559
1546
1558
1561
1546
1601
1546
1556
1545
1545
1557
1545
1565
1551
1564
1545
1545
1561
1559
1556
1588
1566
1545
1545
1546
1545
1556
1589
1579
1545
1556
1546
1545
1567
1545
1566
1545
1554
1560
1545
1554
1546
1597
1559
1562
1545
1546
1561
1559
1594
1545
1567
1546
1546
1554
1545
1561
1545
1568
1545
1550
1545
1545
1563
1596
1554
1545
1545
1545
1545
1565
1589
1558
1546
1545
1545
1545
1553
1545
1570
1545
1565
1545
1545
1562
1545
1778
1545
1556
1570
1545
1559
1545
1618
1560
1799
1557
1545
1553
1556
1571
1568
1545
1555
1546
1545
1546
1572
1563
1557
1560
1545
1556
1545
1546
1554
1545
1557
1545
1582
1545
1545
1570
1545
1575
1546
1556
1545
1545
1586
1545
1579
1545
1546
1557
1545
1574
1545
1564
1545
1558
1546
1545
1561
1546
1556
1546
1556
1665
1545
1551
1580
1558
1545
1561
1545
1545
1561
1580
1556
1546
1558
1545
1545
1546
1545
1580
1545
1555
1545
1557
1546
1546
1580
1546
1558
1546
1558
1545
1559
1546
1546
1562
1545
1564
1545
1571
1546
1603
1545
1546
1566
1546
1565
1546
1573
1545
1545
1553
1545
1559
1561
1558
1567
1546
1557
1545
1559
1545
1558
1568
1559
1561
1546
1558
1545
1578
1549
1545
1546
1545
1557
1545
1566
1545
1602
1545
1546
1560
1545
1559
1545
1598
1557
1545
1559
1546
1556
1546
1588
1557
1556
1573
1545
1557
1546
1546
1569
1545
1559
1545
1557
1556
1558
1588
1546
1566
1556
1565
1546
1561
1589
1555
1567
1545
1554
1545
1562
1545
1576
1545
1545
1552
1545
1562
1545
1596
1545
1556
1555
1545
1565
