1684
1683
1674
1674
1941
1687
1674
1684
1684
1689
1744
1685
1684
1674
1929
1690
1674
1687
1717
1683
1694
1673
1691
1705
1674
1730
1674
1683
1694
1674
1700
1674
1684
1701
1674
1699
1674
1674
1688
1675
1698
1674
1691
1681
1674
1700
1675
1674
1708
1689
1692
1674
1674
1697
1674
1684
1689
1674
1683
1673
1689
1673
1685
1710
1674
1685
1674
1699
1674
1673
1702
1674
1684
1674
1674
1685
1674
1714
1674
1674
1698
1674
1687
1680
1691
1683
1674
1694
1675
1673
1681
1688
1683
1674
1674
1706
1687
1684
1674
1674
1681
1687
1683
1674
1674
1683
1687
1685
1674
1674
1685
1674
1700
1674
1674
1684
1673
1697
1674
1684
1709
1674
1698
1674
1674
1709
2253
1674
1687
1704
1684
1674
1689
1682
1673
1698
1701
1674
1694
1703
1674
1681
1674
1696
1687
1873
1690
1674
1683
1690
1673
1690
1674
1698
1674
1674
1723
1674
1698
1674
1674
1694
1746
1731
1674
1674
1699
1674
1696
1674
1696
1689
1674
1695
1685
1674
1692
1695
1765
1692
1674
1685
1684
1808
1674
1862
1705
1697
1675
1690
1674
1697
1697
1863
1686
1673
1687
1684
2011
1730
1678
1674
1697
1674
1698
1674
1674
1687
1674
1686
1674
1674
1682
1682
1684
1674
1674
1682
1674
1686
1689
1674
1680
1674
1684
1674
1684
1701
1674
1698
1674
1674
1696
1674
1680
1674
1674
1691
1674
1688
1684
1674
1682
1674
1684
1674
1674
1704
1674
1692
1686
1674
1691
1674
1711
1708
1674
1685
1688
1674
1684
1714
1707
1687
1674
1689
1674
1689
1726
1692
1690
1674
1686
1687
1687
1718
1690
1687
1674
1695
1674
1674
1751
1690
1688
1674
1674
1689
1674
1733
1691
1674
1705
1674
1690
1674
1736
1714
1674
1686
1674
1694
1687
1714
1711
1674
1935
1699
1708
1691
1718
1674
1693
1673
1689
1674
1674
1710
1674
1689
1674
1679
1688
1674
1696
1683
1674
1686
1673
1686
1674
1676
1689
1674
1684
1674
1674
1686
1676
1694
1674
1674
1685
1673
1689
1685
1674
1692
1674
1673
1702
1693
1688
1674
1674
1691
1674
1689
1692
1674
1702
1674
1684
1674
1674
1703
1674
1712
1674
1674
1683
1674
1710
1674
1684
1691
1674
1686
1674
1702
1684
1673
1691
1674
1687
1693
1693
1685
1674
1674
1683
1674
1816
1693
1675
1686
1674
1686
1679
1674
1743
1807
1674
1747
1673
1685
1674
1674
1687
1673
1674
1810
1677
2012
1694
1674
1713
1685
1710
1704
1674
1678
1689
1673
1684
1683
1674
1689
1674
1686
1690
1674
1710
1680
1683
1694
1674
1694
1697
1674
1701
1674
1684
1674
1674
1703
1674
1683
1674
1685
1684
1674
1725
1674
1692
2007
1674
1674
1689
1684
1760
1674
1674
1876
1674
1714
1698
1674
1698
1674
1674
1696
1717
1714
1676
1674
1686
1674
1699
1716
1674
1696
1674
1701
1674
1674
1729
1685
1697
1674
1674
1691
1684
1732
1674
1674
1688
1685
1693
1674
1730
1697
1685
1688
1674
1694
1674
1708
1696
1674
1690
1674
1674
1697
1697
1699
1674
1675
1712
1674
1689
1697
1674
1688
1674
1688
1674
1688
1721
1673
1690
1674
1695
1674
1674
1718
1674
1688
1674
1674
1689
1685
1717
1674
1674
1693
1685
1688
1674
1695
1688
1685
1693
1674
1674
1706
1705
1688
1673
1674
1687
1685
1697
1696
1674
1690
1674
1690
1674
1695
1707
1674
1694
1674
1689
1674
1674
1710
1686
1674
1688
1687
1674
1688
1766
1683
1894
1674
1700
1673
1674
2027
1674
1685
1697
1674
1684
1676
1707
1683
1690
1692
1674
1674
1813
1680
1725
1682
1674
1684
1674
1693
1722
1674
1857
1698
1674
1699
1674
1674
1695
1674
1698
1674
1674
1684
1673
1686
1680
1674
1684
1708
1707
1674
1674
1691
1674
1693
1698
1690
1684
1674
1684
1674
1674
1704
1690
1689
1675
1674
1683
1674
1728
1690
1674
1691
1674
1685
1674
1744
1702
1673
1693
1674
1686
1674
1694
1701
1674
1674
1681
1673
1694
1693
1674
1682
1674
1703
1674
1673
1710
1674
1686
1674
1674
1685
1689
1721
1677
1674
1697
1688
1685
1674
1695
1691
1687
1695
1674
1674
1693
1706
1692
1674
1674
1685
1674
1693
1692
1674
1693
1673
1687
1674
1674
1700
1674
1693
1717
1674
1707
1673
1674
1684
1674
1696
1674
1674
1732
1677
1685
1674
1673
1684
1688
1718
1676
1674
1685
1687
1685
1673
1696
1688
1688
1693
1674
1674
1700
1695
1689
1674
1674
1700
1674
1696
1711
1676
1705
1674
1674
1693
1674
1718
1676
1866
1684
1674
1717
1674
1674
1688
1674
1714
1674
1674
1685
1674
1711
1674
1684
1830
1674
2021
1683
1728
1688
1674
1674
1683
1674
1686
1718
1674
1686
1674
1689
1675
1673
2000
1673
1674
1770
1674
1682
1768
1686
1742
1674
1674
1701
1674
1740
1674
1674
1684
1674
1690
1674
1724
1689
1689
1685
1674
1673
1703
1717
1684
1674
1674
1703
1673
1683
1708
1674
1700
1674
1686
1674
1674
1726
1674
1674
1684
1674
1693
1674
1725
1688
1674
1684
1674
1674
1682
1688
1695
1674
1674
1692
1674
1685
1674
1674
1685
1674
1691
1674
1674
1694
1674
1687
1674
1674
1685
1700
1687
1674
1674
1684
1674
1684
1679
1674
1692
1674
1685
1674
1674
1721
1674
1685
1674
1674
1695
1674
1732
1673
1674
1686
1674
1698
1674
1721
1692
1685
1684
1674
1695
1674
1696
1691
1674
1698
1674
1674
1693
1696
1700
1674
1674
1687
1689
1689
1732
1674
1686
1674
1674
1682
1674
1720
1674
1674
1682
1674
1684
1674
1715
1689
1674
1692
1688
1674
1692
1694
1688
1688
1674
1681
1674
1691
1715
1674
1683
1674
1683
1685
1674
1701
1674
1684
1674
1674
1684
1674
1696
1674
1674
1686
1674
1704
1674
1673
1701
1673
1696
1674
1674
1686
1674
1695
1674
1673
1694
1674
1691
1699
1674
1684
1674
1674
1691
1701
1688
1692
1674
1685
1674
1682
1721
1773
1681
1674
1686
1674
1673
1698
1674
1675
1700
1674
1680
1674
1696
1691
1674
1684
1686
1674
1734
1674
1674
1687
1674
1693
1674
1727
1707
1674
1683
1674
1694
1685
1701
1691
1674
1685
1686
1674
1683
1702
1695
1685
1674
1695
1674
1684
1710
1684
1685
1674
1694
1674
1674
1711
1674
1685
1674
1674
1683
1674
1723
1674
1687
1674
1674
1841
1674
1698
1695
1673
1699
1674
1674
1684
1701
1702
1674
1674
1691
1674
1694
1701
1674
1689
1674
1701
1674
1682
1719
1674
1686
1674
1690
1674
1685
1710
1674
1688
1674
1674
1684
1674
1721
1674
1685
1697
1674
1687
1674
1712
1695
1674
1696
1674
1685
1692
1701
1691
1674
1684
1688
1674
1693
1700
1674
1687
1674
1692
1674
1674
1723
1674
1686
1685
1674
1683
1674
1712
1684
1674
1687
1673
1684
1686
1681
1684
1674
1693
1674
1674
1697
1681
1687
1674
1674
1684
1674
1705
1674
1674
1690
1674
1685
1674
1674
1703
1674
1700
1674
1674
1686
1675
1684
1680
1674
1691
1674
1693
1710
1673
1683
1687
1685
1693
1674
1707
1687
1674
1683
1673
1689
1687
1706
1691
1674
1701
1687
1674
1687
1696
1692
1679
1674
1684
1674
1692
1707
1674
1694
1674
1686
1674
1695
1710
1673
1711
1674
1674
1688
1674
1824
1701
1986
1958
1708
1674
1765
1674
1674
1705
1674
1696
1674
1749
1698
1674
1689
1674
1674
1695
1734
1693
1674
1674
1689
1673
1684
1732
1685
1674
1674
1685
1674
1690
1732
1684
1686
1673
1683
1674
1674
1740
1673
1708
1674
1674
1695
1674
1754
1674
1674
1683
1674
1705
1674
1731
1695
1674
1685
1674
1674
1684
1731
1725
1674
1674
1690
1682
1685
1731
1674
1684
1674
1684
1674
1674
1687
1690
1687
1674
1674
1682
1685
1692
1674
1674
1696
1674
1674
1696
1674
1690
1674
1674
1684
1674
1742
1686
1674
1683
1674
1686
1681
1734
1699
1674
1694
1693
1674
1688
1733
1674
1687
1673
1762
1701
