1817
1805
1824
1831
1809
1815
1811
1818
1816
1803
1802
1847
1813
1802
1809
1802
1829
1811
1803
1822
1803
1813
1811
1802
1814
1829
1802
1814
1818
1802
2282
1814
1820
1824
1835
1803
1825
1832
1803
2192
1820
1803
1819
1828
1802
1828
1802
1803
1810
1802
1802
1817
1802
1821
1814
1802
1857
1817
1803
1814
1802
1804
1816
1803
1802
1815
1802
1822
1816
1853
1820
1802
1803
1823
1803
1803
1818
1803
1803
1820
1802
1820
1864
1803
1825
1803
1823
1822
1823
1803
1814
1802
1802
1825
1802
1861
1816
1813
1821
1803
1802
1820
1815
1802
1822
1802
1828
1818
1846
1816
1820
1813
1819
1803
1802
1813
1803
1817
1821
1802
1826
1845
1803
1823
1802
1813
1821
1802
1814
1820
1803
1819
1818
1803
1869
1802
1802
1817
1816
1818
1814
1832
1820
1815
1855
1823
1803
1855
1822
1802
1803
1818
1816
1815
1841
1802
1817
1803
1803
1813
1844
1814
1817
1802
1818
1813
1813
1860
1802
1803
1819
1803
1814
1819
1802
1828
1803
1803
1812
1810
1815
1803
1816
1966
1813
1839
1817
1803
1819
1802
1803
1816
1802
1816
1820
1803
1812
1816
1857
1816
1803
1802
1814
1802
1825
1851
1802
1834
1803
1802
1824
1836
1819
1823
1802
1813
1829
1802
1838
1802
1803
1825
1802
1819
1812
1805
1816
1803
1802
1813
1814
1863
1817
1803
1825
1814
1803
1819
1845
1813
1822
1803
1815
1802
1819
1831
1803
1802
1815
1803
1803
1862
1802
1829
1818
1802
1813
1806
1819
1813
1803
1802
1823
1803
1864
1813
1802
1819
1802
1802
1815
1816
1802
1818
1803
1817
1987
1846
1814
1814
1807
1812
1804
1802
1816
1803
1803
1810
1803
1814
1845
1803
1818
1803
1802
1813
1803
1803
1835
1803
1815
1821
1803
1863
1819
1803
1812
1803
1803
1812
1837
1826
1825
1803
1820
1802
1842
1851
1802
1814
1802
1813
1815
1844
1819
1814
1813
1815
1816
1802
1850
1810
1802
1849
1802
1834
1857
1819
1813
1803
1814
1812
1803
1865
1814
1803
1818
1803
1802
1826
1802
1802
1813
1803
1812
1813
1814
1821
1815
1803
1816
1802
1937
1824
1822
1802
1811
1816
1821
1813
1988
1814
1819
1803
1827
1802
1833
1811
1803
1815
1821
1814
1830
1819
1802
1821
1803
1802
1820
1810
1822
1819
1803
1814
1802
1821
1819
1802
1818
1814
1802
1820
1821
1802
1823
1802
1814
1828
1802
1825
1803
1866
1996
1817
1803
1839
2079
1829
1847
1814
1807
1817
1803
1802
1823
1819
1814
1813
1803
1813
1850
1803
1813
1802
1814
1812
1802
1803
1825
1803
1819
1817
1802
1845
1831
1802
1816
1814
1802
1819
1803
1803
1834
1802
1813
1802
1822
1813
1802
1802
1813
1816
1823
1829
1802
1816
1817
1802
1813
1821
1803
1814
1803
1821
1814
1818
1833
1802
1802
1813
1803
1803
1838
1802
1829
1832
1803
1802
1815
1802
1853
1817
1802
1827
1828
1828
1857
1813
1802
1820
1802
1817
1830
1803
1802
1812
1802
1835
1846
1805
1812
1803
1802
1816
1802
1815
1813
1803
1821
1811
1877
1835
1803
1802
1828
1802
1803
1814
1804
1843
1813
1803
1815
1802
1813
1835
1802
1803
1831
1803
1811
1822
1818
1834
1802
1803
1825
1851
1802
1820
1802
1813
1827
1803
1858
1803
1803
1818
1803
1803
1857
1803
1812
1820
1802
1815
1803
1845
1812
1802
1818
1803
1802
1817
1840
1816
1818
1802
1814
1803
1802
1815
1813
1807
1911
1811
1850
1849
1816
1821
1829
1803
1853
1823
1820
1802
1817
1802
1816
1853
1803
1814
1830
1802
1813
1845
1805
1820
1803
1802
1815
1803
2048
1813
1810
1816
1818
1803
1858
1888
1817
1865
1802
1803
1817
1821
1806
1818
1802
1823
1824
1821
1830
1802
1803
1836
1803
1802
1818
1803
1803
1813
1803
1838
1812
1802
1818
1802
1803
1811
1803
1817
1820
1802
1814
1815
1802
1836
1803
1802
1811
1802
1802
1818
1826
1817
1825
1802
1812
1803
1816
1823
1803
1803
1817
1803
1822
1825
1802
1818
1803
1802
1823
1803
1816
1820
1803
1816
1802
1802
1833
1802
1802
1811
1803
1817
1813
1811
1814
1802
1802
1808
1803
1978
1817
1803
1814
1811
1802
1815
1803
1803
1815
1802
1803
1820
1804
1815
1811
1802
1813
1802
1803
1843
1805
1827
1832
1817
1821
1836
1818
1832
1817
1802
1818
1816
2111
1822
1803
1815
1812
1802
1823
1815
1816
1815
1802
1803
1826
1803
1805
1817
1803
1825
1822
1803
1816
1817
1802
1810
1803
1802
1828
1806
1814
1818
1803
1810
1802
1802
1812
1813
1803
1810
1802
1838
1815
1829
1863
1803
1885
1822
1838
1824
1829
1803
1802
1866
1802
1803
1814
1803
1816
1811
1816
1813
1803
1855
1813
1802
1802
1812
1802
1820
1818
1803
1818
1802
1803
1820
1813
1802
1830
1803
1803
1815
1802
1813
1818
1803
1814
1813
1802
1825
1802
1820
1821
1803
1815
1802
1821
1814
1802
1803
1813
1813
1835
1817
1802
1830
1803
1803
1819
1851
1820
1812
1803
1803
1812
1822
1818
1814
1802
1830
1802
1803
2274
1825
1805
1817
1803
1802
1988
1802
1837
1813
1816
1803
1865
1859
1803
1821
1804
1820
1811
1826
1813
1802
1802
1820
1802
1825
1831
1802
1803
1813
1803
1812
1825
1802
1814
1802
1802
1811
1802
1825
1812
1803
1822
1803
1802
1843
1802
1803
1820
1802
1813
1824
1802
1818
1802
1803
2008
1802
1821
1812
1803
1817
1811
1803
1819
1810
1802
1819
1802
1815
1817
1821
1803
1818
1817
1813
1818
1802
1831
1803
1802
1808
1802
1833
1830
1803
1821
1802
1816
1824
1802
1821
1831
1802
1812
1816
1803
1825
1802
1803
1820
1816
1802
1819
1822
1812
1830
1802
1811
1803
1803
1809
1802
1803
1819
1802
1812
1855
1803
1810
1803
1803
1807
1803
1811
1813
1802
1879
1813
1802
1842
1803
1803
1817
1803
1802
1810
1812
1811
1820
1802
1814
1802
1831
1812
1803
1802
1827
1802
1814
1844
1803
1816
1803
1802
1808
1825
1802
1819
1802
1823
1817
1803
1835
1803
1803
1808
1802
1802
1811
1819
1825
1816
1803
1823
1802
1824
1826
1802
1813
1819
1802
1817
1838
1803
1815
1802
1802
1831
1823
1821
1823
1803
1817
1802
1802
2032
1808
1807
1811
1802
1803
1955
1802
1926
1813
1816
1827
1816
1803
1821
1803
1802
1833
1802
1833
1815
1802
1827
1815
1816
1820
1803
1803
1816
1802
1802
1814
1819
1838
1803
1803
1809
1803
1803
1828
1803
1830
1816
1803
1812
1803
1803
1833
1803
1812
1803
1803
1826
1803
1803
1833
1816
1813
1815
1820
1827
1817
1803
1815
1802
1831
1824
1803
1809
1824
1816
1824
1821
1802
1827
1802
1803
1809
1843
1825
1824
1802
1812
1803
1802
1841
1803
1803
1823
1802
1817
1810
1802
1823
1803
1802
1811
1813
1846
1816
1803
1831
1831
1803
1814
1834
1813
1815
1802
1803
1809
1855
1823
1814
1802
1836
1815
1803
1856
1802
1814
1827
1803
1811
1843
1802
1827
1803
1803
1838
1802
1855
1826
1808
1822
1803
1802
1810
1837
1828
1811
1814
1821
1813
1845
1829
1803
1811
1829
1802
1811
1846
1802
1813
1803
1819
1809
1813
1833
1803
1803
1809
1803
1818
1856
1803
1823
1803
1802
1811
1803
1853
1822
1802
1813
1803
1804
1816
1802
1803
1822
1814
1811
1814
1846
1823
1802
1803
1813
1802
1822
1855
1802
1828
1802
1803
1822
1815
1934
1829
1811
1802
1814
1816
1876
1821
2129
1825
1831
1803
1831
1803
1813
1818
1802
1802
1813
1808
1812
1811
1818
1824
1821
1848
1813
1802
1802
1811
1803
1825
1863
1802
1818
1802
1803
1822
1803
1832
1812
1812
1835
1803
1803
1863
1810
1803
1817
1802
1803
1813
1802
1823
1811
1813
1903
1802
1845
1814
1802
1803
1811
1803
1816
1813
1802
1813
1802
1803
1814
1825
1802
1816
1803
1812
1803
1803
1834
1802
1803
1814
1803
1818
1803
1802
1810
