1931
1970
1945
1949
1959
1949
1942
1976
2325
1942
1937
1931
1943
1951
1931
1947
1931
1942
1949
1950
1932
1941
1943
1931
1941
1954
1941
1942
1949
1931
1952
1953
1931
1941
1948
1931
1943
1950
1931
1952
1947
1931
1940
2273
1932
1948
1941
2174
1934
1947
1983
1931
1951
1942
1936
1931
1954
1931
1931
1974
1947
1932
1958
1932
1942
1966
1931
1931
1962
1942
1931
1973
1931
1947
1950
1931
1931
1943
1931
1931
1946
1933
1931
1945
1931
1932
1947
1984
1931
1948
1941
1931
1947
1984
1931
1957
1941
1931
1945
1982
1931
1950
1938
1932
1947
1938
1931
1952
1942
1931
1953
1939
1932
1944
1939
1931
1948
1941
1974
1931
1940
1931
1948
1940
1972
1950
1942
1931
1942
1949
1973
1931
1947
1931
1931
1940
1931
1931
1954
1931
1931
1946
1931
1952
1955
1932
1931
1940
1931
1980
1950
1955
1981
1949
1942
1975
1955
1941
1931
1946
1941
1975
1931
1940
1932
1931
1940
1973
1931
1941
1931
1931
1951
1938
1932
1939
1943
1931
1938
1948
1942
1944
2068
2077
1931
1978
1955
1945
1943
1946
1931
1944
1952
1948
1947
1944
1932
1956
1947
1943
1945
1949
1944
1945
1947
1954
1958
1951
1931
1943
1946
1953
1945
1949
1931
1955
1946
1931
1944
1958
1931
1944
1931
1931
1963
1931
1931
1945
1944
1931
1967
1931
1944
1945
1947
1931
1964
1959
1931
1946
1948
1945
1946
1954
1931
1970
1948
1965
1931
1958
1931
1931
1943
1932
1931
1946
1931
1931
1954
1931
1931
1951
1942
1932
1941
1931
1931
1964
1949
1931
1952
1943
1931
1960
1948
1931
1947
1931
1931
1942
1989
1931
1942
1932
1942
1942
1973
1931
1950
1942
1932
1945
1964
1964
1952
1931
1941
1945
1932
1978
1939
1956
1951
1954
1931
1983
1939
1932
1951
1939
1931
1989
1940
1932
1958
1952
1931
1948
1944
1937
1950
1941
1931
2490
1946
1959
1931
1941
1947
1931
2009
1945
1942
1943
1962
1932
1982
1943
1932
1950
1949
1931
1950
1943
1931
1944
1942
1931
1966
1955
1936
1931
1943
1946
1968
1944
1931
1932
1957
1931
1943
1944
1945
1931
1943
1932
1932
1960
1931
1931
1939
1931
1931
1976
1931
1932
1938
1932
1931
1969
1933
1932
1947
1931
1942
1943
1931
1931
1959
1931
1931
1940
1940
1936
1950
1931
1931
1953
1974
1931
1940
1942
1932
1944
1975
1948
1942
1983
1942
1947
1990
1955
2194
1958
1937
1955
1931
1931
1948
1956
1931
1948
1931
1931
1963
1931
1941
1942
1945
1932
1941
1931
1966
1942
1937
1932
1949
1961
1955
1949
1932
1946
1941
1931
1951
1953
1932
1931
1949
1936
1931
1946
1945
1936
1948
1941
1931
1974
1943
1932
1948
1948
1931
1968
1931
1931
1941
1932
1932
1961
1931
1932
1946
1932
1931
1951
1955
1932
1946
1931
1932
1938
1954
1931
1938
1931
1957
1938
1945
1952
1940
1931
1943
1938
1931
1977
1938
1931
1947
1938
1931
1973
1932
1931
2151
1941
1950
1972
2023
1932
1931
1959
2023
1976
2004
1943
1931
1950
1931
1965
1946
1940
1931
1943
1942
1937
1941
1940
1931
1950
1940
1931
1967
1940
1931
1939
1946
1931
1984
1944
1932
1958
1941
1931
1996
1947
1931
1947
1947
1932
1956
1950
1932
1946
1964
1931
1944
2001
1934
1946
1953
1931
1944
1998
1934
1947
1953
1945
1945
1974
1931
1945
1931
1932
1943
1931
1944
1955
1931
1931
1931
1943
1949
2007
1973
2018
1931
1948
1944
1931
1951
1992
1931
1931
1951
1944
1954
1961
1943
1931
1964
1942
1931
1965
1942
1931
1951
1944
1931
2348
1947
1953
1932
1955
1931
1973
2055
1945
1971
1942
1931
1966
2012
1931
1931
1942
1944
1953
1979
1931
1944
1945
1931
1931
1946
1931
1931
1946
1931
1942
1969
1931
1932
2020
1941
1932
1978
1950
1937
1942
1939
1931
1962
1958
1931
1943
1945
1931
1966
1959
1931
1945
1948
1931
1943
1961
1963
1931
1948
1942
1930
1947
1931
1943
1949
1931
1931
1997
1932
1931
1945
1932
1943
1987
1942
1931
1962
1943
1931
1996
1943
1931
1952
1942
1931
2003
1944
1932
1950
1950
1931
1952
1945
1942
1950
1941
1931
1931
1953
1931
1931
1940
1942
1931
1983
1931
1942
1941
1931
1931
1984
1942
1931
1946
1931
1942
1986
1931
1931
1951
1931
1931
1949
1947
1931
1942
1942
1932
1954
1946
1931
1946
1955
1932
1944
1971
1931
1942
1947
1932
1942
1983
1931
1942
1958
1946
1941
1960
1931
1942
1961
1931
1941
1944
1951
1945
1939
1932
1956
1936
1950
1942
1932
1945
1947
1932
1950
1947
1931
1940
2037
1947
2194
1943
1932
1941
1959
1955
2304
1948
1956
1932
1946
1955
1941
1949
1931
1932
1954
1953
1931
1947
1931
1931
1944
1974
1931
1955
1945
1931
1944
1984
1931
1944
1945
1982
1952
1940
1931
1956
1954
1931
1947
1943
1962
1952
1942
1942
1949
1955
1955
1953
1943
1942
1949
1943
1955
1952
1942
1931
1948
1949
1941
1952
1942
1931
1958
1943
1931
1973
1944
1931
1947
1948
1931
2004
1950
1931
1948
1952
1932
1974
1943
1931
1948
1951
1931
1951
1952
1931
1948
1942
1941
1949
1965
1932
1948
1952
1931
1950
2029
1945
2028
1950
1931
1942
2038
1931
2121
1962
1931
1931
2068
1955
1931
1943
1942
1931
1992
1957
1931
1940
1952
1931
1951
1943
1931
1931
1942
1931
1931
1944
1931
1931
1943
1943
1931
1978
1931
1942
1942
1931
1931
1984
1932
1931
1941
1931
1942
1982
1931
1931
1949
1931
1931
1952
1931
1941
1946
1943
1931
1952
1975
1932
1937
1931
1932
1944
1975
1931
1941
1938
1931
1940
2011
1931
1943
1946
1942
1942
1994
1931
1941
1944
1931
1942
1950
1936
1942
1950
1931
1957
1949
1964
1931
1949
1941
1931
1946
1976
1942
1953
1931
1932
1958
1974
1931
1950
1931
1946
1949
2004
1931
1943
1931
1932
1950
1950
1932
1950
1931
1968
1943
1953
1932
1945
1950
1932
1950
1951
1963
1931
1947
1943
1941
1949
1974
1931
1948
1931
1931
1949
1972
1944
1949
1931
1932
1954
1973
1931
1941
1931
1944
1942
1931
1932
1953
1932
1931
1941
1945
1955
1942
1944
1932
1943
1940
1955
1949
1940
1932
1946
1940
1968
1931
1945
1931
1954
1951
1953
1931
1956
1945
1931
1948
1945
1974
1949
1932
1931
1961
1967
1931
1945
1953
1932
1951
1962
1932
1960
1945
1931
1931
1964
1931
1932
1949
1948
1931
1954
1951
1931
1948
1931
1931
1945
1952
1931
1955
1932
1931
1952
1952
1932
2128
1944
1932
1954
1960
1932
1943
1947
1931
1961
1943
1931
1942
1948
1931
1944
1974
1932
1931
1942
1931
1931
1953
1969
1931
1945
1942
1931
1953
1969
1931
1957
1932
1931
1952
1959
1943
1957
1931
1953
1949
1931
1995
1940
1942
1945
1951
1931
2004
1949
1931
1943
1953
1942
1992
1951
1931
1954
1931
1931
1944
1969
1931
1944
1931
1932
1955
1991
1931
1941
1942
1931
1941
1991
1931
1941
1931
1931
1944
1935
1931
1942
1943
1945
1944
1940
1931
1954
1951
1931
1947
1947
1962
1944
1945
1932
1968
1946
1952
1944
1947
1931
1946
1946
1951
1933
1957
1931
1931
1960
1942
1931
1943
1946
1931
1950
1931
1931
1943
1932
1932
1939
1945
1970
1940
1931
1964
1941
1931
1966
1941
1944
1950
1950
1931
1959
1943
1931
1943
1942
1931
1931
1940
1932
1941
1948
1931
1931
2072
1932
1933
1949
1942
1932
2127
1942
2272
1943
1945
1945
2022
1949
1932
1931
1945
1945
1951
1945
1931
1945
1958
1931
1951
1945
1931
1932
1952
1931
1949
1950
1931
1931
1969
1944
1931
1955
1941
1938
1953
1942
1932
1967
1944
1932
1951
1931
1931
1974
1931
1932
1959
1931
1931
1948
1942
1932
1944
1931
1944
1957
1956
1932
1951
1955
1931
1956
1986
1944
1953
1944
1931
1951
1984
1931
1954
1944
1945
1950
1982
1932
1957
1949
1931
