2060
2059
2081
2133
2060
2071
2256
2060
2060
2083
2079
2060
2099
2069
2070
2060
2068
2060
2091
2072
2076
2060
2081
2077
2083
2060
2084
2060
2060
2069
2094
2059
2079
2071
2060
2060
2095
2060
2060
2082
2077
2059
2096
2089
2059
2060
2076
2072
2082
2085
2074
2154
2059
2078
2092
2070
2076
2066
2060
2070
2066
2076
2060
2083
2082
2073
2060
2087
2073
2060
2079
2113
2060
2059
2073
2059
2060
2122
2070
2060
2076
2071
2060
2103
2073
2075
2059
2073
2076
2239
2060
2071
2078
2060
2081
2117
2059
2060
2078
2078
2060
2107
2077
2059
2060
2077
2060
2061
2072
2079
2059
2070
2076
2060
2060
2073
2082
2059
2121
2074
2060
2065
2072
2060
2103
2073
2080
2060
2059
2090
2102
2060
2079
2084
2059
2076
2112
2065
2060
2078
2074
2074
2121
2077
2059
2073
2074
2080
2103
2095
2075
2118
2086
2086
2083
2060
2073
2077
2060
2064
2081
2074
2059
2077
2078
2103
2085
2071
2059
2060
2076
2122
2060
2073
2090
2059
2060
2120
2073
2070
2059
2071
2221
2060
2066
2069
2086
2059
2094
2074
2059
2060
2069
2059
2082
2072
2069
2060
2073
2221
2060
2060
2086
2067
2061
2076
2083
2059
2060
2068
2069
2060
2089
2069
2071
2060
2069
2076
2072
2073
2071
2060
2074
2096
2062
2060
2068
2070
2060
2087
2077
2071
2071
2078
2059
2089
2079
2059
2059
2137
2059
2066
2070
2089
2060
2070
2071
2061
2077
2069
2078
2060
2084
2069
2059
2065
2082
2059
2060
2080
2104
2060
2078
2069
2075
2084
2069
2060
2074
2069
2070
2062
2084
2078
2059
2060
2262
2073
2174
2084
2069
2059
2060
2079
2074
2078
2073
2074
2060
2067
2072
2071
2060
2088
2118
2060
2059
2088
2060
2060
2116
2088
2060
2059
2070
2073
2103
2072
2076
2072
2071
2070
2103
2069
2069
2060
2059
2070
2116
2060
2071
2077
2072
2060
2117
2060
2072
2064
2075
2060
2124
2078
2060
2060
2090
2059
2101
2084
2083
2059
2068
2067
2113
2060
2070
2069
2061
2069
2115
2059
2060
2077
2060
2060
2075
2077
2060
2059
2073
2103
2060
2071
2070
2060
2071
2116
2060
2073
2074
2065
2059
2133
2069
2060
2089
2079
2060
2071
2095
2084
2690
2089
2076
2090
2060
2073
2080
2071
2059
2094
2081
2070
2076
2073
2060
2093
2071
2060
2059
2071
2060
2062
2073
2073
2071
2072
2077
2090
2060
2102
2160
2075
2179
2065
2077
2086
2059
2098
2067
2060
2070
2071
2071
2060
2081
2069
2088
2075
2073
2059
2060
2078
2112
2060
2060
2071
2071
2060
2115
2089
2069
2060
2074
2059
2087
2086
2074
2060
2071
2219
2081
2076
2071
2079
2060
2070
2092
2060
2071
2068
2075
2059
2066
2079
2060
2068
2071
2060
2060
2076
2072
2060
2069
2106
2076
2060
2071
2070
2060
2099
2086
2071
2077
2071
2059
2086
2086
2060
2060
2073
2076
2081
2087
2077
2059
2060
2077
2080
2076
2079
2072
2060
2086
2088
2077
2075
2083
2060
2059
2089
2088
2060
2214
2072
2092
2079
2186
2090
2105
2078
2072
2081
2173
2077
2078
2060
2084
2080
2059
2060
2079
2059
2059
2072
2078
2059
2070
2071
2088
2064
2071
2070
2060
2071
2113
2059
2060
2080
2059
2059
2116
2070
2060
2081
2069
2059
2117
2071
2060
2060
2069
2060
2096
2069
2088
2060
2069
2076
2113
2073
2081
2059
2073
2075
2100
2060
2078
2074
2060
2072
2097
2069
2060
2188
2088
2505
2072
2069
2092
2060
2060
2104
2085
2060
2073
2067
2070
2390
2071
2085
2060
2071
2076
2094
2083
2077
2075
2060
2091
2127
2060
2060
2068
2060
2062
2115
2069
2073
2060
2069
2062
2089
2068
2072
2060
2079
2074
2075
2059
2086
2069
2060
2075
2118
2065
2074
2077
2073
2061
2102
2060
2074
2080
2074
2061
2100
2078
2060
2059
2073
2074
2065
2082
2072
2073
2078
2078
2060
2102
2073
2060
2060
2092
2060
2060
2072
2079
2060
2077
2076
2060
2060
2077
2059
2062
2106
2060
2060
2076
2088
2203
2073
2068
2065
2059
2072
2061
2060
2071
2074
2060
2068
2073
2060
2061
2067
2059
2060
2069
2075
2060
2078
2098
2092
2059
2066
2060
2060
2072
2073
2060
2076
2076
2059
2060
2068
2060
2059
2074
2076
2060
2075
2075
2060
2060
2071
2077
2073
2076
2072
2059
2074
2072
2077
2062
2072
2064
2060
2073
2094
2062
2081
2068
2060
2060
2097
2062
2060
2077
2072
2060
2099
2080
2060
2060
2076
2060
2083
2077
2076
2060
2075
2087
2082
2076
2076
2060
2060
2072
2082
2062
2068
2083
2060
2074
2295
2062
2074
2086
2060
2141
2077
2086
2060
2103
2073
2060
2059
2088
2059
2103
2069
2078
2059
2070
2081
2102
2060
2075
2074
2099
2086
2140
2073
2059
2067
2059
2074
2107
2066
2059
2084
2084
2060
2082
2087
2060
2060
2079
2083
2081
2070
2075
2059
2075
2066
2082
2060
2081
2067
2060
2077
2101
2060
2082
2066
2074
2060
2097
2060
2074
2079
2066
2060
2103
2075
2060
2060
2076
2073
2062
2064
2068
2074
2088
2070
2060
2074
2067
2060
2064
2079
2088
2060
2068
2088
2060
2065
2073
2073
2059
2065
2078
2069
2534
2075
2078
2060
2068
2145
2059
2255
2083
2083
2060
2151
2070
2060
2059
2072
2060
2070
2073
2075
2076
2073
2069
2069
2070
2068
2071
2060
2096
2070
2060
2059
2079
2060
2060
2082
2079
2059
2060
2079
2071
2060
2069
2060
2071
2073
2071
2060
2084
2081
2060
2060
2268
2070
2060
2070
2072
2060
2093
2070
2060
2060
2068
2059
2079
2080
2069
2060
2072
2073
2079
2059
2078
2070
2059
2081
2089
2060
2060
2066
2060
2060
2091
2060
2060
2072
2073
2060
2091
2077
2060
2060
2069
2060
2079
2072
2078
2060
2071
2079
2082
2071
2074
2059
2059
2074
2112
2060
2076
2069
2060
2077
2089
2060
2060
2066
2059
2060
2088
2067
2060
2074
2070
2060
2079
2072
2060
2059
2080
2072
2080
2069
2078
2060
2060
2074
2160
2059
2074
2070
2060
2059
2095
2060
2073
2069
2080
2059
2096
2080
2060
2060
2073
2060
2079
2075
2068
2059
2075
2071
2060
2059
2072
2068
2060
2087
2066
2060
2060
2082
2060
2081
2072
2088
2059
2072
2074
2113
2158
2075
2082
2065
2059
2246
2068
2399
2059
2077
2060
2094
2086
2070
2060
2087
2072
2062
2060
2071
2070
2075
2076
2070
2060
2060
2068
2060
2060
2076
2077
2060
2072
2077
2073
2081
2077
2060
2060
2072
2077
2060
2066
2076
2060
2074
2073
2060
2060
2083
2060
2059
2093
2072
2060
2076
2074
2071
2121
2072
2060
2060
2070
2084
2102
2071
2080
2060
2060
2074
2102
2060
2070
2082
2060
2070
2123
2060
2070
2071
2060
2060
2124
2071
2060
2073
2075
2060
2116
2080
2059
2060
2080
2071
2105
2080
2071
2060
2060
2071
2103
2059
2074
2075
2083
2076
2100
2060
2060
2076
2073
2060
2110
2074
2075
2059
2096
2079
2060
2080
2074
2060
2063
2091
2060
2060
2074
2082
2071
2078
2071
2071
2059
2071
2060
2071
2070
2074
2060
2084
2080
2077
2060
2085
2060
2060
2077
2091
2071
2069
2072
2060
2060
2092
2060
2060
2071
2082
2060
2092
2088
2060
2059
2081
2080
2079
2074
2076
2069
2076
2074
2085
2070
2080
2060
2060
2075
2113
2060
2154
2085
2078
2060
2150
2089
2493
2060
2075
2132
2060
2060
2074
2084
2059
2149
2069
2059
2059
2067
2059
2117
2065
2086
2060
2071
2077
2118
2060
2068
2060
2060
2072
2099
2074
2060
2069
2060
2070
2151
2071
2060
2086
2075
2060
2084
2087
2073
2060
2081
2221
2074
2060
2068
2060
2070
2069
2079
2059
2070
2075
2059
2060
2086
2060
2059
2071
2084
2060
2071
2076
2070
2072
2077
2060
2061
2068
2060
2060
2069
2071
2060
2072
2072
2070
2079
2069
2060
2070
2081
2059
2060
2088
2069
2060
2080
2080
2060
2059
2072
2059
2060
2072
2075
2061
2069
