2188
2200
2206
2303
2232
2213
2211
2209
2188
2220
2201
2200
2188
2199
2203
2210
2188
2206
2197
2189
2188
2206
2212
2188
2189
2198
2232
2189
2213
2201
2210
2188
2220
2208
2202
2188
2207
2200
2200
2188
2196
2197
2199
2359
2198
2196
2237
2188
2189
2203
2201
2198
2188
2198
2247
2188
2188
2215
2197
2189
2212
2212
2202
2189
2194
2258
2188
2188
2204
2211
2189
2232
2194
2213
2188
2188
2194
2211
2188
2188
2203
2210
2212
2189
2195
2195
2188
2205
2220
2199
2197
2198
2206
2195
2188
2199
2210
2188
2188
2224
2204
2188
2188
2210
2211
2188
2190
2200
2206
2193
2230
2201
2213
2188
2199
2207
2220
2188
2205
2199
2199
2188
2200
2203
2202
2189
2207
2211
2198
2188
2201
2206
2198
2210
2206
2200
2199
2210
2201
2188
2197
2705
2198
2206
2199
2188
2201
2211
2188
2200
2203
2216
2188
2189
2204
2224
2188
2188
2209
2207
2189
2208
2200
2200
2188
2202
2216
2199
2188
2207
2201
2224
2216
2201
2206
2188
2188
2204
2198
2191
2200
2206
2441
2188
2221
2218
2194
2188
2188
2199
2219
2188
2188
2196
2195
2242
2188
2196
2196
2188
2214
2240
2205
2202
2199
2209
2189
2203
2198
2210
2189
2207
2231
2202
2188
2202
2211
2196
2230
2200
2206
2200
2188
2382
2217
2207
2188
2201
2200
2249
2358
2189
2651
2199
2203
2210
2194
2197
2202
2189
2247
2199
2202
2188
2201
2208
2221
2188
2196
2202
2202
2240
2197
2188
2203
2198
2196
2231
2202
2198
2211
2188
2209
2252
2188
2188
2207
2200
2193
2188
2208
2208
2189
2189
2257
2196
2189
2188
2212
2195
2230
2376
2205
2197
2188
2250
2210
2188
2189
2197
2204
2231
2189
2203
2199
2188
2188
2219
2203
2188
2188
2205
2240
2188
2195
2217
2188
2188
2246
2211
2188
2188
2193
2217
2189
2188
2203
2210
2188
2383
2207
2217
2188
2188
2204
2231
2188
2202
2198
2214
2188
2197
2211
2197
2188
2203
2225
2215
2189
2198
2201
2189
2223
2202
2219
2189
2198
2205
2226
2188
2203
2201
2205
2215
2213
2199
2200
2189
2197
2243
2199
2188
2210
2201
2188
2209
2199
2202
2189
2206
2225
2188
2188
2204
2196
2188
2189
2203
2205
2188
2189
2218
2202
2189
2188
2197
2203
2209
2202
2206
2188
2188
2465
2210
2209
2189
2203
2198
2214
2362
2203
2245
2200
2203
2222
2200
2201
2236
2190
2188
2384
2212
2188
2233
2223
2208
2188
2188
2204
2208
2188
2188
2208
2211
2221
2188
2198
2219
2188
2199
2227
2210
2188
2211
2200
2216
2188
2200
2207
2200
2189
2225
2201
2218
2189
2199
2202
2190
2188
2209
2200
2244
2227
2200
2206
2188
2193
2202
2238
2191
2195
2212
2189
2188
2195
2203
2194
2189
2204
2242
2192
2214
2202
2189
2189
2243
2210
2189
2189
2198
2200
2219
2221
2199
2188
2188
2224
2204
2188
2188
2207
2201
2213
2189
2211
2206
2189
2188
2212
2200
2189
2206
2208
2211
2188
2200
2215
2188
2188
2227
2211
2188
2543
2199
2215
2189
2297
2201
2199
2495
2233
2248
2203
2188
2188
2212
2212
2189
2188
2267
2197
2208
2205
2200
2200
2188
2188
2234
2215
2189
2188
2219
2225
2188
2189
2209
2202
2189
2224
2223
2188
2188
2204
2199
2211
2188
2214
2206
2188
2202
2199
2201
2188
2208
2215
2232
2188
2203
2217
2188
2188
2250
2215
2189
2188
2202
2254
2188
2188
2210
2195
2201
2197
2381
2257
2202
2203
2200
2188
2259
2252
2207
2252
2238
2197
2248
2188
2199
2213
2197
2201
2203
2200
2202
2189
2197
2214
2191
2189
2217
2197
2188
2199
2198
2202
2188
2198
2208
2208
2188
2216
2204
2188
2200
2208
2201
2188
2188
2213
2219
2234
2188
2218
2199
2200
2208
2215
2189
2188
2197
2229
2192
2188
2197
2218
2188
2208
2207
2212
2188
2207
2207
2204
2189
2199
2206
2202
2200
2210
2199
2202
2188
2198
2219
2201
2200
2204
2189
2209
2202
2196
2188
2203
2199
2224
2190
2213
2208
2189
2220
2222
2196
2188
2188
2210
2207
2191
2188
2196
2196
2188
2190
2214
2204
2189
2198
2209
2202
2188
2218
2200
2188
2189
2205
2204
2188
2189
2233
2201
2191
2188
2210
2207
2188
2202
2220
2189
2188
2226
2213
2191
2189
2202
2218
2194
2190
2209
2210
2188
2188
2206
2258
2189
2204
2203
2201
2190
2214
2199
2201
2188
2201
2210
2203
2188
2207
2199
2202
2663
2204
2530
2188
2188
2199
2343
2188
2630
2189
2229
2210
2188
2188
2209
2215
2232
2191
2217
2196
2188
2204
2238
2189
2196
2196
2206
2230
2191
2199
2188
2188
2307
2224
2210
2207
2201
2224
2188
2232
2204
2206
2189
2201
2248
2202
2189
2201
2201
2204
2233
2216
2205
2188
2189
2216
2249
2188
2189
2212
2203
2200
2198
2232
2198
2188
2205
2231
2189
2188
2199
2217
2189
2213
2207
2211
2188
2205
2199
2217
2188
2201
2204
2201
2233
2210
2201
2203
2188
2201
2250
2200
2201
2203
2188
2201
2500
2201
2192
2201
2201
2377
2204
2226
2199
2200
2252
2218
2206
2201
2188
2189
2244
2203
2188
2188
2197
2199
2234
2202
2202
2188
2188
2201
2249
2189
2189
2211
2202
2201
2209
2209
2188
2189
2202
2231
2189
2189
2201
2215
2189
2222
2206
2200
2188
2203
2201
2188
2189
2203
2207
2188
2213
2206
2205
2188
2188
2201
2230
2188
2203
2207
2202
2189
2199
2202
2188
2188
2202
2242
2189
2188
2204
2203
2188
2233
2206
2204
2188
2205
2201
2188
2189
2206
2205
2189
2231
2206
2204
2202
2188
2201
2248
2188
2189
2220
2216
2245
2189
2202
2203
2203
2203
2232
2211
2203
2204
2204
2188
2194
2203
2199
2189
2189
2204
2204
2188
2188
2205
2199
2192
2189
2200
2202
2188
2203
2207
2188
2188
2203
2201
2192
2188
2202
2201
2188
2200
2215
2189
2188
2203
2203
2189
2192
2201
2204
2188
2188
2207
2200
2188
2209
2200
2188
2192
2201
2204
2188
2189
2207
2221
2188
2188
2198
2204
2189
2445
2200
2284
2188
2188
2347
2214
2188
2188
2202
2212
2188
2188
2209
2207
2188
2267
2202
2206
2188
2200
2204
2229
2188
2205
2200
2188
2219
2208
2202
2188
2188
2202
2247
2199
2205
2217
2189
2188
2248
2196
2188
2188
2203
2232
2204
2188
2203
2202
2188
2228
2204
2207
2199
2191
2211
2217
2188
2201
2197
2198
2234
2200
2206
2189
2189
2201
2250
2188
2188
2209
2197
2188
2188
2281
2199
2188
2188
2223
2220
2188
2198
2206
2188
2214
2204
2200
2189
2188
2204
2198
2188
2188
2194
2200
2236
2199
2201
2207
2188
2200
2209
2198
2188
2223
2201
2269
2188
2215
2201
2189
2194
2270
2199
2188
2188
2209
2207
2234
2188
2213
2198
2188
2265
2214
2188
2189
2195
2210
2245
2189
2208
2212
2188
2204
2265
2219
2189
2202
2204
2212
2188
2197
2204
2203
2188
2238
2199
2202
2205
2197
2188
2235
2197
2208
2189
2201
2199
2210
2188
2198
2197
2188
2224
2224
2199
2188
2188
2195
2687
2211
2217
2188
2208
2271
2214
2226
2199
2202
2203
2261
2207
2198
2201
2204
2202
2188
2201
2200
2205
2188
2235
2205
2202
2188
2218
2203
2243
2188
2214
2198
2188
2188
2227
2199
2188
2188
2214
2232
2188
2210
2203
2188
2189
2233
2223
2188
2188
2207
2197
2225
2188
2198
2216
2188
2210
2204
2188
2188
2199
2206
2235
2189
2202
2200
2188
2207
2230
2198
2188
2207
2198
2247
2188
2204
2201
2189
2188
2234
2207
2199
2188
2205
2199
2198
2188
2207
2200
2198
2239
2200
2207
2199
2203
2216
2224
2200
2208
2222
2200
2200
2204
2211
2189
2199
2224
2227
2189
2189
2208
2201
2188
2215
2204
2205
2193
2188
2229
2200
2199
2206
2197
2201
2213
2202
2204
2188
2199
2198
2226
2188
2199
2202
2204
2213
2198
2209
2199
2189
2215
2231
2205
2188
2210
2205
2189
2188
2216
2202
2188
2188
2240
2204
