2317
2317
2329
2378
2377
2317
2324
2345
2329
2360
2316
2333
2330
2329
2330
2316
2332
2330
2329
2316
2375
2331
2346
2317
2317
2372
2330
2317
2317
2342
2763
2332
2319
2358
2329
2325
2758
2325
2326
2334
2325
2371
2317
2317
2326
2325
2359
2316
2334
2329
2333
2317
2376
2335
2329
2328
2316
2374
2333
2327
2317
2328
2336
2328
2316
2317
2330
2336
2357
2317
2342
2330
2317
2348
2339
2333
2329
2317
2327
2371
2331
2317
2317
2336
2368
2337
2317
2333
2328
2339
2317
2316
2334
2339
2317
2360
2328
2328
2329
2317
2374
2327
2329
2316
2328
2334
2364
2330
2317
2317
2331
2368
2316
2317
2330
2343
2339
2316
2317
2341
2337
2318
2360
2343
2330
2316
2318
2368
2328
2333
2327
2317
2334
2337
2327
2317
2332
2332
2378
2316
2317
2330
2332
2329
2316
2349
2334
2327
2317
2386
2332
2332
2317
2330
2374
2332
2316
2317
2326
2327
2336
2317
2316
2332
2339
2359
2317
2329
2331
2327
2360
2317
2327
2329
2317
2327
2378
2329
2317
2327
2318
2351
2427
2331
2341
2368
2345
2387
2317
2317
2335
2345
2381
2316
2369
2327
2345
2334
2346
2334
2329
2316
2330
2348
2338
2344
2317
2336
2348
2347
2317
2316
2335
2356
2334
2317
2332
2333
2330
2351
2330
2331
2335
2317
2347
2352
2332
2316
2329
2334
2345
2336
2317
2331
2336
2348
2317
2317
2347
2347
2346
2332
2336
2340
2332
2316
2351
2350
2329
2317
2330
2347
2352
2330
2331
2336
2329
2351
2329
2978
2346
2331
2354
2316
2316
2346
2330
2350
2333
2328
2341
2328
2317
2345
2328
2332
2317
2316
2349
2338
2341
2317
2316
2347
2365
2317
2317
2333
2342
2353
2317
2342
2327
2333
2337
2345
2331
2334
2317
2331
2352
2348
2331
2331
2317
2354
2327
2323
2317
2331
2360
2353
2317
2316
2360
2332
2334
2321
2346
2331
2317
2336
2332
2327
2329
2317
2394
2354
2330
2337
2316
2331
2383
2343
2317
2317
2347
2369
2338
2317
2328
2327
2382
2317
2327
2325
2343
2316
2357
2331
2329
2328
2317
2360
2329
2347
2316
2317
2344
2436
2332
2317
2317
2342
2377
2322
2327
2324
2333
2359
2328
2332
2334
2332
2327
2359
2330
2335
2327
2316
2374
2330
2317
2317
2331
2327
2358
2316
2329
2347
2328
2360
2317
2335
2336
2317
2317
2336
2333
2317
2316
2333
2371
2333
2327
2319
2333
2341
2317
2360
2414
2347
2328
2317
2371
2341
2332
2317
2317
2337
2338
2317
2333
2333
2328
2352
2316
2316
2345
2328
2317
2317
2341
2339
2333
2317
2341
2347
2332
2317
2316
2348
2332
2330
2317
2345
2332
2383
2328
2317
2332
2328
2336
2316
2330
2330
2328
2317
2332
2332
2325
2316
2342
2377
2334
2317
2316
2347
2374
2316
2317
2343
2331
2316
2360
2352
2331
2333
2317
2370
2337
2330
2330
2317
2335
2334
2329
2316
2331
2334
2381
2316
2317
2330
2337
2320
2317
2329
2333
2317
2317
2385
2329
2440
2316
2433
2348
2384
2329
2493
2317
2374
2358
2324
2317
2330
2342
2356
2320
2316
2338
2326
2336
2320
2324
2326
2336
2317
2328
2326
2326
2330
2317
2349
2334
2330
2327
2340
2324
2317
2317
2322
2341
2325
2339
2319
2339
2330
2316
2336
2347
2326
2353
2321
2346
2332
2331
2326
2317
2322
2347
2332
2316
2325
2327
2347
2317
2317
2336
2339
2317
2335
2333
2327
2317
2317
2347
2340
2332
2317
2328
2340
2324
2355
2386
2338
2326
2394
2317
2327
2339
2325
2317
2317
2325
2337
2317
2316
2326
2324
2317
2316
2334
2328
2331
2318
2319
2341
2327
2317
2317
2333
2333
2327
2317
2317
2329
2335
2317
2317
2330
2327
2337
2316
2327
2323
2331
2341
2317
2339
2327
2316
2318
2353
2330
2329
2316
2327
2328
2337
2322
2317
2337
2373
2354
2317
2951
2347
2369
2333
2317
2330
2334
2368
2326
2333
2317
2326
2332
2358
2316
2331
2329
2330
2358
2332
2336
2332
2316
2328
2348
2329
2317
2317
2341
2373
2316
2321
2344
2328
2316
2317
2336
2329
2330
2316
2380
2332
2330
2331
2316
2371
2335
2331
2317
2331
2331
2370
2317
2330
2343
2327
2360
2317
2333
2325
2317
2317
2341
2327
2329
2317
2341
2665
2330
2321
2317
2327
2346
2405
2317
2317
2748
2394
2339
2317
2317
2328
2337
2328
2317
2317
2335
2327
2330
2319
2333
2326
2330
2316
2328
2331
2317
2317
2330
2346
2332
2317
2327
2340
2334
2320
2316
2350
2327
2332
2318
2317
2331
2327
2316
2318
2333
2332
2341
2317
2334
2333
2345
2317
2316
2343
2330
2319
2316
2330
2329
2316
2326
2345
2434
2412
2317
2317
2343
2328
2361
2316
2334
2328
2340
2345
2464
2333
2323
2335
2316
2403
2366
2324
2317
2328
2380
2325
2337
2328
2317
2347
2327
2316
2317
2328
2336
2343
2316
2348
2337
2317
2335
2333
2340
2333
2317
2317
2354
2336
2317
2324
2332
2346
2317
2323
2327
2332
2316
2334
2329
2324
2317
2328
2432
2328
2325
2328
2316
2343
2338
2316
2317
2326
2344
2378
2317
2317
2341
2328
2363
2317
2340
2335
2317
2317
2345
2326
2326
2322
2317
2347
2335
2316
2317
2335
2326
2333
2317
2354
2336
2328
2375
2317
2344
2328
2328
2377
2347
2328
2331
2317
2328
2336
2328
2317
2317
2331
2394
2337
2317
2334
2333
2343
2317
2317
2328
2331
2316
2338
2322
2328
2328
2316
2353
2391
2340
2317
2317
2325
2327
2328
2317
2338
2334
2342
2317
2316
2333
2339
2355
2317
2330
2362
2325
2316
2376
2341
2328
2316
2317
2383
2337
2317
2317
2326
2332
2360
2330
2335
2326
2331
2363
2317
2328
2324
2317
2317
2447
2340
2325
2317
2317
2427
2330
2317
2317
2355
2356
2327
2317
2328
2326
2330
2327
2317
2349
2325
2335
2347
2329
2330
2336
2317
2317
2334
2335
2317
2317
2326
2371
2328
2317
2333
2325
2374
2317
2329
2335
2324
2317
2360
2334
2327
2341
2328
2371
2338
2343
2316
2317
2328
2347
2317
2317
2338
2339
2360
2317
2332
2350
2330
2362
2319
2331
2331
2317
2330
2378
2330
2333
2331
2317
2375
2333
2331
2317
2328
2331
2333
2317
2336
2328
2332
2351
2317
2345
2328
2317
2362
2347
2328
2331
2335
2346
2341
2330
2327
2316
2332
2380
2338
2316
2316
2329
2378
2317
2317
2328
2347
2316
2362
2339
2332
2329
2317
2369
2340
2330
2317
2327
2336
2332
2332
2316
2328
2335
2372
2317
2317
2325
2345
2330
2316
2330
2336
2338
2316
2376
2334
2329
2316
2327
2371
2332
2317
2328
2338
2327
2358
2327
2316
2334
2325
2370
2317
2325
2334
2316
2317
2771
2348
2417
2317
2317
2415
2343
2331
2317
2327
2388
2328
2328
2317
2327
2350
2337
2317
2316
2326
2343
2361
2317
2327
2332
2317
2362
2334
2328
2317
2317
2336
2377
2327
2316
2328
2324
2379
2316
2328
2336
2323
2317
2336
2329
2333
2326
2316
2547
2331
2344
2317
2317
2332
2343
2317
2317
2329
2332
2344
2317
2317
2328
2330
2330
2330
2327
2325
2317
2330
2333
2335
2328
2331
2317
2341
2334
2327
2317
2334
2343
2317
2317
2327
2346
2329
2330
2317
2340
2440
2356
2343
2317
2328
2331
2330
2347
2328
2333
2339
2317
2336
2339
2346
2317
2316
2330
2380
2317
2316
2342
2329
2316
2363
2341
2326
2338
2317
2381
2334
2325
2317
2317
2342
2366
2317
2317
2329
2334
2372
2317
2334
2327
2357
2317
2326
2326
2340
2317
2317
2369
2330
2316
2317
2338
2330
2330
2316
2338
2330
2336
2335
2328
2331
2329
2317
2342
2328
2325
2334
2317
2371
2791
2344
2506
2317
2317
2408
2328
2336
2784
2316
2393
2324
2338
2317
2316
2371
2337
2316
2316
2336
2329
2349
2317
2328
2326
2329
2359
2327
2333
2324
2317
2317
2340
2330
2330
2316
2317
2336
2336
2317
2317
2324
2341
2327
2317
2333
2336
2329
2317
2317
2329
2327
2316
2329
2344
2335
2327
2328
2317
