2456
2445
2506
2489
2701
2446
2445
2492
2455
2459
2454
2456
2605
2464
2466
2472
2458
2600
2446
2860
2458
2466
2460
2446
2446
2455
2458
2459
2456
2445
2463
2458
2475
2455
2445
2457
2454
2468
2455
2457
2445
2455
2471
2451
2445
2445
2474
2458
2464
2457
2446
2445
2456
2481
2455
2455
2446
2470
2465
2458
2456
2445
2465
2468
2472
2445
2445
2469
2467
2464
2457
2457
2446
2467
2460
2467
2445
2445
2466
2456
2458
2445
2456
2459
2460
2469
2467
2446
2446
2481
2458
2464
2446
2446
2472
2461
2481
2445
2446
2470
2472
2475
2473
2462
2456
2460
2458
2472
2446
2457
2468
2461
2463
2458
2466
2445
2458
2471
2458
2445
2446
2470
2459
2456
2446
2469
2460
2460
2487
2445
2596
2461
2460
2457
2445
2458
2445
2461
2457
2462
2456
2445
2465
2456
2458
2456
2446
2458
2463
2460
2445
2445
2470
2460
2453
2445
2477
2473
2461
2464
2445
2479
2462
2455
2458
2445
2731
2448
2473
2460
2466
2481
2445
2476
2461
2465
2504
2446
2457
2502
2456
2446
2642
2587
2495
2479
2446
2456
2469
2628
2456
2469
2445
2450
2468
2460
2455
2445
2445
2455
2476
2474
2446
2446
2464
2475
2468
2445
2445
2457
2480
2455
2446
2445
2457
2462
2480
2446
2446
2465
2455
2465
2445
2457
2457
2462
2483
2456
2446
2457
2458
2472
2445
2456
2469
2459
2473
2445
2446
2560
2455
2486
2446
2445
2464
2464
2459
2452
2445
2463
2453
2460
2473
2445
2457
2452
2487
2464
2465
2456
2458
2464
2477
2529
2450
2459
2964
2476
2458
2446
2446
2474
2462
2462
2460
2446
2448
2460
2459
2455
2445
2461
2475
2457
2457
2445
2458
2464
2465
2462
2445
2457
2473
2459
2464
2446
2445
2466
2459
2463
2445
2446
2464
2458
2465
2445
2446
2463
2458
2458
2446
2445
2453
2469
2466
2446
2445
2454
2457
2474
2459
2446
2459
2455
2469
2445
2445
2459
2461
2461
2448
2446
2467
2462
2461
2449
2445
2467
2460
2461
2459
2445
2461
2454
2456
2464
2445
2466
2457
2472
2474
2445
2445
2466
2461
2484
2456
2457
2456
2455
2484
2446
2445
2455
2457
2481
2446
2457
2455
2458
2463
2455
2446
2464
2460
2468
2464
2445
2470
2460
2461
2464
2445
2460
2459
2472
2464
2446
2471
2468
2461
2464
2446
2464
2462
2457
2456
2450
2459
2462
2467
2459
2466
2456
2463
2456
2457
2456
2455
2466
2471
2504
2445
2465
2466
2461
2454
2445
2445
2515
2460
2455
2445
2445
2496
2475
2461
2446
2445
2508
2459
2456
2445
2445
2498
2490
2467
2446
2445
2486
2459
2466
2456
2445
2446
2456
2460
2459
2445
2446
2507
2463
2455
2445
2475
2496
2458
2466
2446
2446
2504
2470
2464
2445
2446
2484
2455
2455
2446
2445
2458
2466
2455
2446
2445
2456
2473
2462
2446
2446
2455
2481
2457
2446
2445
2458
2488
2458
2446
2445
2464
2479
2599
2463
2774
2843
2464
2484
2461
2459
2473
2483
2478
2461
2466
2461
2488
2472
2458
2456
2458
2497
2461
2445
2461
2459
2466
2446
2459
2467
2461
2456
2457
2446
2455
2478
2455
2466
2446
2470
2461
2455
2477
2445
2458
2465
2470
2465
2446
2458
2459
2461
2465
2445
2463
2453
2456
2460
2445
2446
2470
2463
2456
2463
2458
2455
2460
2472
2463
2446
2460
2469
2462
2464
2445
2469
2465
2459
2464
2459
2456
2462
2471
2446
2445
2463
2470
2463
2445
2479
2498
2448
2459
2500
2771
2595
2472
2446
2445
2481
2470
2458
2472
2445
2445
2456
2485
2466
2445
2446
2460
2460
2461
2458
2445
2455
2474
2469
2446
2445
2456
2476
2458
2456
2457
2446
2496
2455
2466
2445
2445
2487
2464
2455
2446
2456
2460
2461
2460
2446
2446
2459
2471
2476
2445
2446
2465
2475
2454
2467
2445
2445
2481
2466
2460
2445
2457
2475
2455
2460
2456
2445
2472
2456
2468
2445
2445
2469
2454
2462
2446
2456
2463
2457
2474
2445
2445
2459
2482
2457
2448
2446
2459
2775
2470
2596
2461
2445
2505
2583
2550
2457
2460
2473
2462
2459
2474
2457
2467
2461
2457
2455
2454
2477
2452
2453
2473
2455
2465
2448
2477
2456
2461
2446
2475
2456
2459
2470
2472
2461
2445
2468
2456
2453
2466
2445
2456
2459
2465
2455
2462
2455
2470
2453
2456
2475
2455
2456
2456
2467
2462
2455
2460
2457
2445
2461
2476
2458
2456
2445
2465
2448
2454
2467
2451
2464
2574
2456
2457
2456
2474
2448
2459
2465
2466
2465
2447
2460
2457
2458
2464
2458
2466
2467
2470
2489
2448
2446
2481
2457
2462
2447
2456
2462
2457
2457
2454
2459
2452
2459
2531
2452
2455
2464
2459
2445
2462
2469
2462
2466
2459
2446
2471
2474
2459
2462
2446
2467
2455
2455
2474
2445
2467
2472
2468
2466
2446
2490
2463
2456
2460
2464
2471
2445
2469
2458
2460
2445
2449
2459
2459
2459
2446
2529
2457
2476
2459
2446
2489
2469
2463
2458
2456
2487
2476
2462
2471
2445
2488
2464
2459
2458
2445
2478
2463
2458
2458
2457
2446
2471
2454
2457
2459
2445
2491
2462
2458
2459
2456
2483
2457
2472
2469
2446
2488
2478
2453
2457
2445
2487
2461
2461
2467
2446
2445
2876
2462
2459
2461
2476
2446
2451
2455
2485
2460
2445
2460
2472
2458
2455
2470
2445
2465
2465
2468
2459
2446
2469
2457
2467
2460
2459
2459
2455
2467
2458
2452
2467
2471
2455
2446
2446
2459
2455
2463
2460
2467
2464
2456
2457
2445
2537
2456
2457
2454
2445
2497
2471
2455
2457
2457
2490
2463
2464
2464
2445
2445
2468
2458
2459
2445
2445
2488
2463
2489
2446
2445
2501
2465
2464
2445
2456
2506
2458
2464
2457
2445
2503
2471
2460
2447
2445
2473
2455
2460
2445
2456
2463
2457
2467
2458
2445
2445
2493
2458
2459
2446
2445
2486
2470
2472
2446
2446
2483
2471
2463
2445
2445
2491
2468
2473
2457
2445
2459
2459
2468
2446
2446
2461
2480
2476
2446
2461
2460
2498
2461
2456
2446
2458
2514
2469
2446
2445
2473
2504
2458
2473
2446
2446
2469
2468
2461
2445
2445
2469
2473
2460
2457
2445
2457
2642
2467
2449
2446
2467
2534
2459
2956
2456
2445
2492
2469
2458
2445
2445
2499
2460
2454
2446
2445
2499
2483
2467
2456
2446
2489
2470
2463
2452
2456
2445
2454
2461
2464
2446
2446
2497
2452
2462
2445
2449
2502
2454
2461
2456
2446
2502
2464
2459
2445
2446
2481
2458
2461
2446
2457
2462
2454
2460
2445
2445
2462
2508
2460
2445
2445
2477
2496
2459
2460
2445
2461
2496
2476
2445
2445
2460
2454
2459
2446
2460
2463
2454
2500
2461
2445
2461
2467
2506
2446
2445
2956
2461
2496
2463
2445
2445
2457
2508
2455
2446
2445
2462
2500
2462
2446
2445
2462
2500
2463
2446
2445
2459
2456
2462
2446
2445
2458
2456
2504
2445
2445
2456
2456
2503
2445
2445
2458
2456
2504
2445
2446
2457
2456
2465
2446
2445
2467
2472
2459
2455
2458
2461
2455
2458
2498
2445
2458
2456
2466
2488
2450
2461
2459
2456
2489
2629
2495
2461
2456
2520
2459
2446
2473
2458
2507
2446
2456
2466
2479
2465
2458
2445
2445
2456
2458
2456
2458
2445
2457
2459
2501
2445
2445
2457
2462
2478
2445
2460
2457
2461
2477
2459
2446
2456
2478
2478
2445
2446
2477
2466
2457
2582
2445
2445
2460
2479
2458
2445
2445
2471
2459
2458
2445
2445
2459
2457
2479
2445
2445
2453
2460
2517
2446
2460
2459
2458
2472
2459
2446
2456
2461
2458
2468
2445
2466
2457
2467
2505
2468
2457
2464
2469
2505
2446
2457
2478
2459
2505
2446
2446
2465
2458
2531
2446
2446
2462
2470
2461
2489
2445
2457
2456
2456
2448
2446
2455
2457
2460
2468
2445
2459
2458
2464
2471
2445
2445
2458
2468
2480
2445
2446
2458
2464
2479
2446
2446
2458
2472
2457
2445
2446
2458
2480
2458
2447
2458
2461
2460
2456
2466
2445
2458
2475
2457
2473
2445
