2597
2583
2577
2629
2576
2611
2580
2603
2586
2585
2597
2583
2601
2587
2595
2604
2569
2568
2604
2584
2607
2579
2569
2580
2583
2610
2584
2568
2579
2577
2605
2594
2577
2570
2584
2602
2588
2578
2570
2576
2610
2585
2599
2576
2568
2597
2596
2578
2582
2576
2596
2569
2576
2591
2579
2596
2568
2598
2579
2583
2614
2568
2569
2579
2582
2963
2588
2581
2588
2584
2597
2874
2587
2612
2574
2570
2583
2579
2616
2578
2569
2568
2577
2593
2591
2570
2569
2586
2594
2580
2594
2568
2569
2598
2578
2579
2569
2568
2597
2585
2579
2578
2568
2568
2576
2581
2575
2569
2569
2588
2591
2590
2590
2577
2586
2592
2595
2587
2569
2585
2613
2588
2579
2597
2585
2568
2592
2587
2583
2585
2576
2590
2586
2582
2614
2568
2576
2579
2587
2593
2569
2584
2583
2587
2594
2589
2586
2569
2590
2595
2583
2569
2574
2583
2778
2584
2586
2596
2569
2592
2578
2579
2594
2579
2589
2589
2586
2595
2580
2593
2568
2580
2590
2581
2580
2568
2569
2580
2578
2568
2617
2593
2594
2656
2581
2830
2574
2580
2584
2579
2596
2570
2568
2584
2585
2586
2584
2568
2568
2587
2578
2591
2568
2569
2581
2679
2581
2640
2576
2568
2588
2578
2669
2611
2575
2598
2585
2579
2579
2578
2590
2574
2579
2580
2580
2597
2575
2585
2579
2584
2576
2568
2570
2587
2576
2585
2575
2570
2593
2578
2583
2598
2571
2577
2579
2582
2605
2596
2569
2569
2590
2603
2587
2568
2577
2583
2604
2594
2569
2569
2580
2608
2582
2582
2569
2577
2610
2581
2591
2568
2569
2609
2580
2575
2569
2578
2601
2580
2583
2584
2570
2569
2581
2577
2582
2569
2578
2589
2577
2586
2576
2569
2583
2594
2586
2602
2598
2570
2586
2577
2584
2580
2568
2570
2578
2584
2579
2587
2574
2569
2576
2580
2583
2571
2569
2584
2578
2588
2585
2568
2568
2578
2582
2577
2568
2569
2579
2583
2576
2578
2569
2569
2597
2579
2584
2568
2568
2578
2588
2581
2580
2568
2568
2586
2575
2577
2576
2569
2592
2577
2583
2587
2574
2589
2577
2576
2586
2579
2569
2635
2577
2579
2578
2577
2618
2569
2897
2602
2580
2591
2598
2568
2568
2581
2584
2585
2589
2573
2573
2593
2577
2579
2578
2569
2585
2580
2582
2578
2570
2590
2579
2589
2578
2583
2568
2580
2579
2579
2581
2582
2569
2582
2583
2594
2578
2569
2576
2577
2577
2568
2667
2717
2600
2575
2590
2578
2568
2574
2582
2591
2578
2568
2577
2578
2580
2587
2575
2569
2583
2584
2580
2585
2569
2576
2577
2586
2593
2569
2569
2577
2583
2598
2580
2577
2569
2585
2591
2591
2573
2568
2586
2592
2576
2576
2577
2569
2595
2577
2576
2568
2568
2601
2589
2578
2595
2577
2583
2586
2584
2578
2580
2583
2576
2586
2586
2593
2582
2568
2582
2576
2579
2604
2576
2569
2582
2576
2584
2568
2568
2583
2583
2577
2603
2577
2568
2582
2577
2580
2583
2568
2578
2578
2592
2579
2579
2569
2578
2602
2580
3096
2588
2584
2569
2659
2576
2576
2591
2619
2574
2568
2584
2588
2577
2582
2574
2569
2579
2578
2599
2576
2569
2569
2578
2585
2576
2569
2569
2574
2581
2591
2577
2568
2568
2583
2587
2580
2581
2575
2569
2578
2590
2580
2575
2568
2581
2588
2580
2595
2569
2569
2585
2580
2595
2569
2568
2584
2580
2595
2580
2568
2576
2580
2593
2581
2569
2568
2580
2600
2581
2585
2578
2585
2568
2615
2777
2592
2576
2589
2596
2568
2577
2592
2579
2593
2568
2576
2579
2577
2606
2586
2569
2579
2589
2595
2578
2577
2572
2575
2580
2584
2589
2579
2572
2576
2581
2578
2596
2569
2568
2659
2601
2579
2582
2593
2569
2628
2596
2585
2607
2569
2584
2578
2577
2585
2603
2568
2568
2583
2579
2580
2584
2569
2569
2593
2575
2594
2568
2573
2575
2590
2593
2593
2568
2568
2589
2589
2577
2580
2576
2569
2590
2586
2590
2578
2569
2576
2578
2575
2593
2585
2569
2569
2583
2577
2594
2569
2599
2575
2585
2593
2588
2568
2570
2579
2586
2577
2593
2569
2569
2588
2577
2586
2568
2576
2588
2578
2591
2584
2658
2568
2584
2577
2577
2568
2576
2581
2581
2592
2594
2578
2568
2594
2578
2584
2592
2568
2569
2576
2587
2582
2587
2576
2569
2575
2591
2586
2569
2569
2581
2596
2579
2577
2576
2569
2588
2579
2585
2569
2569
2594
2587
2579
2569
2568
2582
2587
2594
2578
2569
2587
2590
2584
2581
2570
2569
2603
2579
2599
2578
2568
2582
2576
2579
2577
2577
2581
2569
2583
2579
2584
2584
2583
2622
2579
2587
2592
2617
2578
2577
2588
2634
2614
2590
2651
2577
2578
2569
2586
2579
2588
2583
2568
2577
2615
2585
2583
2585
2569
2568
2573
2585
2578
2568
2569
2579
2600
2590
2581
2569
2569
2603
2594
2579
2595
2574
2584
2589
2584
2618
2582
2584
2593
2588
2585
2601
2584
2569
2578
2581
2598
2569
2577
2581
2587
2590
2597
2568
2568
2598
2590
2706
2582
2629
2569
2597
2590
2650
2619
2568
2588
2589
2622
2594
2569
2593
2592
2620
2586
2579
2588
2569
2595
2584
2587
2581
2569
2597
2578
2575
2601
2581
2573
2586
2579
2585
2579
2569
2595
2577
2577
2581
2569
2568
2577
2595
2578
2583
2569
2572
2588
2585
2591
2577
2568
2585
2616
2581
2584
2578
2569
2608
2578
2589
2577
2568
2602
2634
2579
2577
2576
2595
2569
2589
2602
2579
2597
2576
2570
2582
2593
2615
2568
2568
2591
2580
2615
2583
2568
2569
2580
2616
2584
2569
2575
2580
2610
2583
2591
2569
2568
2616
2583
2583
2569
2576
2611
2583
2585
2586
2568
2571
2590
2584
2579
2569
2577
2580
2584
2586
2585
2568
2570
2589
2577
2576
2575
2582
2580
2582
2585
2660
2583
2576
2579
2582
2580
2608
2570
2569
2584
2588
2592
2568
2576
2579
2587
2591
2576
2569
2569
2597
2593
2668
2587
2572
2569
2598
2583
2608
2625
2569
2695
2578
2583
2595
2586
2587
2569
2576
2578
2608
2603
2569
2568
2576
2576
2593
2569
2571
2587
2578
2606
2589
2570
2569
2579
2604
2580
2584
2568
2569
2602
2580
2587
2568
2568
2601
2578
2586
2585
2569
2569
2580
2588
2587
2569
2576
2581
2585
2580
2598
2569
2569
2593
2581
2588
2579
2579
2570
2580
2592
2581
2582
2585
2587
2587
2580
2605
2568
2569
2585
2584
2591
2568
2569
2580
2584
2595
2598
2568
2569
2997
2593
2588
2590
2569
2568
2593
2586
2583
2585
2568
2582
2587
2581
2586
2579
2582
2569
2582
2585
2579
2582
2570
2583
2582
2579
2598
2568
2584
2584
2580
2600
2569
2570
2577
2578
2591
2589
2570
2585
2579
2590
2585
2571
2569
2587
2579
2592
2580
2569
2569
2579
2598
2580
2569
2568
2577
2600
2594
2577
2568
2569
2590
2850
2586
2637
2569
2581
2609
2576
2611
2774
2574
2579
2584
2582
2576
2584
2571
2569
2580
2578
2623
2583
2569
2575
2586
2588
2591
2578
2569
2590
2592
2590
2578
2569
2576
2594
2585
2591
2580
2569
2576
2585
2584
2580
2575
2576
2586
2585
2585
2588
2576
2575
2586
2577
2622
2580
2576
2587
2583
2581
2590
2569
2577
2584
2578
2595
2568
2594
2581
2577
2580
2586
2571
2568
2578
2582
2583
2580
2569
2585
2576
2602
2580
2581
2568
2592
2591
2585
2579
2568
2576
2592
2591
2581
2584
2569
2582
2596
2580
2586
2569
2588
2590
2580
2595
2580
2583
2569
2586
2588
2580
2588
2569
2584
2588
2591
2599
2575
2607
2592
2581
2599
2586
2570
2587
2579
2608
2587
2571
2575
2582
2579
2588
2576
2569
2578
2585
2585
2582
2569
2575
2580
2591
2598
2569
2569
2585
2598
2598
2569
2572
2585
2585
2676
2589
2622
2569
2587
2588
2591
2588
2577
2576
2590
2590
2587
2579
2575
2576
2580
2582
2580
2582
2569
2581
2591
2580
2576
2575
2589
2584
2579
2624
2570
2576
2584
2586
2586
2569
2578
2584
2579
2587
2586
