253
262
279
254
253
253
253
253
253
254
259
282
254
253
262
253
253
253
253
254
286
254
254
253
253
253
253
265
254
253
253
254
254
254
253
254
268
253
253
254
254
253
253
254
253
263
253
253
253
268
253
254
253
254
253
253
253
253
254
253
253
253
286
253
254
253
253
253
253
253
254
253
253
253
253
264
253
253
254
253
253
253
254
253
253
254
253
253
272
253
254
254
254
284
254
253
254
254
253
253
253
253
253
253
263
254
253
253
253
254
254
255
253
253
267
253
253
253
257
253
253
254
253
254
253
253
253
253
253
298
261
253
253
254
254
253
301
253
254
254
254
254
254
253
257
267
253
253
253
253
254
253
254
253
253
254
256
253
254
253
254
254
254
253
253
254
261
282
253
253
253
253
253
254
253
254
253
253
253
253
253
259
254
253
253
253
254
253
254
253
314
259
283
254
263
253
255
253
253
253
253
253
262
253
253
254
254
263
254
253
253
253
254
253
253
253
274
253
253
253
253
253
253
253
253
254
253
254
253
261
253
253
254
270
254
253
253
253
253
253
253
253
255
253
254
253
253
254
286
253
253
253
268
253
254
257
253
281
253
253
253
253
253
254
254
253
253
264
253
255
254
270
253
254
254
253
253
253
253
253
264
254
254
253
254
254
253
253
253
253
253
253
253
253
253
253
253
253
253
254
253
253
253
266
253
254
254
254
253
253
254
254
266
254
253
254
253
253
253
253
253
253
254
253
253
253
253
253
253
253
253
254
253
253
254
278
254
253
253
254
253
254
253
254
286
254
253
253
253
253
254
253
253
266
253
253
253
254
253
254
254
253
299
254
254
253
254
253
253
253
254
263
254
254
262
253
254
253
253
253
253
253
254
253
253
254
253
253
264
254
254
253
253
253
253
253
253
253
253
254
253
257
271
264
254
254
253
253
254
253
254
254
254
265
253
256
254
280
266
253
254
254
254
253
253
253
253
253
278
254
264
253
253
254
253
254
253
254
253
265
254
254
253
253
254
253
269
254
264
254
253
253
253
253
254
254
254
253
254
253
263
254
254
253
253
254
254
253
254
254
253
266
254
264
254
253
253
254
253
254
253
253
254
253
254
318
254
257
254
253
254
253
254
254
253
253
253
253
253
254
256
254
254
254
254
254
254
253
260
254
253
254
253
254
254
254
254
264
254
254
254
254
253
253
254
253
253
253
254
253
254
263
254
254
253
254
253
254
254
254
262
253
254
254
253
253
254
254
253
253
253
253
254
254
253
254
253
253
253
254
253
253
254
253
253
253
253
264
253
253
254
253
253
253
253
253
253
253
254
253
253
253
254
253
254
253
253
253
254
253
253
285
253
254
253
266
254
263
254
253
253
253
253
253
253
254
253
253
267
254
254
268
253
253
253
253
253
253
253
253
254
254
254
253
254
254
254
253
253
253
253
253
254
269
284
253
253
253
253
253
253
254
262
254
253
253
253
307
254
253
253
253
253
253
255
253
253
253
254
254
264
253
254
253
253
277
253
253
253
253
253
253
253
253
253
253
253
253
253
254
253
253
304
253
253
254
254
253
253
253
253
254
253
254
254
254
253
254
254
254
253
253
254
253
253
259
253
254
254
253
254
253
254
253
253
253
254
261
253
253
253
254
254
254
254
254
253
253
253
253
254
254
253
254
254
254
254
254
279
253
253
253
253
261
253
253
254
253
254
253
254
253
253
254
253
253
253
284
253
253
254
254
254
253
253
253
294
253
253
253
253
253
254
254
254
253
267
254
254
254
258
254
253
253
253
253
278
253
298
276
265
254
253
291
260
253
253
253
254
254
253
253
254
266
253
253
253
253
253
254
253
254
265
253
253
253
254
253
253
257
253
253
253
253
254
253
254
254
254
254
254
257
254
253
265
269
271
253
253
254
254
253
253
254
254
263
254
254
253
253
254
254
254
254
253
254
253
254
263
253
253
253
253
253
254
253
254
254
253
262
253
272
254
253
253
254
253
254
253
253
270
253
253
253
253
260
253
254
276
263
256
254
254
254
254
254
254
253
253
253
254
254
253
266
254
254
254
263
254
254
254
253
253
254
253
254
254
254
254
253
253
253
253
254
261
254
281
253
253
253
304
253
254
254
253
253
253
253
253
291
253
254
254
253
254
253
253
254
254
253
253
253
254
253
253
253
270
254
254
253
254
253
253
258
253
274
253
266
253
254
254
254
254
253
253
254
254
254
254
253
253
299
253
253
253
256
253
264
253
253
254
267
253
253
253
253
253
253
253
259
265
258
254
254
254
254
253
253
253
263
254
253
253
254
254
254
254
254
261
253
253
254
253
267
254
253
253
254
253
253
253
253
261
254
254
253
253
261
253
253
263
264
254
253
254
253
254
253
254
254
253
253
253
254
263
277
262
254
253
254
253
253
253
254
265
254
253
253
253
253
253
253
253
253
254
262
253
254
253
253
254
254
283
253
253
254
253
253
253
253
253
299
254
253
254
253
253
253
254
253
254
253
254
253
254
254
262
254
253
254
253
253
259
263
254
254
253
254
253
253
253
253
274
253
253
253
253
253
254
253
253
254
254
254
253
253
254
254
253
253
254
253
254
253
253
266
253
253
253
253
254
253
253
253
254
254
253
253
305
253
253
253
253
254
254
253
254
264
262
253
254
261
253
254
254
254
266
254
254
253
254
253
254
254
254
264
253
254
253
253
254
253
253
253
253
254
253
253
264
254
254
254
254
254
253
268
253
254
254
263
254
253
254
253
254
254
253
253
254
254
254
254
253
254
253
254
253
253
253
263
253
254
254
254
253
264
253
253
253
253
253
253
253
253
253
253
253
292
253
254
254
254
254
253
254
254
268
254
253
254
253
271
253
253
253
263
254
254
253
254
253
254
254
254
253
253
253
262
254
254
254
253
253
298
254
254
254
253
253
253
254
253
260
254
254
253
253
253
253
254
257
253
253
253
254
253
253
253
253
254
265
254
253
254
259
254
253
254
253
254
253
253
253
253
254
253
253
253
262
254
253
253
253
253
253
253
268
