382
382
394
382
411
382
382
382
389
427
382
383
391
382
382
382
382
382
383
382
382
381
381
396
381
381
381
403
382
382
382
394
382
382
387
395
382
382
382
382
382
382
382
382
382
382
382
382
381
382
381
382
390
382
401
382
381
388
394
382
382
398
394
382
382
382
432
382
382
390
392
382
382
382
382
382
382
399
382
382
388
382
382
382
382
395
382
382
381
431
382
382
383
410
382
382
383
415
382
383
382
382
382
382
381
383
382
382
382
382
382
382
382
383
382
382
382
382
382
381
382
382
382
382
393
392
382
382
411
382
382
382
492
382
382
382
385
382
381
382
381
444
382
382
383
382
386
397
382
382
382
382
382
382
382
382
385
382
382
382
382
409
382
391
382
382
381
382
382
382
382
382
385
382
382
381
381
382
382
382
382
382
382
382
381
389
382
408
388
428
382
382
382
382
382
382
382
381
382
382
382
381
382
382
382
390
382
382
382
382
410
382
383
382
382
382
382
382
382
382
382
382
387
382
383
382
382
382
382
382
390
382
382
382
382
382
382
382
382
382
382
382
399
382
382
382
395
382
382
382
392
382
382
391
396
398
382
382
396
382
382
382
399
382
382
392
407
382
382
382
392
382
382
382
382
382
386
382
382
382
382
382
382
382
382
382
382
382
391
383
382
382
383
382
382
382
382
382
382
390
382
406
382
382
385
382
382
382
382
381
382
389
382
417
382
382
382
397
382
382
382
413
389
382
382
396
382
382
382
430
382
381
382
400
382
382
382
410
382
382
381
398
382
382
382
415
382
382
382
396
382
382
382
420
388
382
382
392
382
382
381
382
382
382
382
382
382
382
389
411
382
381
399
398
411
382
382
382
382
382
382
382
382
382
382
382
382
382
382
423
392
392
382
382
382
382
382
382
382
382
382
390
382
381
382
382
389
390
382
382
382
382
382
382
382
381
675
446
382
382
382
390
394
382
382
383
394
382
385
382
382
382
399
461
381
382
382
393
391
382
382
382
417
382
381
382
382
383
382
382
391
382
382
382
389
381
382
382
382
382
382
391
382
382
382
382
382
382
382
382
382
391
382
390
381
382
382
382
382
382
381
382
388
382
392
383
382
393
397
382
382
382
407
382
382
382
403
382
382
382
437
383
382
391
383
382
382
382
382
383
382
382
386
387
382
382
382
382
382
382
383
383
382
382
382
382
382
382
382
382
382
383
382
383
382
382
405
382
383
393
382
382
383
393
383
382
382
392
382
382
382
421
382
382
382
382
382
382
382
382
382
382
382
382
382
382
382
382
382
409
382
382
382
383
382
382
382
382
382
382
382
382
382
382
382
382
435
382
382
382
403
381
382
382
383
388
382
382
382
382
382
382
382
382
381
382
382
382
390
382
382
389
382
388
381
415
382
396
381
382
382
382
382
382
382
382
381
396
382
381
390
382
428
382
382
383
395
382
382
382
382
382
382
395
382
381
381
382
382
382
383
382
382
381
382
395
382
381
382
382
382
381
381
389
382
382
381
382
382
382
382
382
382
381
389
396
383
382
381
382
383
382
382
382
382
383
400
382
382
382
394
382
385
382
438
397
382
389
391
383
382
382
390
382
382
382
392
382
396
390
409
382
382
382
392
382
382
382
397
382
389
382
392
382
382
382
382
382
397
382
382
389
382
382
383
382
382
383
382
382
382
481
382
382
399
419
382
381
381
386
382
382
382
390
382
382
383
383
382
382
436
382
382
382
383
382
382
382
382
381
383
382
441
382
382
382
382
438
382
382
382
382
382
382
382
382
387
399
382
381
387
382
396
382
382
381
382
382
382
381
383
381
382
382
382
382
382
382
388
382
382
382
382
382
382
382
382
382
382
382
382
382
382
382
382
382
382
382
382
402
382
392
382
381
381
429
382
382
382
382
382
382
382
383
382
382
391
382
382
382
382
382
383
382
382
382
382
388
391
382
382
382
382
381
382
382
382
382
382
390
391
390
382
391
382
383
382
382
382
382
382
382
382
382
382
382
382
382
382
404
382
387
382
399
383
382
382
419
382
382
382
394
382
391
382
413
382
382
382
382
381
382
382
383
386
382
382
382
382
382
395
413
382
382
526
389
382
388
382
381
383
382
382
382
382
382
382
382
381
382
386
382
395
382
382
386
407
382
381
382
382
383
432
382
382
382
382
382
381
382
382
399
382
382
382
393
383
382
390
399
382
382
382
382
382
381
382
382
382
383
391
382
382
382
382
382
382
383
382
382
382
387
382
382
382
382
382
382
382
382
382
396
383
382
382
384
382
382
382
383
381
382
382
382
392
382
407
395
382
382
392
382
382
382
382
382
382
382
382
382
382
382
382
396
382
382
381
382
382
409
381
382
382
395
382
382
382
394
391
395
382
382
382
384
382
382
382
382
382
389
382
382
382
382
382
395
389
382
382
382
394
382
382
382
382
382
382
382
382
382
382
391
381
382
381
383
382
382
382
382
382
382
382
382
382
382
382
388
382
382
382
397
382
382
390
382
381
382
382
383
382
382
382
382
381
382
382
425
382
382
418
382
382
381
390
382
381
382
394
381
381
382
382
397
382
382
382
389
383
382
382
382
383
382
382
382
385
381
382
392
382
382
382
382
381
382
382
381
382
382
388
382
391
382
382
387
397
399
381
382
382
392
390
382
383
404
382
382
382
391
382
382
382
398
382
382
382
408
382
383
382
391
382
382
382
416
382
382
382
399
381
382
382
419
382
382
382
382
382
382
382
383
382
382
382
382
382
382
393
382
381
382
382
382
382
383
382
390
382
382
382
382
382
382
382
383
382
430
382
390
382
392
382
399
382
382
383
382
382
382
382
382
382
382
382
382
383
381
382
386
396
382
382
397
397
382
382
382
394
382
382
382
385
382
382
382
382
381
382
382
382
382
381
382
382
382
382
382
382
382
382
382
382
382
382
389
383
382
382
391
382
382
382
412
381
381
382
399
382
382
383
419
382
382
382
392
382
382
390
383
381
382
382
382
382
382
382
383
382
382
389
382
382
382
381
382
382
