529
523
511
510
511
511
510
511
564
528
510
522
511
511
540
510
511
511
510
511
511
526
521
511
511
511
510
511
565
510
518
511
510
510
510
533
513
510
510
510
510
510
533
522
510
523
510
510
510
511
519
511
523
511
511
511
511
540
510
522
511
510
511
511
510
513
519
510
510
510
519
511
511
537
510
510
521
510
510
512
510
510
510
526
510
510
510
510
510
519
510
510
510
556
511
511
510
510
510
516
523
510
510
516
511
510
511
512
511
510
520
510
511
510
511
510
511
511
510
510
539
512
510
511
511
511
510
510
517
511
521
510
510
511
510
513
510
511
510
510
523
510
511
510
511
511
510
520
511
512
539
510
511
511
511
511
511
520
518
510
540
510
564
510
510
511
510
518
511
542
511
511
511
536
511
510
511
511
511
510
510
510
510
510
510
537
510
524
572
510
510
511
510
515
510
511
511
510
520
511
511
510
530
511
511
563
511
511
511
511
510
511
522
511
510
511
511
511
510
524
510
510
511
511
510
510
518
511
511
510
516
517
511
529
511
511
511
511
510
510
536
511
510
512
511
511
510
537
511
511
510
511
511
510
548
510
510
510
511
510
524
539
510
536
511
510
511
511
518
510
511
510
511
511
520
534
511
511
511
511
511
511
538
511
511
510
511
511
510
567
510
511
528
511
520
511
535
511
511
510
510
510
511
528
514
511
511
510
511
510
510
510
511
510
510
510
510
510
525
510
511
527
510
510
549
511
511
511
510
510
510
535
510
511
524
510
510
510
511
511
511
510
511
511
511
510
510
518
517
510
527
511
511
511
521
519
511
511
511
510
511
511
520
511
511
510
510
510
510
518
511
510
511
511
510
511
535
511
510
527
511
510
510
518
510
519
510
510
510
510
536
516
511
511
525
513
511
520
511
518
545
510
511
510
510
528
510
518
511
526
511
511
511
511
510
557
528
511
511
522
511
511
511
518
510
511
521
511
511
511
510
510
510
511
510
510
528
511
510
510
510
511
511
510
511
510
519
510
510
510
511
510
512
511
511
510
511
510
512
511
511
516
510
520
520
511
511
511
511
512
510
521
511
515
510
511
511
511
521
510
511
511
511
514
510
538
511
511
510
511
511
510
540
511
511
511
511
511
512
519
510
511
511
517
510
510
533
511
511
510
511
511
511
511
529
510
510
511
510
510
520
510
510
535
511
510
510
525
511
510
541
510
510
511
510
511
511
521
510
511
511
524
511
520
511
511
511
536
510
510
510
510
510
511
539
511
510
511
510
510
510
546
510
516
525
510
511
511
511
511
513
533
510
510
510
511
511
511
536
511
511
510
511
510
511
544
511
510
516
521
511
510
511
510
510
520
510
510
511
510
510
511
511
511
511
517
510
511
524
510
510
511
510
510
510
522
510
530
511
510
510
514
517
510
510
538
510
511
511
511
511
511
539
511
510
510
511
511
511
511
511
510
530
510
511
511
510
511
510
512
510
510
525
510
511
510
510
510
510
524
510
510
543
510
510
510
520
510
510
548
511
510
510
511
511
511
520
526
511
511
511
510
510
511
510
511
519
511
524
510
510
511
511
522
510
511
511
511
510
511
545
510
511
511
510
510
511
537
511
510
510
511
510
510
510
511
511
528
511
511
511
511
511
511
510
538
511
519
510
511
511
510
546
511
511
510
511
511
510
521
510
511
510
511
510
510
541
511
510
510
510
516
510
511
511
511
531
519
511
511
511
531
510
560
511
511
511
555
510
511
526
511
510
510
511
531
510
511
537
511
518
511
510
510
510
523
511
510
534
511
517
511
510
510
526
511
511
544
521
510
510
511
510
510
510
532
510
510
544
511
517
510
510
511
511
542
511
510
510
511
511
511
547
510
511
510
511
511
510
517
511
510
520
510
510
511
527
511
510
671
510
511
522
511
523
510
510
510
510
510
539
510
555
511
562
531
511
510
511
510
511
511
531
511
543
510
510
511
510
510
510
510
522
511
510
511
511
511
522
523
511
516
510
511
510
510
521
511
521
511
510
510
510
535
510
511
522
510
511
511
510
510
511
519
511
511
510
553
511
510
511
510
510
511
534
510
510
510
510
510
511
535
518
511
511
511
510
510
534
511
510
511
511
511
511
511
567
510
511
511
512
511
537
511
511
511
511
511
511
510
511
518
511
510
510
511
542
511
511
511
511
511
511
519
510
511
511
510
511
515
511
511
510
511
511
510
511
510
510
510
538
511
510
513
510
511
511
556
511
510
511
510
510
510
544
511
511
518
510
518
510
510
511
511
525
510
511
511
511
511
510
522
526
510
510
511
510
511
518
510
511
510
511
519
510
524
511
510
511
510
510
511
536
511
511
511
510
511
511
538
511
510
510
511
511
511
558
511
510
510
510
510
526
534
511
511
511
510
511
511
533
511
511
511
510
511
511
525
511
511
510
511
511
511
511
511
510
511
529
510
510
511
510
510
511
525
510
510
510
510
511
511
527
511
521
510
530
511
510
511
511
510
517
511
511
511
511
510
511
536
522
511
511
510
511
510
510
510
511
520
511
510
511
511
511
511
519
510
512
510
518
511
511
522
511
510
511
510
510
522
511
511
519
522
510
511
511
510
510
510
529
511
511
525
511
510
510
522
510
510
511
511
510
510
511
511
511
510
512
510
518
512
511
511
523
510
511
510
510
511
511
531
512
511
522
513
511
522
511
511
510
522
510
510
510
511
511
510
510
526
511
523
511
510
511
511
510
510
519
511
534
511
511
511
511
511
511
510
511
519
510
510
511
510
510
540
524
510
510
510
510
510
511
521
510
511
510
510
510
510
549
510
510
526
510
510
510
520
510
511
511
510
511
511
529
510
511
510
510
510
511
518
510
511
511
510
510
510
536
511
510
563
523
510
524
511
511
511
511
510
511
521
527
511
510
511
534
526
510
510
511
521
511
510
510
511
510
511
519
510
520
548
510
511
510
511
511
510
523
511
511
511
511
511
510
535
510
511
511
510
513
510
510
510
511
511
511
511
510
520
510
510
510
510
511
511
522
