640
666
639
638
639
638
639
680
644
639
672
711
639
640
639
639
638
639
639
639
639
639
638
639
639
639
665
639
667
639
649
639
650
639
639
672
639
639
639
639
639
673
640
639
638
639
638
639
639
639
639
639
639
648
638
640
639
639
655
640
639
649
639
639
684
640
648
649
639
639
666
639
639
639
639
639
640
639
639
653
640
639
639
639
639
639
659
640
639
679
639
640
654
639
639
669
639
640
639
638
639
639
639
638
639
647
639
638
640
639
640
672
639
640
651
639
639
668
658
639
649
639
639
685
639
639
639
639
639
638
639
668
640
639
639
639
639
639
639
639
639
638
640
639
668
688
639
638
649
648
640
677
639
640
648
639
639
668
639
638
639
639
639
639
655
639
639
648
639
638
663
639
639
639
639
639
639
654
638
650
638
639
691
639
638
650
646
687
666
639
681
651
638
639
677
642
639
651
639
639
639
640
639
640
639
677
639
639
639
639
639
639
644
639
640
639
639
639
641
639
639
638
649
640
639
665
639
639
660
639
646
649
639
639
639
640
640
640
639
640
646
668
641
638
656
639
639
665
639
639
639
639
639
639
639
644
639
639
644
639
639
639
639
649
639
639
650
646
668
640
640
639
639
639
639
639
646
640
639
649
639
669
674
639
641
648
641
639
639
639
639
640
639
639
651
639
639
641
639
639
640
648
639
640
689
639
639
639
639
638
640
658
640
647
639
639
639
670
639
639
652
639
639
649
639
639
669
639
639
651
639
647
639
745
639
651
641
648
650
639
638
639
639
639
639
639
741
645
640
712
677
639
640
643
639
640
639
649
639
640
639
642
639
639
640
640
639
639
639
640
639
639
639
639
642
669
639
639
649
639
639
667
639
639
639
645
639
640
639
639
639
639
639
639
648
644
639
669
644
640
650
639
639
646
639
639
639
639
652
639
644
648
639
639
711
639
639
650
688
642
666
639
639
651
639
639
680
639
639
649
639
639
653
639
639
698
640
639
653
639
640
660
639
639
640
638
638
639
668
639
640
639
639
639
639
639
640
639
640
639
640
668
640
666
639
639
648
639
639
665
639
639
648
640
669
685
639
639
640
639
639
639
639
646
639
639
639
668
639
639
639
654
639
639
666
639
639
652
639
648
711
639
656
654
639
639
640
668
639
653
639
650
675
639
639
655
715
639
658
639
639
648
639
639
639
666
639
639
638
639
678
638
638
639
639
639
639
640
655
639
639
639
639
650
639
639
676
639
639
659
639
640
655
639
639
662
640
639
649
639
646
666
639
639
649
638
639
661
639
639
639
639
639
638
640
639
647
639
639
639
649
639
639
651
639
639
650
644
697
652
639
739
653
640
645
664
639
639
652
639
640
639
639
639
639
639
639
640
639
639
655
639
639
650
639
644
668
640
639
651
639
640
639
639
639
639
639
639
639
639
639
639
639
639
639
663
774
640
639
639
639
639
639
639
640
640
639
640
639
639
659
648
639
651
645
639
652
639
640
664
639
638
651
639
640
662
639
652
638
647
640
639
639
639
639
640
639
639
639
639
669
640
639
641
640
640
639
641
639
639
649
639
640
689
639
639
651
639
639
639
639
639
640
640
639
649
667
639
640
640
639
639
651
639
648
668
639
639
651
670
639
639
641
639
639
638
639
638
639
639
639
639
662
639
639
641
640
651
639
639
666
639
640
652
640
650
639
638
641
639
648
639
640
639
639
639
640
639
655
742
639
639
639
643
639
639
639
639
639
639
639
638
639
640
639
638
648
639
638
649
639
639
659
639
639
645
642
640
681
686
639
649
639
639
656
645
639
663
639
639
661
639
639
650
653
639
670
642
639
649
639
639
639
639
639
648
639
653
640
639
640
639
639
640
648
666
639
639
652
639
648
662
639
639
649
640
639
639
639
639
639
640
646
639
639
639
639
660
639
639
649
640
648
663
639
639
639
639
639
640
639
639
639
639
638
639
639
639
639
660
639
639
641
681
639
639
639
639
645
639
639
677
646
638
639
641
638
651
638
639
664
639
639
650
639
646
667
639
641
652
638
639
639
639
638
643
639
639
639
639
639
640
639
639
649
640
640
639
653
639
640
650
639
648
651
639
639
679
639
639
639
639
639
639
639
639
639
641
639
640
663
640
638
650
640
639
669
646
640
655
641
642
639
639
638
639
639
639
639
639
645
639
639
640
639
660
639
639
657
640
639
651
639
646
639
640
641
639
647
639
639
639
639
639
640
639
647
675
640
640
650
640
639
671
639
639
648
639
639
646
640
639
640
639
639
648
647
639
639
662
639
639
655
639
639
652
663
639
647
639
646
664
639
649
651
640
640
639
641
639
639
656
648
639
639
639
639
639
640
640
639
649
639
639
640
639
648
639
639
650
640
639
664
639
641
639
639
640
639
649
639
639
640
639
640
672
639
641
657
640
639
666
639
639
639
640
639
640
639
639
640
639
639
639
639
639
639
649
639
639
673
639
639
648
639
639
649
640
639
638
639
639
639
640
639
639
764
639
640
639
692
639
639
639
647
639
654
639
640
652
641
639
647
689
639
639
639
639
643
639
731
646
638
640
639
639
640
639
638
649
647
652
652
639
639
682
640
639
657
639
640
639
639
639
644
640
639
640
653
639
640
702
639
639
651
639
640
646
639
639
640
639
639
639
639
639
639
639
639
639
656
639
639
660
639
640
659
639
639
651
639
639
660
657
639
651
639
639
661
639
639
639
639
645
639
639
668
640
639
640
639
639
648
639
653
639
639
666
639
648
656
639
639
639
639
638
639
639
639
639
639
639
639
650
639
639
670
639
639
653
649
639
664
639
640
640
639
639
639
639
639
639
639
640
639
639
639
639
659
639
638
639
639
639
639
638
640
663
639
640
654
668
639
663
654
639
660
639
639
664
639
640
654
639
668
648
639
654
651
639
639
639
639
639
643
639
639
639
639
639
639
640
648
639
639
640
638
638
639
639
639
647
639
639
639
638
675
639
640
653
648
640
674
639
639
659
639
639
640
648
638
639
646
640
639
667
644
