768
767
767
776
767
796
842
768
768
802
779
820
778
768
767
767
768
767
791
768
781
778
767
768
778
776
778
768
774
794
767
767
767
768
768
767
774
768
767
767
785
768
768
814
776
768
792
767
768
768
767
768
768
767
782
768
768
793
767
768
809
767
767
768
767
767
767
768
777
768
767
776
768
772
768
768
768
767
784
768
767
768
778
782
768
805
767
768
767
767
767
768
768
775
768
781
789
768
768
779
768
768
791
768
768
783
767
782
768
767
767
768
767
780
768
768
799
768
768
780
767
768
768
768
767
768
777
768
768
768
777
768
768
781
776
767
768
767
768
767
767
767
782
768
785
768
767
780
767
768
831
768
768
767
780
767
767
768
767
767
768
777
768
767
777
768
768
768
767
767
767
767
777
767
768
784
768
782
768
767
768
800
788
774
778
767
774
768
768
805
767
767
890
783
768
768
771
767
768
774
789
768
768
771
768
783
768
803
768
768
767
779
768
768
780
774
768
782
767
784
768
767
767
775
773
796
768
768
808
767
767
780
768
768
768
768
767
768
767
768
781
767
779
767
767
781
768
767
778
767
768
767
774
768
768
768
768
767
768
773
768
768
776
768
774
786
767
768
776
768
768
780
768
767
768
767
775
768
767
768
768
768
767
767
768
780
768
768
802
768
767
781
768
775
798
768
768
768
768
768
768
767
768
767
768
798
768
768
781
768
768
793
768
768
781
767
768
801
768
767
767
777
767
767
769
869
767
768
778
767
767
793
767
767
768
786
792
768
768
779
768
768
778
768
768
778
768
782
785
768
768
767
768
768
768
768
768
768
767
780
768
767
801
768
768
778
768
768
779
767
768
806
768
768
768
767
768
767
768
768
767
768
797
774
768
784
767
767
794
776
768
767
768
768
768
768
767
775
768
781
768
768
793
768
767
786
768
768
768
767
768
767
784
768
798
788
768
768
777
768
768
768
767
794
768
767
780
768
767
768
768
767
768
768
789
768
768
778
782
768
767
768
768
768
767
767
768
768
803
768
774
779
768
767
794
768
768
768
768
767
768
768
768
768
767
796
767
767
781
767
767
791
768
768
779
768
768
767
767
767
768
767
768
768
768
778
767
768
793
767
767
781
767
768
767
768
768
776
768
768
768
768
781
772
768
792
767
767
778
776
768
768
767
768
768
768
768
768
768
779
768
775
792
767
768
781
768
768
798
767
768
767
767
768
767
767
793
767
767
792
768
768
768
768
775
780
820
794
767
768
768
768
775
768
767
779
768
767
790
768
773
768
767
768
768
768
768
774
768
781
767
767
789
767
768
778
768
768
768
775
808
767
787
768
767
793
768
779
768
768
777
768
768
768
767
768
797
767
797
806
767
768
767
771
767
768
778
767
769
809
768
768
780
767
768
768
767
767
768
777
796
767
784
780
767
767
787
777
767
779
767
769
768
768
784
767
768
768
767
767
775
768
767
779
768
768
804
768
768
780
768
768
767
768
768
768
768
768
768
768
786
768
768
780
768
768
798
767
776
768
767
789
767
768
779
768
768
779
768
767
767
783
768
768
776
775
768
767
780
767
834
767
768
767
768
767
796
767
767
779
776
780
767
768
784
767
767
791
767
768
778
768
768
768
768
768
776
768
773
767
767
779
768
768
807
768
768
783
768
779
767
768
778
768
767
778
774
768
768
767
776
767
768
773
768
767
777
768
768
799
783
768
768
767
775
767
773
812
768
790
777
768
767
767
768
768
768
768
798
768
773
811
768
768
767
767
767
774
792
768
801
768
768
784
787
767
830
768
777
773
767
768
767
767
767
767
788
767
768
782
768
777
768
768
768
767
767
781
768
783
783
767
783
774
768
767
768
767
768
767
768
815
768
768
781
773
768
768
768
768
768
768
768
768
776
767
768
768
799
768
768
789
777
767
797
768
767
768
767
767
778
767
782
768
767
792
798
767
776
768
768
768
767
787
767
768
792
767
768
768
783
768
768
768
788
768
767
794
771
795
780
767
785
774
768
768
767
768
791
767
767
778
767
768
768
767
767
767
768
777
768
768
768
768
767
773
767
771
777
768
767
767
768
767
781
768
831
767
768
790
819
768
767
768
774
781
771
797
784
781
789
768
779
767
767
781
768
768
768
803
767
767
767
805
767
768
787
768
775
768
767
781
774
768
793
767
768
779
768
767
780
767
791
768
768
779
768
768
792
768
768
794
768
768
770
767
768
767
767
791
767
767
780
768
767
768
768
776
768
768
768
768
767
796
775
771
782
784
767
794
768
767
768
767
768
768
780
768
768
784
794
772
768
782
767
768
793
768
782
775
768
783
775
768
768
768
768
779
776
768
788
768
768
800
768
768
786
768
768
767
768
768
768
768
768
768
768
781
768
768
803
768
767
782
768
767
767
775
781
768
768
803
768
767
785
787
767
767
782
768
768
768
768
768
768
785
767
782
794
768
768
781
768
767
790
776
768
767
768
769
767
768
782
768
767
796
768
767
767
767
787
776
768
807
767
767
783
768
768
806
768
768
794
768
768
783
768
768
771
767
785
768
767
794
767
768
780
768
768
767
767
767
768
767
776
767
768
800
783
767
784
767
777
768
767
767
768
786
767
768
784
780
768
768
796
768
767
780
768
773
768
768
768
775
767
797
768
782
780
768
767
792
767
768
782
777
768
768
768
768
768
768
768
779
768
788
768
768
784
768
767
799
768
767
780
768
767
783
767
796
768
768
793
768
768
768
768
768
767
768
782
767
767
778
768
778
768
780
767
768
784
768
767
767
789
768
768
788
767
785
778
767
787
767
768
767
768
767
813
768
782
779
768
767
768
768
767
767
782
783
768
767
812
768
768
784
776
768
768
767
778
768
768
776
776
768
828
768
768
767
767
779
767
767
790
781
767
768
850
779
768
813
799
768
768
768
780
767
768
801
768
768
768
800
768
768
787
767
781
809
768
801
768
768
777
767
768
768
768
768
798
768
768
787
768
768
781
768
767
804
767
768
773
768
768
768
767
780
767
777
796
767
768
784
768
768
800
