897
905
896
899
910
896
971
896
922
896
901
908
896
895
907
895
934
896
896
896
896
917
896
896
920
919
917
896
896
909
896
919
896
896
896
898
913
896
896
897
896
906
896
896
897
897
905
897
897
910
896
896
896
897
906
896
896
896
896
897
896
909
927
896
896
896
896
915
896
896
897
896
933
896
896
912
897
897
897
896
906
896
896
903
897
907
896
897
897
897
896
897
896
966
897
913
896
896
906
912
896
896
896
902
924
897
897
896
908
896
911
897
896
905
896
910
927
896
896
896
896
912
896
896
896
898
906
896
896
897
897
906
896
896
897
897
937
897
896
922
896
905
912
896
921
896
896
897
896
920
896
896
912
897
918
896
1052
896
906
896
905
905
898
920
910
910
896
896
911
897
896
897
1055
906
896
896
896
904
908
897
896
896
908
895
896
951
896
924
896
909
896
905
917
896
896
896
896
896
896
896
911
896
897
896
896
907
896
903
908
896
896
897
896
908
896
904
896
896
922
897
897
910
903
924
896
896
908
895
896
904
897
967
911
896
896
955
896
896
908
896
896
910
906
897
903
977
908
896
896
896
896
907
1036
922
897
914
897
896
931
896
896
909
896
912
896
897
916
896
896
896
896
897
897
941
896
897
896
897
897
896
896
905
896
897
910
896
920
896
896
909
896
896
896
897
915
917
896
897
896
896
897
896
908
897
896
896
912
907
896
896
914
897
896
896
896
928
896
911
905
898
897
897
897
905
896
896
896
896
924
896
898
918
896
896
897
896
903
897
896
920
897
898
896
897
902
896
896
897
896
896
911
897
905
896
897
896
896
904
897
898
914
904
896
898
897
936
896
896
897
896
919
896
897
896
898
907
896
896
920
896
896
896
916
920
896
897
897
896
908
897
896
922
896
911
905
896
908
896
896
897
896
896
904
896
922
896
896
897
896
896
906
903
907
993
902
896
912
907
904
896
896
896
934
896
896
897
896
916
896
899
896
896
910
896
896
896
895
921
896
896
896
897
907
897
897
915
896
896
896
896
934
896
896
896
896
916
896
896
909
896
925
896
905
896
896
920
897
897
909
909
897
896
896
918
896
896
896
896
916
896
899
911
897
896
896
896
910
896
896
897
896
912
905
897
896
897
908
938
896
905
896
961
897
896
897
897
1089
896
896
896
897
934
896
909
920
896
896
896
906
896
896
924
896
918
945
896
896
896
920
896
897
896
902
906
896
904
920
896
905
896
897
909
896
903
897
911
909
896
896
896
906
908
896
910
896
896
907
896
899
918
896
897
896
896
917
904
896
896
896
913
897
897
896
896
937
897
896
896
896
911
896
897
908
896
904
896
976
897
896
908
903
896
896
896
922
908
897
901
904
929
896
896
904
896
896
936
896
910
897
896
896
896
920
904
897
897
896
907
896
896
903
896
906
897
897
906
896
903
897
896
917
896
896
907
897
904
896
896
910
896
897
896
896
926
896
897
910
896
902
896
903
908
896
896
897
896
918
896
896
926
896
905
897
896
897
905
918
896
896
896
896
924
903
896
896
895
913
896
897
923
909
907
896
896
910
896
896
904
897
907
896
903
897
897
930
897
896
911
897
896
896
897
1029
896
908
896
896
933
896
908
896
896
896
896
938
896
911
896
896
911
1037
897
900
896
909
896
902
896
896
906
910
896
923
896
908
897
896
896
903
931
896
896
896
897
924
914
896
896
896
921
896
896
896
910
923
896
896
897
897
920
896
896
896
897
939
896
911
905
896
917
897
896
914
897
915
896
896
905
897
896
896
921
896
950
912
896
1021
906
909
896
896
907
896
922
896
897
909
929
913
910
897
908
896
897
896
903
916
897
914
896
896
907
896
897
925
896
910
897
896
924
897
896
896
896
912
896
896
920
896
915
896
897
911
896
896
896
905
909
896
896
912
896
907
906
897
897
896
907
909
896
897
906
908
896
896
927
897
896
905
902
918
897
896
896
896
924
905
896
897
901
919
896
912
904
896
922
896
896
896
896
920
899
896
921
897
897
896
896
927
896
896
896
896
924
897
905
897
896
909
1165
897
909
904
912
896
925
896
896
896
906
920
909
896
927
911
896
896
905
910
896
897
896
904
910
905
897
896
896
908
896
896
897
899
909
896
912
896
903
908
905
896
896
897
926
896
897
921
896
896
896
897
920
896
897
897
896
928
897
896
896
896
922
896
896
908
904
922
911
896
905
896
896
896
896
908
909
909
896
896
909
896
896
897
896
908
896
896
923
896
895
896
904
918
895
896
897
896
922
896
896
896
902
908
896
896
897
896
932
896
896
896
896
896
899
896
914
896
896
896
896
918
896
896
896
897
896
896
896
908
897
896
1223
896
919
897
922
896
896
934
904
907
897
904
900
896
907
896
896
896
926
911
897
903
896
896
897
896
896
919
896
918
897
897
906
896
899
896
896
909
896
902
896
905
936
896
896
908
896
896
896
896
935
896
896
896
896
908
905
896
896
896
897
924
896
908
896
896
896
897
910
896
896
905
896
925
911
896
896
896
896
896
896
907
918
896
896
913
915
896
896
896
896
908
896
925
907
897
896
896
903
911
896
905
897
897
935
897
897
896
896
906
896
897
920
896
896
896
905
923
897
896
896
896
896
902
896
908
896
896
912
896
986
908
896
897
896
909
926
897
905
896
907
896
896
907
896
896
905
924
907
897
896
897
896
917
896
896
906
896
910
896
896
915
897
896
896
896
908
897
897
907
897
898
896
896
906
896
904
896
896
936
897
896
897
896
905
897
897
906
896
896
925
897
924
896
896
897
896
912
897
896
906
913
897
896
896
909
896
896
897
896
902
896
897
896
898
919
896
896
909
896
897
905
896
910
896
898
919
897
896
901
896
903
896
925
897
896
908
896
896
896
896
905
896
897
932
897
919
896
896
905
896
896
897
896
903
896
896
897
896
929
896
957
896
896
917
925
896
896
897
936
896
896
896
896
918
897
896
905
898
896
897
896
905
896
896
896
914
908
905
898
896
896
916
897
896
906
896
925
896
896
908
896
896
896
897
904
