1025
1065
1025
1025
1025
1029
1036
1024
1056
1024
1039
1025
1024
1044
1024
1037
1025
1059
1025
1025
1038
1025
1051
1024
1034
1025
1025
1046
1025
1037
1025
1025
1025
1025
1035
1025
1065
1028
1024
1025
1025
1044
1025
1042
1024
1025
1042
1028
1042
1025
1025
1025
1025
1051
1025
1036
1024
1025
1025
1025
1035
1025
1033
1025
1025
1050
1025
1035
1025
1025
1025
1025
1047
1025
1025
1032
1025
1036
1025
1036
1024
1024
1050
1025
1058
1025
1053
1024
1025
1025
1024
1025
1025
1035
1025
1025
1039
1025
1025
1025
1049
1041
1034
1029
1024
1025
1025
1041
1025
1025
1025
1041
1025
1024
1038
1025
1033
1024
1024
1025
1025
1066
1024
1034
1024
1032
1025
1046
1038
1025
1046
1025
1025
1025
1025
1059
1034
1036
1024
1025
1040
1024
1036
1034
1038
1024
1025
1025
1025
1036
1041
1049
1025
1025
1033
1025
1051
1025
1037
1024
1025
1025
1024
1047
1033
1047
1025
1025
1025
1041
1044
1024
1049
1024
1025
1025
1024
1050
1025
1025
1025
1039
1025
1044
1025
1122
1041
1025
1078
1025
1042
1025
1035
1024
1032
1025
1024
1034
1024
1047
1025
1033
1025
1025
1043
1039
1035
1025
1034
1049
1024
1036
1025
1025
1025
1041
1034
1025
1052
1024
1025
1033
1034
1047
1025
1055
1025
1024
1039
1034
1025
1025
1024
1043
1025
1062
1033
1025
1025
1025
1033
1025
1049
1033
1025
1052
1025
1082
1025
1025
1028
1025
1029
1025
1034
1052
1032
1041
1025
1037
1024
1037
1025
1024
1025
1054
1048
1041
1034
1025
1034
1025
1025
1068
1025
1025
1025
1051
1025
1025
1034
1024
1025
1024
1034
1025
1025
1030
1025
1025
1025
1035
1049
1025
1074
1025
1041
1025
1025
1048
1025
1032
1025
1025
1052
1025
1053
1025
1051
1025
1025
1025
1025
1258
1025
1049
1096
1046
1025
1024
1024
1024
1025
1054
1055
1077
1061
1024
1025
1025
1025
1046
1025
1039
1025
1026
1025
1025
1042
1025
1034
1025
1025
1027
1034
1035
1025
1025
1025
1024
1025
1024
1049
1025
1042
1024
1025
1025
1025
1047
1025
1025
1039
1025
1025
1025
1037
1025
1024
1025
1025
1045
1025
1036
1025
1025
1025
1024
1039
1025
1037
1032
1024
1027
1025
1064
1024
1039
1025
1024
1025
1040
1043
1029
1035
1025
1025
1025
1025
1047
1025
1040
1025
1025
1050
1024
1031
1025
1025
1025
1025
1082
1035
1055
1025
1054
1025
1024
1109
1025
1042
1025
1037
1036
1024
1025
1032
1025
1025
1039
1025
1025
1024
1025
1025
1024
1035
1025
1025
1025
1049
1025
1025
1041
1025
1025
1025
1034
1060
1025
1048
1025
1024
1025
1033
1036
1025
1025
1025
1025
1049
1033
1050
1025
1025
1026
1025
1046
1033
1025
1038
1056
1052
1025
1036
1035
1025
1025
1025
1039
1038
1048
1025
1025
1025
1025
1045
1025
1024
1034
1038
1051
1024
1035
1025
1025
1047
1025
1035
1025
1037
1025
1030
1036
1025
1046
1025
1025
1037
1025
1063
1032
1025
1025
1026
1045
1033
1035
1025
1025
1038
1025
1036
1025
1025
1024
1024
1036
1025
1050
1045
1024
1025
1025
1045
1025
1025
1024
1025
1035
1036
1048
1025
1025
1034
1077
1034
1025
1058
1025
1025
1033
1025
1050
1025
1025
1024
1025
1046
1025
1044
1025
1024
1024
1024
1042
1025
1058
1025
1033
1025
1024
1051
1025
1035
1025
1025
1055
1025
1048
1038
1025
1046
1024
1024
1025
1055
1054
1183
1033
1025
1037
1025
1033
1025
1025
1025
1025
1050
1024
1024
1024
1024
1025
1032
1039
1038
1025
1025
1025
1035
1031
1045
1024
1025
1025
1038
1038
1032
1045
1025
1025
1034
1025
1035
1032
1038
1025
1025
1038
1025
1025
1032
1024
1036
1025
1066
1024
1025
1032
1024
1047
1025
1025
1025
1025
1060
1024
1035
1024
1024
1025
1025
1040
1024
1045
1039
1025
1025
1031
1054
1049
1025
1025
1025
1030
1037
1034
1025
1025
1025
1025
1035
1031
1025
1024
1038
1032
1024
1034
1024
1025
1040
1033
1034
1026
1049
1034
1035
1025
1025
1025
1026
1034
1034
1025
1025
1025
1037
1025
1034
1025
1024
1025
1024
1056
1025
1037
1028
1024
1025
1025
1033
1025
1034
1038
1025
1025
1025
1034
1025
1025
1025
1025
1034
1038
1049
1025
1034
1025
1025
1052
1025
1025
1025
1042
1045
1025
1035
1025
1025
1025
1034
1034
1025
1039
1024
1025
1036
1034
1050
1025
1025
1025
1025
1065
1033
1024
1024
1025
1048
1024
1035
1034
1025
1039
1025
1045
1025
1025
1034
1025
1045
1025
1036
1038
1025
1025
1025
1025
1025
1047
1030
1036
1029
1035
1025
1137
1184
1032
1033
1025
1025
1024
1039
1024
1036
1025
1025
1025
1038
1025
1025
1037
1025
1064
1024
1165
1024
1040
1037
1025
1056
1034
1025
1025
1054
1051
1025
1037
1025
1032
1025
1025
1038
1024
1077
1033
1024
1025
1025
1049
1025
1025
1033
1025
1077
1024
1037
1025
1025
1025
1024
1039
1025
1045
1025
1025
1051
1025
1048
1025
1038
1025
1025
1029
1025
1035
1025
1041
1025
1025
1025
1025
1036
1032
1035
1024
1032
1025
1024
1047
1025
1025
1025
1037
1040
1025
1036
1025
1030
1025
1032
1034
1025
1031
1024
1025
1039
1032
1036
1025
1025
1025
1025
1067
1032
1025
1025
1025
1033
1025
1033
1031
1025
1074
1025
1035
1025
1025
1033
1025
1033
1025
1025
1055
1025
1044
1025
1055
1025
1025
1025
1025
1043
1053
1035
1024
1025
1051
1025
1040
1025
1025
1025
1047
1034
1025
1032
1025
1025
1030
1025
1047
1025
1056
1025
1025
1031
1025
1025
1025
1032
1045
1025
1047
1025
1025
1025
1032
1034
1025
1025
1035
1035
1051
1043
1047
1025
1034
1025
1025
1032
1025
1038
1051
1049
1025
1024
1032
1025
1044
1025
1025
1025
1025
1032
1024
1035
1025
1045
1025
1025
1032
1039
1043
1025
1025
1024
1024
1045
1025
1025
1025
1055
1025
1033
1025
1025
1036
1025
1044
1025
1032
1027
1025
1050
1025
1025
1025
1025
1051
1025
1035
1025
1025
1024
1032
1030
1025
1059
1025
1025
1025
1025
1048
1025
1035
1025
1025
1025
1025
1036
1058
1037
1024
1025
1025
1025
1034
1025
1025
1029
1053
1025
1024
1049
1025
1025
1025
1025
1034
1025
1065
1025
1025
1024
1025
1043
1025
1033
1025
1025
1025
1025
1049
1025
1036
1025
1025
1025
1025
1032
1025
1063
1053
1024
1024
1038
1025
1024
1035
1055
1025
1030
1027
1025
1024
1035
1025
1036
1024
1025
1025
1059
1048
1024
1034
1032
1025
1025
1038
1035
1025
1090
1032
1025
1025
1025
1045
1025
1041
1032
1025
1068
1025
1025
1025
1025
1059
1025
1049
1025
1024
1040
1024
1051
1025
1025
1024
1025
1059
1024
1043
1025
1024
1025
1025
1035
1025
1054
1046
1025
1024
1025
1035
1034
1048
1025
1025
1025
1040
1047
1025
1033
1025
1024
1025
1024
1049
1025
1036
1025
1026
1025
1024
1041
1034
1025
1025
1025
1066
1024
1035
1025
1024
1024
1024
1035
1025
1056
1032
1025
1025
1025
1033
1025
1025
1024
1024
1075
1025
1035
1025
1025
1098
1025
1036
1025
1037
1043
1025
1025
1025
1033
1025
1025
1025
1032
1034
1032
1044
1025
1025
1025
1025
1033
1025
1025
1025
1032
1049
1032
1039
1025
1025
1055
1025
1037
1025
1046
1025
1025
1034
1025
1035
1034
1025
1025
1025
1049
1025
1049
1034
1025
1025
1025
1046
1025
1025
1048
1025
1041
1024
1040
1025
1025
1032
1025
1048
1025
1039
1042
1025
1025
1025
1050
1025
1049
1024
1037
1025
1040
1050
1024
1038
1025
1032
1025
1037
1038
1025
1040
1024
1032
1025
1025
1047
1025
1040
1024
1031
1051
1025
1036
1025
1025
1025
1025
1051
1025
1039
1024
1025
1025
1032
1046
1025
1035
1032
1025
1040
1025
1036
1025
1025
1024
1025
1051
1035
1041
1042
1025
1025
1025
1043
1024
