1180
1154
1153
1153
1161
1204
1154
1153
1332
1153
1160
1153
1153
1178
1153
1166
1153
1161
1154
1169
1153
1153
1153
1154
1154
1153
1154
1153
1174
1153
1174
1153
1182
1153
1162
1162
1153
1158
1154
1162
1153
1162
1154
1164
1153
1165
1154
1154
1163
1153
1153
1154
1175
1153
1172
1154
1162
1154
1181
1154
1154
1161
1153
1183
1153
1163
1153
1209
1153
1153
1153
1153
1153
1153
1163
1154
1207
1154
1164
1154
1163
1154
1153
1174
1154
1281
1158
1163
1219
1179
1153
1166
1163
1159
1182
1153
1153
1153
1163
1168
1166
1153
1180
1182
1191
1163
1161
1153
1153
1153
1153
1162
1181
1179
1154
1173
1154
1176
1153
1153
1153
1154
1153
1153
1160
1153
1176
1153
1162
1154
1153
1153
1153
1154
1154
1160
1154
1172
1153
1160
1160
1153
1154
1163
1153
1153
1169
1154
1162
1187
1178
1154
1154
1153
1153
1153
1162
1163
1182
1172
1154
1164
1163
1153
1153
1153
1154
1183
1185
1153
1167
1153
1175
1161
1154
1162
1154
1240
1153
1154
1164
1153
1153
1153
1230
1154
1153
1193
1153
1165
1166
1172
1153
1299
1153
1169
1153
1176
1153
1153
1182
1154
1187
1153
1163
1153
1168
1154
1165
1160
1153
1154
1153
1153
1153
1162
1153
1174
1153
1173
1153
1169
1161
1153
1154
1153
1153
1153
1170
1153
1175
1153
1165
1154
1154
1160
1153
1160
1153
1162
1154
1172
1153
1181
1153
1154
1181
1160
1170
1153
1172
1153
1165
1154
1175
1181
1154
1201
1154
1153
1161
1165
1153
1164
1187
1162
1155
1153
1153
1154
1153
1153
1162
1174
1174
1156
1163
1153
1154
1153
1154
1153
1154
1162
1153
1180
1154
1163
1153
1153
1154
1153
1154
1153
1154
1154
1167
1153
1184
1153
1163
1160
1154
1154
1160
1153
1154
1165
1154
1172
1182
1170
1155
1153
1153
1153
1176
1158
1169
1182
1172
1155
1154
1154
1161
1177
1154
1167
1154
1167
1160
1153
1153
1153
1154
1154
1173
1161
1167
1154
1171
1154
1163
1161
1154
1153
1153
1185
1153
1172
1154
1177
1154
1162
1154
1154
1182
1154
1155
1153
1173
1153
1170
1153
1177
1192
1163
1155
1154
1153
1153
1153
1153
1153
1183
1174
1181
1165
1154
1245
1154
1231
1154
1165
1153
1169
1154
1154
1164
1153
1166
1153
1178
1153
1206
1153
1153
1153
1153
1153
1153
1166
1153
1187
1154
1164
1161
1154
1175
1153
1154
1153
1222
1153
1153
1170
1153
1166
1162
1166
1153
1164
1153
1153
1163
1154
1153
1153
1153
1153
1168
1153
1174
1154
1172
1154
1153
1154
1153
1154
1153
1173
1153
1164
1154
1162
1153
1153
1153
1154
1162
1153
1173
1154
1165
1154
1680
1153
1164
1159
1201
1153
1167
1164
1163
1153
1332
1153
1335
1162
1154
1173
1153
1185
1153
1153
1153
1165
1156
1166
1153
1168
1153
1154
1153
1153
1153
1172
1153
1154
1179
1154
1164
1162
1163
1153
1171
1153
1153
1162
1153
1167
1153
1188
1154
1180
1161
1154
1154
1153
1158
1153
1280
1153
1180
1153
1177
1153
1165
1153
1153
1153
1153
1167
1153
1153
1153
1165
1154
1174
1153
1175
1167
1172
1154
1153
1153
1162
1173
1153
1166
1167
1175
1154
1171
1154
1154
1153
1153
1154
1173
1172
1154
1175
1153
1165
1162
1154
1153
1153
1154
1154
1180
1154
1165
1154
1176
1154
1154
1161
1154
1154
1154
1165
1154
1177
1153
1166
1160
1153
1154
1154
1154
1153
1172
1230
1165
1167
1176
1158
1167
1153
1154
1153
1153
1153
1167
1166
1153
1175
1153
1161
1153
1154
1153
1172
1154
1153
1153
1154
1153
1153
1165
1153
1195
1153
1188
1154
1164
1154
1154
1154
1154
1167
1162
1175
1154
1165
1153
1176
1162
1154
1167
1153
1153
1153
1190
1153
1165
1153
1176
1166
1154
1162
1154
1153
1153
1156
1153
1185
1166
1168
1154
1176
1153
1154
1154
1153
1172
1153
1166
1153
1184
1153
1173
1153
1153
1153
1153
1165
1153
1172
1154
1163
1153
1153
1153
1154
1167
1154
1172
1161
1174
1153
1173
1153
1153
1167
1153
1154
1154
1164
1154
1173
1162
1167
1167
1177
1154
1154
1162
1154
1175
1154
1168
1156
1165
1153
1178
1153
1153
1153
1154
1154
1154
1165
1153
1179
1153
1165
1154
1154
1154
1154
1154
1203
1153
1153
1161
1153
1166
1153
1179
1153
1165
1153
1170
1154
1153
1154
1153
1165
1153
1171
1165
1164
1153
1164
1153
1153
1153
1159
1153
1153
1169
1153
1164
1166
1173
1153
1169
1153
1153
1153
1153
1154
1153
1166
1173
1168
1153
1174
1153
1163
1154
1154
1153
1153
1153
1153
1153
1169
1198
1153
1207
1153
1269
1182
1187
1153
1165
1153
1163
1154
1163
1153
1175
1153
1154
1170
1153
1161
1154
1176
1154
1153
1154
1162
1166
1154
1179
1154
1162
1154
1154
1168
1153
1467
1154
1154
1155
1154
1153
1165
1153
1165
1206
1203
1153
1166
1153
1168
1160
1154
1153
1189
1178
1153
1168
1153
1162
1153
1176
1153
1159
1154
1153
1160
1153
1153
1153
1180
1153
1163
1153
1173
1153
1161
1154
1153
1159
1153
1166
1161
1163
1154
1167
1154
1153
1167
1160
1160
1154
1178
1154
1161
1156
1154
1166
1153
1154
1154
1160
1161
1182
1153
1162
1153
1153
1154
1155
1169
1153
1162
1153
1181
1160
1167
1154
1155
1164
1154
1189
1154
1161
1154
1168
1153
1153
1153
1154
1163
1154
1162
1154
1153
1154
1153
1155
1153
1193
1153
1162
1153
1162
1154
1153
1155
1153
1154
1153
1162
1154
1179
1168
1162
1155
1153
1154
1153
1190
1161
1168
1166
1163
1154
1168
1153
1154
1153
1154
1176
1153
1165
1160
1164
1154
1153
1153
1154
1163
1154
1184
1154
1167
1153
1154
1161
1154
1190
1153
1172
1153
1168
1153
1153
1153
1153
1269
1163
1159
1176
1165
1153
1178
1154
1171
1153
1153
1160
1154
1155
1154
1177
1154
1163
1154
1164
1153
1154
1154
1156
1164
1154
1173
1154
1164
1154
1170
1153
1155
1153
1153
1172
1153
1163
1153
1191
1159
1155
1154
1153
1168
1154
1165
1153
1213
1153
1153
1154
1153
1163
1154
1166
1153
1169
1153
1172
1155
1153
1153
1153
1153
1153
1194
1154
1167
1155
1174
1154
1162
1154
1153
1153
1174
1185
1155
1177
1153
1174
1154
1153
1154
1188
1153
1154
1183
1153
1165
1157
1153
1154
1181
1153
1153
1181
1162
1165
1153
1168
1154
1153
1159
1153
1155
1153
1163
1153
1173
1153
1164
1155
1154
1153
1164
1158
1154
1153
1153
1156
1153
1168
1250
1169
1153
1168
1154
1172
1169
1153
1158
1158
1153
1153
1183
1153
1164
1153
1179
1153
1172
1153
1154
1153
1153
1154
1154
1162
1153
1165
1153
1163
1153
1154
1153
1154
1154
1153
1155
1156
1170
1154
1164
1154
1181
1161
1153
1155
1153
1154
1154
1174
1153
1169
1158
1179
1155
1164
1163
1154
1154
1154
1182
1167
1175
1155
1172
1153
1164
1154
1153
1162
1166
1165
1153
1172
1154
1172
1154
1153
1154
1162
1154
1153
1181
1154
1163
1153
1165
1154
1163
1153
1154
1155
1153
1178
1153
1167
1154
1173
1153
1164
1155
1153
1185
1153
1154
1153
1174
1160
1165
1155
1165
1153
1154
1153
1153
1153
1167
1174
1155
1183
1153
1166
1154
1154
1154
1166
1161
1156
1173
1154
1166
1153
1183
1154
1166
1153
1154
1153
1153
1165
1153
1177
1154
1176
1153
1154
1153
1154
1153
1153
1176
1153
1164
1172
1162
1155
1153
1153
1154
1153
1154
1161
1154
1182
1155
1165
1153
1153
1153
1154
1181
1171
1166
1155
1171
1154
1154
1154
1154
1153
1160
1165
1294
1167
1153
1189
1153
1165
1154
1161
1154
1154
1154
1153
1190
1154
1164
1153
1184
1154
1154
1153
1153
1154
1154
1178
1153
1165
1153
1185
1155
1154
1154
1154
1186
1153
1162
1154
1178
1155
1165
1153
1163
1155
1154
1173
1162
1169
1164
1173
1154
1164
1153
1153
1154
