134
125
124
125
124
125
125
125
124
125
134
125
125
126
125
125
125
124
125
125
125
124
125
125
125
124
125
125
125
125
124
125
125
124
124
124
125
125
125
125
125
133
125
124
125
125
125
125
125
125
125
125
142
125
125
125
125
147
125
125
125
125
124
125
125
141
125
124
125
125
125
124
125
125
125
125
125
125
124
125
125
125
125
125
124
125
141
124
125
125
125
125
125
125
125
125
125
124
124
124
124
125
125
125
125
125
125
126
124
124
125
125
124
125
125
125
125
124
148
125
125
125
125
125
125
125
125
125
125
125
125
125
125
125
125
125
124
124
125
124
125
125
124
125
172
125
125
125
125
124
124
125
125
125
125
125
125
124
124
125
125
125
124
125
125
135
125
125
125
129
125
125
127
125
125
125
125
125
125
124
124
125
124
125
125
125
125
125
124
125
125
135
152
125
125
125
125
129
124
124
125
149
125
124
124
124
125
125
124
125
132
125
124
125
125
125
125
125
125
125
125
125
125
125
124
125
124
124
125
124
124
124
152
125
125
124
125
124
124
125
125
125
125
125
124
124
125
124
125
125
125
125
125
138
125
125
125
125
124
125
124
125
124
125
125
125
125
125
131
169
125
125
125
125
125
125
125
124
124
125
125
124
125
134
125
124
124
125
125
125
124
125
125
125
125
125
143
144
124
125
124
124
125
125
125
125
125
125
125
125
125
124
125
135
125
125
125
125
126
124
125
125
124
124
125
136
125
125
124
124
125
125
124
125
124
125
125
125
125
125
125
124
125
125
124
124
125
125
125
124
125
124
125
125
125
125
124
143
125
125
124
124
125
124
124
125
125
125
125
125
124
125
125
125
125
125
124
125
125
125
125
125
125
125
125
125
125
124
125
125
125
124
124
124
125
125
125
125
125
125
124
130
125
124
125
124
125
124
125
125
125
124
125
125
125
124
125
125
125
124
125
125
125
125
135
125
125
125
125
125
125
125
125
125
125
125
125
125
125
125
125
125
125
124
125
125
125
125
124
125
125
125
125
125
125
125
125
126
125
132
125
135
125
125
125
125
125
125
125
125
125
125
125
125
125
147
125
170
125
124
125
125
124
125
125
125
125
125
125
125
125
125
125
125
125
125
125
125
125
125
125
125
125
124
125
125
125
124
125
125
124
125
125
125
125
125
124
125
147
125
125
125
125
138
124
124
130
125
124
125
124
124
124
125
125
125
124
125
125
135
125
125
124
125
124
125
124
125
124
124
134
125
125
125
125
125
125
125
125
125
125
125
125
125
125
125
124
125
125
125
125
125
125
125
124
124
124
125
124
125
125
125
140
141
125
124
125
125
137
124
125
125
153
130
125
125
124
124
125
188
125
150
160
125
125
124
124
176
124
134
124
125
125
125
125
125
125
125
150
125
125
124
125
125
124
125
125
148
124
124
124
124
124
125
125
125
125
125
125
137
125
125
124
125
125
125
124
124
125
125
125
125
125
125
125
125
125
125
125
166
125
125
125
124
125
124
125
125
125
125
125
125
125
125
125
157
125
125
125
125
125
125
125
125
139
125
125
125
125
125
125
125
124
125
125
124
125
124
124
125
124
125
125
125
125
125
133
125
130
125
125
127
125
125
125
125
124
125
125
125
125
124
125
125
124
125
125
125
125
124
125
125
125
124
125
125
125
125
138
125
125
125
125
125
125
125
125
125
125
141
125
125
125
125
125
125
125
125
125
124
125
131
125
125
125
124
124
124
124
125
125
125
125
124
125
124
125
125
124
138
125
125
125
125
125
124
124
124
125
125
137
129
124
125
125
125
125
125
125
124
125
125
125
125
125
151
125
124
125
125
125
124
133
125
125
125
125
125
125
125
125
125
125
125
125
125
124
125
125
124
124
125
125
125
125
125
125
125
125
124
125
125
125
124
124
125
125
124
125
125
125
125
125
137
125
125
124
124
134
133
125
125
125
124
125
124
125
125
125
125
125
125
125
125
125
125
125
125
125
125
125
137
125
124
124
170
125
124
124
124
124
124
129
125
124
125
125
125
125
125
124
125
125
125
125
125
124
128
125
125
125
125
125
130
125
125
125
125
125
125
125
125
124
125
124
125
125
125
132
125
125
124
125
125
125
125
124
125
125
125
125
125
125
125
125
125
147
125
125
125
125
124
124
125
125
125
125
125
125
125
125
125
125
124
125
125
125
130
125
124
124
125
125
125
125
125
124
125
138
125
125
125
125
124
125
125
125
125
125
125
125
125
125
125
125
125
125
124
125
125
125
125
124
125
139
124
125
125
125
124
124
125
125
125
124
125
125
125
125
125
124
124
124
125
125
125
125
124
125
125
125
125
132
125
124
125
125
125
125
125
139
124
125
125
124
124
125
125
124
125
125
125
125
125
125
125
146
125
125
124
124
124
125
124
125
124
124
124
124
125
125
125
158
124
125
125
125
125
125
125
125
125
125
124
125
134
125
125
125
125
125
125
125
125
125
125
125
125
182
125
125
124
125
138
125
125
125
125
125
125
125
125
125
125
125
134
125
125
124
125
125
125
125
125
125
125
124
125
125
125
125
124
125
125
134
125
125
125
124
125
125
125
124
131
151
125
124
125
125
124
124
124
125
124
124
136
125
125
125
125
125
125
125
125
125
125
125
125
125
125
125
125
125
125
125
125
125
125
125
125
125
125
125
124
124
125
125
125
124
125
125
125
125
125
125
125
125
125
125
125
124
125
124
125
125
124
125
125
125
125
124
124
125
125
124
124
124
125
124
125
125
125
125
125
124
125
125
125
125
150
125
125
125
125
125
125
125
125
124
125
124
125
124
125
125
125
125
124
125
125
138
125
131
125
125
125
124
125
125
125
125
125
125
125
125
125
125
125
125
125
125
125
125
125
125
136
124
124
124
125
149
125
125
125
125
169
125
124
124
125
125
125
124
125
125
125
125
125
124
125
124
125
125
125
125
125
125
124
125
124
124
125
124
125
124
124
125
124
124
125
125
125
124
125
125
125
125
124
124
124
124
124
125
124
125
125
125
