1302
1282
1298
1282
1295
1325
1305
1281
1285
1282
1282
1283
1282
1291
1310
1282
1282
1282
1303
1288
1290
1282
1305
1282
1297
1290
1305
1282
1292
1282
1311
1310
1290
1281
1301
1282
1292
1295
1306
1281
1308
1282
1287
1291
1302
1285
1291
1282
1329
1290
1291
1282
1290
1282
1282
1290
1282
1282
1282
1282
1281
1495
1295
1282
1289
1284
1297
1282
1290
1282
1289
1282
1306
1310
1301
1282
1290
1282
1291
1282
1282
1282
1284
1437
1290
1281
1282
1281
1282
1283
1308
1282
1282
1282
1282
1281
1291
1293
1282
1304
1282
1288
1282
1291
1282
1312
1282
1320
1291
1308
1282
1289
1282
1298
1282
1291
1451
1296
1282
1291
1286
1290
1282
1295
1289
1309
1282
1299
1282
1293
1282
1290
1282
1282
1281
1282
1282
1291
1282
1283
1281
1296
1282
1290
1282
1282
1281
1283
1282
1297
1282
1282
1282
1282
1282
1282
1282
1282
1294
1282
1282
1290
1282
1282
1293
1282
1445
1282
1282
1295
1282
1386
1290
1282
1303
1327
1282
1282
1289
1304
1281
1295
1282
1317
1285
1292
1303
1307
1282
1298
1282
1294
1282
1291
1282
1301
1282
1297
1295
1302
1284
1302
1282
1299
1282
1282
1282
1302
1283
1284
1282
1282
1282
1291
1290
1282
1295
1284
1298
1288
1295
1282
1299
1282
1319
1290
1291
1282
1290
1282
1323
1290
1291
1281
1301
1282
1290
1291
1308
1282
1293
1311
1306
1292
1291
1282
1302
1283
1282
1290
1282
1299
1282
1282
1282
1299
1282
1282
1312
1283
1298
1282
1282
1282
1282
1303
1282
1292
1282
1300
1282
1294
1282
1297
1282
1311
1283
1300
1288
1296
1282
1299
1282
1292
1282
1301
1282
1282
1300
1282
1289
1293
1289
1289
1284
1289
1282
1282
1282
1281
1281
1283
1290
1282
1282
1281
1282
1282
1285
1288
1282
1283
1282
1283
1311
1287
1291
1282
1306
1284
1291
1282
1299
1282
1291
1283
1308
1282
1291
1283
1307
1282
1298
1282
1290
1290
1311
1282
1291
1282
1282
1282
1282
1282
1290
1284
1282
1293
1282
1306
1291
1291
1290
1303
1283
1290
1292
1305
1282
1291
1282
1300
1292
1290
1282
1299
1282
1293
1291
1308
1282
1292
1283
1282
1282
1282
1282
1282
1282
1284
1282
1282
1282
1282
1281
1281
1312
1281
1284
1282
1282
1281
1282
1283
1583
1282
1284
1359
1282
1282
1282
1282
1289
1310
1307
1300
1282
1283
1302
1281
1298
1281
1352
1296
1385
1293
1307
1281
1296
1282
1304
1290
1294
1282
1300
1281
1295
1281
1303
1282
1295
1282
1282
1282
1282
1282
1282
1282
1290
1291
1287
1283
1282
1282
1281
1282
1282
1287
1283
1282
1282
1282
1282
1282
1282
1325
1281
1295
1282
1307
1282
1305
1282
1304
1288
1294
1282
1315
1282
1295
1282
1304
1295
1301
1281
1306
1282
1294
1282
1308
1282
1299
1282
1307
1282
1300
1282
1282
1282
1295
1282
1289
1282
1282
1282
1282
1282
1289
1288
1282
1319
1288
1289
1282
1282
1282
1295
1281
1282
1282
1283
1282
1282
1282
1299
1282
1295
1282
1303
1281
1293
1282
1302
1295
1295
1282
1315
1281
1290
1281
1300
1282
1301
1281
1292
1281
1294
1281
1296
1283
1321
1283
1290
1282
1301
1287
1292
1284
1304
1281
1294
1298
1293
1282
1298
1294
1299
1282
1299
1287
1292
1289
1297
1282
1297
1310
1300
1282
1293
1282
1298
1282
1290
1315
1310
1282
1290
1282
1310
1282
1288
1282
1281
1282
1281
1309
1283
1318
1292
1283
1305
1282
1309
1282
1292
1282
1291
1310
1282
1315
1282
1282
1291
1282
1282
1282
1282
1282
1291
1282
1282
1282
1282
1292
1316
1305
1298
1295
1282
1305
1291
1293
1282
1295
1282
1287
1282
1295
1282
1291
1282
1326
1291
1307
1282
1294
1282
1282
1286
1282
1290
1282
1282
1288
1285
1289
1282
1302
1318
1295
1297
1289
1282
1281
1283
1282
1287
1282
1283
1282
1282
1282
1282
1281
1282
1310
1282
1299
1291
1282
1309
1282
1293
1283
1714
1298
1282
1291
1282
1283
1282
1282
1282
1285
1384
1282
1318
1282
1282
1282
1332
1282
1331
1281
1297
1282
1295
1282
1309
1293
1294
1282
1310
1282
1292
1282
1303
1298
1300
1297
1302
1281
1295
1282
1307
1285
1293
1282
1301
1285
1292
1282
1307
1282
1312
1282
1306
1282
1282
1282
1281
1282
1282
1282
1281
1282
1281
1282
1289
1282
1282
1331
1282
1309
1282
1302
1281
1293
1282
1301
1294
1294
1282
1304
1282
1292
1282
1302
1310
1295
1298
1302
1282
1296
1281
1300
1282
1304
1283
1292
1282
1293
1281
1296
1282
1309
1283
1302
1282
1283
1282
1281
1376
1282
1321
1301
1282
1282
1282
1282
1282
1282
1282
1282
1289
1283
1284
1282
1299
1282
1292
1282
1308
1282
1420
1282
1290
1282
1318
1282
1294
1294
1282
1302
1282
1371
1282
1295
1282
1282
1282
1282
1282
1291
1281
1281
1281
1297
1282
1324
1282
1282
1281
1281
1282
1295
1282
1281
1282
1282
1282
1281
1282
1282
1282
1282
1304
1282
1282
1282
1291
1282
1318
1283
1305
1282
1292
1282
1302
1283
1293
1295
1307
1298
1295
1282
1307
1281
1294
1295
1306
1282
1293
1282
1308
1282
1292
1281
1289
1281
1298
1283
1282
1282
1282
1283
1294
1282
1282
1282
1282
1282
1282
1282
1283
1306
1282
1298
1282
1291
1282
1305
1282
1306
1281
1335
1283
1298
1282
1301
1282
1293
1282
1309
1297
1289
1282
1313
1282
1293
1296
1297
1298
1311
1282
1301
1282
1290
1282
1307
1281
1292
1282
1306
1282
1291
1282
1316
1282
1315
1282
1307
1282
1295
1282
1282
1282
1281
1282
1281
1282
1282
1474
1295
1293
1288
1298
1294
1281
1296
1281
1282
1295
1281
1305
1282
1281
1282
1282
1282
1291
1282
1282
1282
1282
1282
1291
1281
1282
1302
1282
1297
1290
1281
1283
1282
1282
1295
1282
1282
1282
1282
1282
1282
1302
1282
1322
1282
1308
1282
1291
1282
1300
1281
1320
1282
1315
1282
1301
1282
1293
1316
1306
1283
1294
1282
1301
1291
1301
1282
1303
1301
1293
1306
1302
1282
1292
1282
1304
1295
1295
1281
1300
1282
1292
1291
1294
1281
1316
1282
1315
1281
1299
1283
1295
1282
1312
1282
1282
1282
1282
1281
1282
1282
1282
1295
1297
1298
1290
1293
1308
1282
1282
1294
1290
1334
1306
1281
1292
1282
1295
1304
1307
1282
1282
1282
1282
1282
1281
1281
1310
1289
1284
1282
1281
1281
1287
1282
1310
1287
1282
1282
1281
1290
1282
1282
1281
1282
1281
1290
1282
1282
1282
1301
1282
1324
1282
1313
1282
1292
1282
1298
1282
1300
1302
1293
1284
1312
1282
1295
1282
1304
1282
1293
1282
1303
1282
1293
1282
1282
1282
1284
1282
1282
1282
1287
1282
1289
1301
1282
1293
1282
1306
1282
1291
1282
1307
1283
1294
1282
1295
1283
1292
1282
1300
1282
1282
1282
1282
1283
1282
1364
1282
1282
1282
1283
1282
1282
1282
1295
1282
1294
1282
1291
1283
1302
1282
1295
1283
1300
1282
1292
1282
1304
1282
1295
1282
1304
1282
1296
1282
1298
1282
1303
1282
1293
1282
1282
1282
1282
1282
1282
1282
1282
1282
1282
1283
1282
1296
1282
1282
1281
1291
1282
1281
1282
1290
1282
1291
1282
1282
1283
1290
1282
1309
1294
1296
1282
1302
1282
1301
1282
1291
1295
1304
1282
1304
1282
1300
1282
1292
1282
1312
1282
1305
1282
1294
1282
1295
1282
1313
1283
1292
1282
1298
1282
1282
1282
1282
1296
1282
1282
1282
1282
1282
1291
1283
1295
1282
1283
1282
1282
1282
1282
1282
1293
1294
1330
1282
1291
1282
1299
1283
1301
1295
1294
1282
1301
1282
1298
1283
1291
1282
1316
1282
1303
1282
1301
1282
1291
1282
1327
1282
1290
1282
1282
1282
1290
1281
1283
1294
1282
1360
1290
1282
1282
1282
1282
1295
1297
1301
1296
1281
1305
1291
1291
1310
1295
1282
1282
1282
1282
1282
1282
1282
1310
1290
