1419
1410
1425
1428
1429
1411
1465
1410
1422
1411
1411
1428
1410
1428
1410
1429
1411
1430
1410
1443
1411
1427
1411
1422
1411
1431
1419
1416
1410
1411
1411
1410
1435
1411
1422
1411
1431
1419
1423
1411
1434
1411
1423
1417
1411
1410
1410
1411
1419
1420
1437
1432
1410
1429
1410
1432
1410
1420
1439
1428
1411
1411
1411
1411
1419
1411
1446
1410
1434
1411
1430
1411
1420
1411
1447
1415
1426
1411
1423
1411
1410
1419
1438
1411
1410
1423
1410
1419
1410
1434
1437
1421
1419
1423
1411
1437
1410
1420
1432
1411
1410
1411
1411
1424
1437
1410
1415
1411
1425
1411
1420
1410
1430
1426
1419
1410
1411
1410
1410
1442
1411
1448
1411
1423
1411
1429
1410
1441
1416
1450
1411
1430
1410
1411
1410
1411
1419
1438
1434
1411
1424
1410
1423
1410
1434
1441
1428
1416
1410
1411
1410
1411
1411
1437
1410
1410
1411
1422
1420
1433
1411
1450
1411
1423
1419
1421
1410
1435
1410
1456
1411
1428
1410
1419
1411
1420
1411
1438
1410
1410
1410
1618
1410
1493
1410
1420
1411
1463
1410
1461
1410
1597
1514
1411
1411
1415
1420
1411
1426
1410
1457
1411
1442
1411
1419
1410
1421
1410
1450
1410
1411
1411
1410
1411
1422
1410
1427
1420
1410
1438
1410
1431
1411
1422
1427
1419
1410
1431
1411
1422
1420
1411
1430
1411
1411
1411
1419
1411
1411
1410
1440
1419
1420
1410
1435
1411
1422
1422
1436
1411
1422
1410
1421
1411
1431
1411
1438
1411
1442
1411
1411
1411
1412
1410
1431
1410
1410
1411
1411
1421
1411
1438
1427
1422
1410
1431
1410
1431
1440
1422
1419
1430
1411
1420
1411
1430
1442
1411
1410
1411
1411
1411
1411
1411
1415
1410
1431
1418
1422
1411
1438
1410
1424
1418
1435
1410
1421
1410
1433
1412
1434
1411
1485
1410
1417
1410
1411
1422
1429
1421
1411
1428
1410
1420
1411
1447
1423
1421
1411
1429
1411
1423
1410
1411
1423
1411
1418
1411
1433
1411
1423
1411
1444
1410
1421
1410
1433
1411
1420
1411
1437
1411
1424
1418
1428
1411
1420
1411
1442
1417
1419
1410
1410
1410
1417
1411
1411
1411
1410
1411
1411
1423
1410
1423
1411
1420
1411
1418
1410
1434
1410
1430
1411
1418
1410
1426
1411
1427
1411
1418
1411
1435
1418
1411
1411
1411
1411
1411
1417
1423
1434
1411
1423
1410
1420
1410
1451
1420
1410
1426
1411
1455
1410
1428
1411
1461
1415
1410
1410
1411
1410
1411
1430
1410
1440
1410
1423
1411
1428
1410
1419
1411
1445
1416
1411
1411
1411
1411
1410
1411
1429
1430
1426
1422
1410
1423
1411
1435
1426
1427
1427
1429
1411
1421
1410
1418
1425
1410
1427
1411
1422
1410
1431
1410
1442
1410
1447
1411
1422
1411
1432
1411
1440
1411
1427
1410
1410
1411
1411
1411
1426
1422
1427
1431
1410
1422
1411
1432
1425
1423
1426
1432
1410
1421
1411
1433
1427
1411
1427
1410
1411
1410
1411
1417
1437
1410
1416
1411
1428
1410
1420
1420
1437
1411
1420
1412
1436
1411
1411
1411
1416
1410
1420
1411
1411
1420
1411
1458
1414
1422
1411
1420
1411
1435
1411
1422
1423
1429
1411
1425
1419
1424
1411
1411
1429
1411
1410
1410
1419
1411
1421
1414
1417
1411
1420
1419
1437
1411
1421
1411
1411
1410
1410
1411
1410
1420
1419
1441
1410
1422
1411
1432
1411
1421
1410
1437
1411
1424
1410
1432
1422
1411
1422
1411
1433
1454
1426
1419
1410
1410
1410
1410
1411
1420
1412
1417
1411
1431
1419
1422
1410
1420
1412
1432
1419
1422
1500
1425
1410
1424
1410
1411
1410
1410
1410
1411
1420
1411
1426
1410
1423
1410
1432
1424
1424
1434
1411
1412
1410
1411
1410
1424
1411
1445
1411
1424
1410
1444
1410
1423
1411
1442
1411
1423
1410
1430
1410
1424
1419
1441
1411
1427
1411
1411
1419
1411
1411
1410
1410
1432
1431
1410
1425
1411
1431
1422
1425
1412
1429
1411
1429
1411
1431
1411
1424
1412
1430
1411
1411
1411
1411
1411
1411
1410
1410
1411
1410
1418
1410
1431
1410
1424
1410
1432
1410
1423
1410
1436
1411
1425
1411
1433
1411
1411
1419
1411
1411
1411
1411
1410
1426
1411
1428
1416
1423
1420
1432
1410
1422
1411
1429
1423
1512
1412
1411
1412
1420
1421
1411
1450
1411
1471
1425
1426
1410
1423
1410
1468
1410
1427
1411
1411
1419
1411
1428
1441
1428
1413
1441
1410
1424
1411
1436
1439
1426
1412
1432
1411
1421
1420
1434
1439
1411
1413
1410
1421
1410
1411
1411
1440
1418
1423
1411
1429
1411
1420
1419
1444
1411
1410
1411
1448
1430
1424
1411
1437
1410
1429
1410
1411
1410
1411
1419
1411
1410
1410
1422
1410
1429
1410
1431
1411
1419
1419
1445
1411
1418
1410
1411
1419
1410
1411
1410
1411
1418
1430
1411
1419
1411
1429
1420
1418
1411
1430
1410
1419
1420
1426
1410
1421
1411
1433
1411
1411
1411
1411
1411
1419
1415
1411
1426
1410
1420
1411
1430
1411
1435
1411
1430
1411
1427
1411
1421
1419
1418
1410
1410
1411
1410
1424
1410
1418
1419
1419
1410
1428
1410
1421
1410
1417
1424
1418
1410
1428
1411
1411
1411
1411
1418
1410
1411
1415
1433
1411
1419
1411
1447
1413
1419
1410
1434
1411
1427
1487
1417
1412
1410
1411
1411
1418
1410
1427
1417
1419
1410
1422
1411
1427
1411
1428
1418
1427
1411
1411
1420
1410
1411
1411
1417
1410
1435
1411
1419
1410
1435
1420
1424
1411
1429
1411
1418
1419
1428
1410
1411
1411
1420
1411
1410
1410
1411
1427
1417
1421
1411
1427
1411
1418
1429
1430
1411
1419
1410
1449
1410
1411
1411
1410
1411
1410
1419
1410
1431
1410
1427
1418
1427
1410
1419
1410
1418
1411
1432
1410
1419
1410
1410
1410
1410
1411
1411
1420
1410
1418
1411
1429
1419
1418
1411
1431
1410
1472
1419
1429
1464
1411
1411
1434
1411
1421
1447
1415
1423
1411
1437
1444
1420
1450
1419
1410
1411
1411
1410
1424
1410
1436
1410
1421
1410
1438
1411
1419
1413
1426
1411
1420
1410
1422
1411
1416
1411
1411
1411
1411
1410
1411
1411
1418
1411
1418
1418
1411
1443
1410
1417
1418
1424
1410
1440
1411
1419
1411
1427
1418
1424
1410
1435
1411
1420
1411
1434
1418
1424
1410
1411
1410
1411
1411
1411
1418
1410
1411
1410
1410
1410
1427
1410
1431
1410
1429
1411
1428
1411
1435
1411
1426
1410
1437
1411
1420
1421
1422
1411
1420
1410
1410
1410
1410
1420
1411
1422
1417
1424
1411
1423
1411
1432
1411
1423
1418
1434
1410
1420
1410
1429
1411
1411
1418
1411
1410
1411
1410
1411
1425
1411
1427
1411
1431
1410
1421
1410
1441
1410
1428
1412
1435
1411
1422
1411
1411
1410
1419
1410
1410
1420
1411
1434
1410
1421
1418
1433
1410
1420
1411
1437
1410
1421
1419
1430
1411
1410
1411
1411
1410
1411
1418
1411
1420
1410
1435
1410
1421
1410
1425
1411
1424
1410
1426
1411
1434
1411
1428
1410
1411
1411
1411
1411
1411
1537
1424
1420
1410
1434
1411
1421
1411
1435
1424
1422
1410
1411
1410
1410
1410
1411
1425
1410
1422
1410
1431
1411
1420
1410
1443
1411
1423
1410
1432
1411
1421
1410
1440
1411
1411
1410
1411
1410
1410
1427
1412
1573
1411
1421
1411
1500
1411
1436
1410
1411
1415
1410
1489
1633
1438
1442
1588
1452
1410
1434
1410
1423
1411
1438
1411
1422
1410
1434
1411
1422
1411
1424
1410
1410
1423
1411
1410
1411
1436
1410
1433
1410
1420
1411
1426
1418
1429
1411
1431
1411
1423
1418
1423
1411
1431
1411
1431
1410
1410
1411
1410
1411
1418
1410
1411
1422
1410
1423
1411
1424
1425
1424
1411
1422
1411
1429
1411
1423
1419
1411
1410
1411
1410
1410
1421
1410
1435
1505
1430
1411
1421
1410
1428
1411
1435
1411
1411
1411
1411
1411
1410
1411
1426
1410
1411
1434
1411
1422
