1538
1556
1539
1561
1582
1598
1546
1539
1549
1539
1558
1538
1547
1561
1539
1547
1542
1550
1539
1548
1554
1539
1547
1539
1555
1539
1548
1548
1561
1539
1540
1539
1549
1547
1539
1571
1539
1558
1539
1557
1539
1538
1608
1559
1554
1544
1540
1650
1539
1560
1540
1551
1539
1548
1567
1539
1562
1615
1548
1539
1540
1548
1539
1552
1547
1549
1540
1552
1548
1539
1547
1539
1567
1547
1549
1539
1551
1539
1539
1539
1540
1554
1539
1548
1539
1554
1539
1555
1548
1556
1547
1541
1550
1547
1566
1539
1539
1549
1539
1562
1539
1557
1567
1539
1539
1539
1550
1539
1549
1572
1561
1539
1539
1549
1547
1558
1539
1562
1539
1540
1546
1539
1548
1539
1586
1546
1553
1539
1540
1549
1546
1549
1539
1563
1539
1539
1539
1539
1557
1569
1555
1539
1551
1539
1540
1564
1578
1557
1539
1553
1539
1546
1539
1539
1560
1540
1564
1539
1550
1540
1540
1596
1540
1551
1539
1557
1546
1539
1539
1539
1551
1539
1564
1552
1539
1539
1562
1550
1544
1539
1563
1618
1540
1607
1538
1550
1611
1573
1551
1539
1593
1539
1555
1569
1539
1558
1549
1552
1539
1552
1539
1548
1539
1539
1549
1539
1548
1539
1561
1540
1560
1548
1539
1550
1539
1562
1539
1554
1539
1556
1539
1539
1546
1557
1556
1539
1551
1539
1558
1539
1539
1541
1539
1546
1539
1559
1539
1548
1558
1539
1546
1540
1562
1539
1551
1539
1556
1541
1551
1552
1539
1551
1539
1587
1539
1539
1539
1538
1564
1539
1551
1539
1569
1538
1546
1539
1539
1549
1567
1557
1539
1550
1539
1539
1546
1563
1557
1555
1551
1546
1578
1539
1539
1580
1539
1565
1538
1551
1539
1562
1574
1539
1576
1539
1551
1546
1559
1539
1582
1539
1547
1540
1539
1558
1540
1564
1539
1578
1540
1706
1562
1555
1572
1539
1570
1539
1539
1539
1539
1566
1540
1562
1555
1558
1540
1553
1546
1538
1553
1539
1561
1546
1562
1539
1562
1540
1540
1563
1539
1552
1539
1561
1547
1552
1539
1539
1539
1539
1546
1539
1557
1539
1547
1539
1539
1539
1540
1549
1560
1562
1538
1548
1539
1549
1539
1547
1557
1539
1548
1538
1552
1539
1561
1553
1539
1539
1539
1549
1539
1567
1539
1553
1539
1555
1548
1540
1544
1540
1562
1548
1562
1539
1567
1539
1547
1549
1552
1557
1539
1548
1548
1548
1539
1690
1539
1550
1549
1539
1539
1539
1554
1606
1539
1549
1539
1706
1555
1557
1548
1548
1552
1538
1539
1539
1540
1568
1539
1556
1539
1548
1547
1539
1555
1539
1545
1548
1646
1539
1539
1539
1544
1549
1581
1549
1539
1548
1549
1545
1650
1541
1550
1614
1539
1551
1569
1550
1572
1559
1539
1540
1539
1547
1550
1538
1550
1539
1558
1539
1546
1579
1540
1580
1540
1552
1539
1567
1548
1539
1539
1539
1557
1547
1576
1581
1564
1538
1539
1547
1539
1548
1539
1575
1540
1549
1539
1539
1539
1539
1550
1553
1561
1539
1550
1539
1554
1539
1539
1550
1539
1565
1540
1549
1539
1549
1552
1539
1557
1539
1549
1539
1560
1540
1551
1539
1539
1548
1539
1551
1539
1586
1539
1550
1540
1539
1546
1539
1560
1540
1551
1544
1555
1539
1539
1540
1553
1552
1540
1555
1538
1553
1539
1539
1548
1539
1549
1549
1558
1539
1554
1552
1546
1540
1539
1560
1538
1556
1539
1561
1549
1540
1559
1540
1554
1539
1561
1539
1558
1540
1539
1553
1593
1539
1551
1539
1621
1550
1711
1563
1539
1578
1539
1539
1550
1538
1560
1540
1552
1539
1540
1539
1539
1556
1567
1561
1541
1551
1539
1539
1552
1541
1568
1541
1551
1539
1539
1540
1539
1580
1539
1561
1539
1550
1539
1539
1565
1539
1551
1539
1549
1539
1561
1539
1577
1539
1541
1563
1540
1553
1539
1563
1539
1552
1539
1539
1551
1539
1560
1565
1551
1541
1561
1539
1539
1540
1539
1550
1541
1569
1539
1553
1540
1540
1569
1539
1557
1539
1554
1539
1549
1539
1539
1540
1539
1566
1539
1554
1539
1560
1547
1540
1563
1539
1551
1548
1631
1539
1541
1569
1548
1550
1540
1561
1540
1559
1539
1539
1549
1539
1563
1540
1552
1541
1539
1539
1539
1550
1539
1560
1540
1553
1539
1539
1539
1539
1552
1540
1579
1538
1548
1540
1550
1540
1540
1540
1539
1551
1540
1551
1539
1570
1539
1545
1540
1538
1555
1540
1551
1540
1562
1541
1539
1539
1539
1549
1539
1571
1541
1549
1539
1560
1539
1539
1569
1539
1552
1555
1563
1539
1539
1580
1539
1602
1541
1552
1540
1539
1539
1539
1549
1540
1563
1548
1552
1539
1573
1552
1542
1539
1560
1554
1550
1592
1539
1547
1540
1551
1563
1565
1542
1549
1539
1544
1549
1538
1564
1539
1549
1539
1539
1539
1539
1571
1539
1549
1539
1562
1538
1553
1561
1541
1550
1540
1558
1539
1539
1553
1554
1552
1539
1557
1539
1548
1546
1547
1555
1539
1551
1547
1549
1539
1556
1554
1546
1556
1538
1550
1539
1549
1547
1562
1539
1539
1553
1539
1550
1539
1557
1539
1570
1539
1539
1551
1538
1559
1540
1561
1539
1548
1539
1539
1591
1539
1551
1539
1550
1539
1539
1549
1539
1554
1539
1556
1539
1549
1539
1542
1540
1539
1557
1540
1554
1539
1559
1541
1551
1540
1539
1548
1539
1559
1539
1553
1539
1548
1539
1543
1539
1539
1548
1540
1831
1538
1539
1539
1539
1552
1548
1562
1566
1544
1548
1539
1548
1567
1552
1553
1551
1539
1539
1550
1539
1557
1539
1551
1539
1561
1540
1539
1554
1538
1562
1539
1551
1539
1548
1539
1539
1539
1539
1554
1539
1554
1539
1576
1539
1539
1554
1540
1562
1539
1549
1540
1560
1540
1539
1545
1539
1548
1554
1568
1539
1548
1539
1539
1539
1540
1550
1539
1562
1539
1557
1540
1539
1569
1540
1562
1539
1546
1548
1548
1539
1539
1547
1539
1551
1539
1561
1540
1562
1539
1540
1539
1544
1565
1552
1545
1539
1550
1539
1548
1547
1538
1549
1554
1559
1539
1539
1539
1539
1555
1539
1554
1539
1545
1538
1556
1538
1539
1564
1538
1558
1539
1557
1539
1539
1559
1540
1549
1539
1560
1547
1548
1539
1557
1557
1540
1558
1538
1558
1539
1550
1547
1559
1539
1539
1555
1549
1549
1560
1548
1539
1567
1539
1539
1546
1539
1560
1538
1546
1539
1549
1539
1549
1565
1539
1560
1539
1556
1540
1547
1539
1539
1556
1539
1545
1539
1572
1540
1553
1539
1539
1539
1539
1562
1539
1552
1540
1572
1548
1540
1540
1539
1551
1549
1563
1540
1551
1539
1548
1539
1539
1553
1539
1563
1539
1551
1539
1539
1553
1548
1558
1539
1551
1539
1558
1539
1539
1539
1539
1553
1538
1552
1539
1574
1539
1644
1539
1571
1552
1539
1579
1539
1540
1559
1539
1548
1540
1552
1555
1551
1555
1539
1539
1539
1560
1547
1558
1539
1564
1540
1539
1540
1539
1568
1539
1563
1541
1550
1539
1559
1539
1551
1558
1539
1560
1539
1572
1539
1552
1548
1546
1563
1539
1551
1539
1558
1539
1540
1539
1538
1552
1539
1557
1552
1552
1539
1540
1548
1540
1558
1539
1549
1547
1557
1540
1551
1540
1539
1575
1539
1548
1539
1563
1542
1552
1540
1541
1561
1548
1553
1539
1561
1539
1559
1540
1541
1552
1538
1569
1539
1563
1539
1539
1560
1539
1555
1539
1550
1551
1539
1540
1539
1563
1539
1570
1552
1549
1539
1539
1548
1539
1560
1539
1567
1539
1562
1539
1550
1540
1539
1569
1539
1562
1539
1549
1548
1550
1557
1541
1565
1548
1550
1539
1556
1539
1560
1552
1539
1559
1539
1558
1539
1539
1539
1539
1557
1538
1557
1539
1548
1561
1539
1557
1539
1550
1539
1556
1559
1539
1559
1539
1561
1539
1559
1539
1559
1547
1539
1556
1539
1548
1548
1573
1539
1549
1539
1548
1548
1539
1560
1645
1549
1543
1539
1558
1540
1552
1556
1559
1539
1549
1539
1547
1551
1543
1553
1539
1557
1539
1557
1539
1539
1583
1539
1548
1538
1558
