1677
1667
1667
1692
1805
1694
1880
1691
1678
1668
1667
1678
1677
1676
1669
1668
1675
1677
1689
1668
1668
1678
1667
1687
1667
1668
1685
1668
1679
1667
1681
1696
1667
1686
1668
1677
1676
1667
1682
1756
1681
1680
1684
1677
1667
1678
1675
1668
1681
1667
1677
1677
1668
1678
1668
1676
1676
1667
1675
1668
1688
1668
1667
1676
1668
1690
1677
1688
1668
1668
1677
1667
1692
1668
1694
1683
1667
1675
1683
1679
1668
1712
1683
1721
1687
1772
1683
1677
1708
1668
1687
1668
1680
1668
1683
1680
1668
1689
1668
1713
1676
1668
1691
1668
1689
1676
1692
1668
1667
1690
1676
1688
1667
1684
1675
1676
1707
1668
1924
1677
1691
1690
1667
1705
1679
1667
1687
1683
1677
1668
1700
1676
1667
1697
1684
1668
1689
1696
1677
1667
1696
1685
1668
1675
1672
1678
1667
1668
1685
1675
1692
1668
1678
1690
1675
1677
1668
1685
1668
1674
1674
1668
1697
1667
1675
1684
1669
1679
1668
1675
1676
1668
1694
1682
1685
1668
1668
1689
1667
1668
1678
1667
1702
1775
1674
1768
1667
1673
1682
1680
1680
1713
1669
1703
1668
1713
1681
1679
1709
1667
1691
1681
1668
1709
1668
1679
1667
1668
1677
1667
1693
1673
1668
1685
1667
1680
1669
1698
1688
1667
1677
1668
1693
1668
1681
1678
1668
1688
1668
1667
1690
1672
1679
1668
1668
1680
1675
1685
1668
1676
1668
1667
1680
1667
1679
1668
1668
1678
1667
1679
1668
1667
1677
1668
1691
1668
1680
1668
1667
1689
1697
1680
1668
1668
1676
1677
1683
1681
1685
1676
1671
1678
1668
1694
1682
1677
1674
1667
1688
1668
1677
1689
1668
1692
1668
1686
1673
1668
1689
1668
1711
1668
1668
1696
1668
1698
1668
1705
1668
1667
1677
1668
1695
1668
1703
1684
1668
1676
1667
1675
1677
1667
1678
1667
1668
1678
1668
1684
1668
1679
1667
1667
1682
1667
1696
1668
1668
1685
1667
1685
1667
1701
1668
1668
1678
1668
1686
1668
1696
1692
1668
1680
1668
1686
1668
1696
1687
1667
1678
1668
1668
1674
1696
1695
1668
1688
1668
1668
1677
1674
1680
1667
1686
1668
1668
1679
1667
1680
1668
1668
1694
1667
1685
1668
1668
1676
1668
1697
1668
1678
1667
1694
1678
1668
1703
1667
1667
1686
1668
1672
1692
1668
1677
1667
1668
1680
1697
1683
1668
1675
1677
1679
1827
1694
1668
1677
1668
1667
1704
1667
1681
1682
1668
1719
1668
1691
1668
1708
1691
1667
1721
1668
1675
1676
1668
1676
1679
1680
1677
1669
1679
1668
1668
1678
1668
1808
1679
1668
1679
1668
1690
1675
1668
1685
1667
1677
1668
1667
1679
1667
1685
1668
1668
1675
1668
1683
1668
1679
1668
1667
1676
1668
1678
1668
1668
1677
1667
1687
1667
1668
1696
1667
1681
1667
1668
1679
1667
1690
1667
1677
1667
1667
1805
1667
1677
1713
1668
1705
1668
1668
1812
1668
1697
1667
1705
1684
1668
1680
1668
1683
1685
1670
1681
1668
1667
1685
1682
1693
1669
1678
1676
1667
1678
1687
1689
1677
1668
1684
1668
1680
1677
1682
1668
1667
1687
1677
1679
1668
1674
1678
1676
1678
1668
1689
1668
1689
1684
1670
1677
1668
1686
1668
1683
1679
1670
1695
1668
1668
1691
1682
1690
1669
1687
1668
1668
1693
1673
1679
1670
1668
1687
1668
1676
1668
1686
1676
1668
1684
1668
1680
1677
1702
1668
1670
1685
1676
1681
1668
1682
1688
1690
1668
1680
1667
1787
1685
1886
1667
1676
1676
1756
1773
1667
1685
1672
1678
1668
1668
1681
1668
1688
1668
1668
1680
1668
1684
1668
1691
1668
1668
1678
1667
1680
1668
1676
1680
1668
1697
1668
1684
1668
1670
1680
1667
1694
1668
1669
1687
1670
1680
1668
1687
1668
1669
1692
1688
1681
1668
1668
1673
1683
1686
1670
1668
1684
1667
1680
1667
1698
1667
1668
1680
1668
1694
1668
1695
1689
1667
1687
1668
1687
1667
1697
1684
1667
1687
1773
1668
1679
1670
1684
1678
1684
1681
1667
1668
1685
1683
1683
1668
1872
1675
1682
1686
1683
1668
1697
1675
1677
1669
1668
1688
1675
1678
1667
1668
1679
1668
1712
1668
1669
1680
1676
1687
1668
1683
1683
1668
1677
1668
1678
1667
1684
1683
1667
1685
1675
1668
1694
1683
1677
1668
1668
1675
1667
1687
1691
1668
1684
1667
1679
1675
1688
1691
1668
1689
1674
1676
1667
1674
1673
1675
1682
1668
1668
1684
1679
1680
1668
1668
1675
1675
1686
1681
1668
1693
1675
1676
1667
1692
1682
1668
1680
1668
1681
1674
1667
1801
1667
1689
1683
1668
1681
1668
1691
1705
1705
1670
1667
1689
1668
1753
1676
1672
1687
1668
1693
1743
1714
1692
1668
1668
1685
1681
1681
1756
1668
1689
1667
1683
1672
1873
1677
1667
1698
1667
1667
1674
1667
1677
1667
1668
1686
1668
1680
1668
1668
1682
1668
1699
1668
1684
1668
1667
1686
1668
1678
1668
1676
1689
1668
1695
1668
1668
1684
1675
1677
1683
1679
1678
1667
1684
1695
1680
1684
1675
1678
1668
1685
1696
1668
1680
1668
1688
1668
1673
1692
1668
1677
1668
1668
1678
1668
1694
1668
1693
1668
1668
1686
1668
1692
1668
1668
1680
1668
1767
1667
1674
1679
1667
1693
1668
1668
1677
1675
1687
1668
1668
1688
1674
1680
1675
1679
1668
1668
1677
1668
1679
1675
1676
1687
1667
1678
1667
1681
1674
1668
1700
1667
1687
1668
1667
1679
1690
1697
1667
1668
1676
1667
1684
1667
1669
1685
1667
1685
1667
1682
1679
1668
1690
1667
1680
1668
1667
1677
1668
1695
1668
1667
1689
1667
1678
1667
1667
1676
1668
1684
1668
1668
1687
1667
1675
1667
1693
1668
1667
1684
1668
1676
1668
1668
1678
1687
1695
1668
1676
1668
1667
1677
1686
1688
1669
1668
1691
1668
1685
1681
1668
1685
1668
1683
1668
1711
1714
1668
1680
1668
1687
1675
1667
1702
1668
1680
1675
1668
1677
1668
1701
1674
1750
1686
1675
1678
1674
1681
1679
1693
1687
1685
1668
1698
1681
1845
1678
1668
1686
1668
1695
1688
1668
1676
1668
1684
1668
1686
1682
1667
1702
1667
1675
1668
1668
1708
1667
1683
1668
1668
1690
1667
1694
1668
1678
1677
1668
1688
1668
1692
1677
1667
1676
1668
1691
1667
1684
1687
1667
1678
1667
1668
1677
1682
1697
1668
1668
1683
1667
1677
1675
1690
1667
1668
1693
1668
1678
1667
1668
1693
1667
1680
1668
1668
1689
1669
1693
1667
1677
1676
1668
1680
1669
1677
1676
1668
1677
1668
1688
1694
1668
1675
1668
1677
1676
1694
1682
1668
1677
1677
1687
1668
1680
1681
1676
1678
1668
1689
1667
1677
1691
1667
1678
1668
1691
1668
1683
1706
1686
1678
1689
1668
1681
1667
1706
1667
1667
1676
1668
1682
1668
1669
1678
1668
1695
1668
1682
1667
1667
1691
1668
1680
1667
1668
1680
1667
1706
1667
1680
1668
1667
1679
1668
1710
1668
1668
1685
1667
1683
1667
1682
1679
1668
1695
1668
1679
1668
1682
1790
1668
1680
1667
1668
1685
1683
1682
1668
1668
1686
1668
1680
1683
1668
1700
1668
1680
1668
1687
1690
1668
1689
1668
1679
1677
1668
1693
1668
1682
1667
1687
1667
1667
1699
1676
1824
1689
1680
1688
1667
1683
1677
1705
1689
1680
1667
1690
1704
1685
1707
1668
1684
1667
1684
1680
1668
1679
1668
1686
1668
1695
1681
1667
1693
1668
1678
1668
1668
1701
1668
1684
1668
1678
1667
1668
1704
1667
1691
1668
1667
1680
1668
1704
1667
1668
1685
1667
1681
1668
1694
1668
1668
1692
1667
1680
1668
1668
1689
1668
1687
1667
1679
1674
1668
1697
1668
1687
1668
1668
1678
1668
1704
1679
1668
1686
1667
1681
1674
1701
1679
1668
1686
1675
1767
1667
1675
1676
1674
1679
1667
1668
1676
1684
1679
1668
1679
1684
1680
1677
1675
1701
1668
1675
1687
1667
1677
1675
1667
1680
1668
1684
1667
1675
1700
1668
1678
1667
1694
1677
1668
1691
