1814
1810
1796
1819
1839
1862
1804
1825
1797
1813
1796
1815
1796
1796
1832
1796
1797
1806
1805
1803
1811
1797
1812
1805
1812
1807
1802
1860
1804
1796
1804
1813
1805
1812
1816
1811
1811
1804
1806
1796
1825
1814
1796
1796
1822
1797
1829
1834
1796
1815
1796
1797
1815
1796
1808
1814
1796
1830
1796
1796
1812
1796
1797
1815
1832
1806
1809
1796
1806
1806
1796
1814
1796
1824
1812
1796
1807
1811
1806
1806
1797
1796
1805
1796
1809
1804
1796
1812
1796
1797
1826
1797
1805
1817
1797
1805
1796
1813
1806
1796
1824
1806
1796
1823
1797
1797
1896
1796
1829
1821
1855
1821
1826
1841
1806
1805
1797
1807
1796
1801
1806
1796
1807
1806
1801
1814
1799
1796
1813
1796
1807
1797
1796
1811
1796
1797
1816
1796
1811
1797
1796
1805
1796
1798
1821
1796
1833
1805
1800
1813
1798
1797
1812
1812
1813
1797
1796
1819
1797
1806
1808
1796
1804
1797
1796
1825
1811
1796
1806
1796
1807
1796
1797
1827
1797
1799
1808
1797
1817
1803
1833
1796
1811
1798
1824
1813
1796
1835
1858
1796
1821
1796
1796
1840
1796
1796
1813
1796
1808
1812
1825
1808
1797
1797
1806
1797
1811
1835
1797
1805
1796
1796
1804
1804
1812
1809
1796
1818
1796
1796
1817
1796
1813
1797
1796
1808
1806
1797
1818
1796
1806
1815
1796
1833
1796
1796
1807
1796
1818
1796
1811
1815
1796
1796
1814
1804
1806
1796
1812
1816
1796
1814
1805
1809
1821
1813
1796
1817
1796
1814
1827
1796
1808
1796
1797
1811
1796
1829
1830
1796
1814
1796
1796
1830
1796
1824
1814
2172
1809
1814
1809
1811
1803
1796
1814
1796
1807
1812
1813
1805
1796
1823
1807
1797
1814
1817
1803
1814
1796
1807
1809
1803
1833
1796
1811
1802
1804
1829
1796
1797
1819
1796
1814
1809
1797
1832
1796
1797
1809
1797
1821
1796
1813
1821
1802
1798
1815
1809
1810
1803
1796
1816
1796
1810
1829
1813
1809
1796
1797
1808
1796
1815
1824
1803
1816
1796
1797
1827
1803
1828
1805
1802
1823
1796
1809
1834
1796
1812
1796
1796
2055
1796
1817
1815
1796
1796
1821
1810
1809
1862
1796
1816
1796
2061
1806
1810
1797
1807
1796
1814
1841
1796
1809
1797
1803
1806
1796
1820
1811
1804
1831
1796
1796
1806
1803
1819
1810
1797
1816
1796
1810
1820
1798
1813
1796
1796
1807
1806
1808
1801
1797
1929
1806
1808
1810
1796
1819
1796
1796
1816
1798
1806
1817
1796
1807
1798
1796
1808
1797
1816
1796
1796
1809
1796
1797
1817
1797
1814
1796
1796
1816
1796
1796
1815
1802
1822
1797
1798
1810
1804
1824
1814
1810
1818
1804
1796
1879
1797
1803
1807
1799
1809
1796
1803
1816
1810
1797
1808
1796
1824
1801
1796
1824
1796
1797
1805
1796
1816
1796
1796
1813
1796
1797
1808
1797
1834
1796
1798
1816
1796
1808
1797
1804
1816
1798
1815
1808
1796
1814
1805
1797
1813
1796
1808
1797
1797
1824
1797
1805
1810
1797
1805
1796
1797
1809
1810
1921
1806
1803
1835
1796
1818
1805
1861
1808
1824
1796
1846
1819
1796
1901
1796
1803
1807
1799
1806
1818
1796
1808
1804
1796
1817
1797
1802
1796
1796
1808
1810
1797
1807
1796
1828
1810
1796
1806
1797
1806
1805
1796
1827
1856
1797
1817
1797
1796
1814
1797
1809
1815
1796
1814
1797
1809
1810
1797
1821
1796
1796
1805
1811
1818
1796
1797
1873
2006
1805
1806
1832
1808
1804
1813
1941
1803
1796
1811
1796
1815
1806
1796
1829
1797
1797
1807
1813
1814
1807
1796
1817
1796
1797
1836
1796
1810
1816
1796
1813
1803
1797
1805
1796
1808
1820
1796
1822
1803
1796
1805
1796
1796
1810
1803
1806
1796
1796
1807
1796
1805
1807
1805
1820
1806
1797
1805
1812
1808
1816
1796
1812
1796
1796
1808
1798
1804
1806
1796
1813
1804
1800
1811
1796
1796
1812
1796
1821
1796
1798
1824
1796
1796
1814
1800
1814
1816
1797
1807
1804
1805
1810
1797
1817
1803
1797
1813
1805
1797
1813
1796
1815
1796
1805
1820
1798
1796
1815
1797
1808
1826
1797
1808
1796
1796
1807
1796
1834
1796
1796
1814
1797
1803
1817
1802
1810
1803
1796
1818
1796
1805
1822
1798
1808
1797
1796
1830
1804
1797
1815
1803
1808
1796
1796
1816
1804
1814
1806
1864
1831
1832
1796
1815
1795
1809
1815
1796
1815
1807
1804
1816
1797
1796
1812
1797
1809
1816
1797
1815
1796
1804
1808
1798
1814
1808
1797
1813
1805
1796
1813
1797
1809
1804
1796
1880
1798
1797
1820
1796
1819
1833
1807
1798
1814
1796
1830
1812
1810
1807
1802
1803
1806
1796
1806
1807
1804
1808
1796
1797
1806
1810
1806
1808
1796
1804
1796
1797
1814
1797
1815
1796
1797
1802
1796
1823
1804
1796
1808
1797
1796
1811
1797
1827
1810
1796
1822
1795
1804
1828
1797
1804
1797
1796
1805
1804
1795
1804
1797
1815
1797
1797
1802
1801
1796
1806
1796
1805
1811
1795
1806
1796
1822
1810
1796
1820
1797
1796
1802
1796
1804
1816
1796
2090
1817
1802
1813
1796
1812
1806
1873
1797
1805
1796
1805
1817
1841
1805
1795
1796
1816
1798
1796
1805
1805
1812
1796
1796
1826
1805
1796
1804
1796
1815
1809
1796
1804
1797
1802
1805
1796
1825
1796
1815
1816
1796
1809
1816
1826
1815
1797
1797
1815
1796
1824
1811
1797
1821
1796
1796
1811
1825
1818
1798
1797
1807
1803
1814
1839
1803
1815
1803
1796
1815
1797
1854
1803
1798
1808
1796
1816
1811
1796
1805
1796
1808
1803
1796
1834
1804
1804
1810
1796
1796
1804
1824
1819
1803
1796
1816
1796
1797
1805
1795
1822
1805
1796
1818
1807
1796
1819
1796
1808
1804
1796
1822
1796
1812
1811
1796
1942
1825
1808
1833
1809
1796
1812
1803
1805
1817
1811
1812
1816
1796
1807
1804
1803
1810
1796
1815
1796
1804
1807
1812
1796
1815
1797
1811
1804
1802
1849
1796
1797
1818
1797
1821
1797
1811
1809
1805
1818
1807
1796
1819
1805
1799
1813
1797
1815
1805
1796
1803
1796
1796
1812
1816
1806
1796
1803
1803
1796
1797
1825
1804
1806
1796
1797
1812
1824
1796
1816
1796
1813
1796
1796
1843
1796
1805
1806
1796
1816
1805
1820
1885
1796
1797
1817
1797
1845
1810
1822
1808
1811
1796
1804
2064
1796
1807
1796
1804
1807
1797
1807
1796
1796
1809
1796
1806
1797
1805
1809
1797
1813
1805
1803
1807
1796
1796
1807
1796
1806
1797
1796
1813
1797
1797
1807
1797
1827
1796
1796
1809
1804
1796
1810
1797
1806
1803
1796
1813
1796
1796
1816
1796
1810
1796
1796
1823
1804
1796
1808
1804
1814
1796
1796
1830
1804
1797
1808
1797
1824
1796
1797
1822
1796
1814
1823
1796
1809
1797
1796
1801
1796
1834
1817
1797
1807
1796
1797
1814
1796
1809
1836
1796
1808
1796
1796
1810
1812
1824
1814
1796
1806
1797
1796
1821
1796
1808
1797
1796
1821
1796
1821
1806
1798
1805
1797
1796
1806
1810
1820
1796
1797
1824
1796
1808
1828
1798
1808
1796
1797
1807
1813
1814
1807
1796
1821
1797
1797
1828
1803
1809
1796
1797
1806
1796
1797
1806
1831
1820
1796
1797
1843
1796
1814
1810
1797
1813
1796
1812
1822
1798
1796
1820
1796
1807
1808
1797
1820
1796
1796
1814
1820
1808
1822
1796
1806
1797
1797
1842
1803
1812
1797
1796
1807
1796
1796
1813
1796
1805
1796
1796
1820
1796
1813
1817
1868
1797
1804
1810
1811
1829
1796
1935
1796
1825
1807
1921
1797
1808
1805
1816
1811
1796
1817
1796
1797
1807
1796
1810
1796
1796
1802
1796
1797
1826
1797
1804
1797
1796
1804
1796
1810
1816
1798
1819
1797
1795
1811
1798
1797
1805
1802
1806
1796
1825
1805
1797
1797
1807
1797
1816
1823
1796
1809
1796
1805
1817
1796
1805
1796
1804
1804
1796
1813
1835
1809
1812
1797
1796
1819
1796
