1925
1932
1936
1959
1927
2035
1947
1925
1938
1952
1953
1936
1938
1933
2013
1942
1958
1925
1944
1933
1925
1932
1934
1933
1935
1933
1946
1943
1925
1956
1935
1935
1950
1934
1924
1960
1934
1925
1952
1925
1933
1944
1937
1925
1962
1925
1924
1933
1925
1934
1938
1925
1938
1938
1925
1925
1941
1954
1925
1935
1925
1925
1934
1953
1925
1933
1924
1925
1934
1949
1925
1933
1925
1926
1946
1934
1963
1943
1924
1954
1945
1961
1962
2031
1929
1925
1934
1924
1974
1935
1924
1935
1940
1925
1935
1944
1925
1944
1936
1924
1944
1948
1924
1942
1939
1925
1945
1950
1924
1946
1945
1927
1944
1939
1925
1937
1925
1927
1943
1942
2118
1935
1952
1985
1951
1954
1957
1940
1952
1958
1936
1940
1958
1947
1933
1925
1948
1935
1953
1944
1934
1925
1975
1935
1925
1965
1936
1925
1959
1931
1925
1961
1925
1925
1955
1942
1925
1952
1932
1925
1949
1942
1935
1950
1954
1937
1948
1933
1937
1941
1953
1936
1951
1925
1952
1925
1932
1935
1925
1953
1926
1964
1978
1965
1979
1938
1925
1943
1932
1924
1931
1939
1926
1944
1925
1925
1938
1937
1981
1935
1925
1944
1934
1924
1948
1938
1937
1942
1933
1925
1954
1937
1927
1934
1925
1932
1937
1938
1926
1947
1926
1939
1934
1937
2024
1934
1924
1937
1946
1925
1941
1926
1925
1934
1925
1925
1951
1932
1925
1932
1925
1934
1944
1925
1939
1941
1932
1936
1952
1944
1967
1943
1925
1935
1939
1943
1934
1926
1925
1947
1925
1925
1938
1926
1933
1931
1925
1926
1957
1926
1925
1937
1925
1948
1946
1925
1945
1939
1927
1944
1935
1925
1944
1934
1925
1939
1932
1939
1933
1925
1933
1931
1925
1939
1933
1933
1925
1931
1925
1940
1947
1927
1933
1942
1933
1933
1955
1925
1943
1949
1925
1933
1927
1926
1941
1925
1935
1951
1925
1954
1945
1932
1925
1943
1925
2061
1946
1945
1925
1940
1933
1953
1934
1982
1925
1948
1925
1925
1937
1978
1925
1942
1925
1925
1949
1958
1925
1935
1925
1925
1951
1925
1962
1933
1925
1945
1937
1924
1953
1940
1925
1950
1957
1939
1954
1952
1925
1936
1936
1934
1934
1934
1925
1948
1945
1933
1946
1951
1934
1945
1925
1925
1944
1950
1925
1936
1925
1934
1944
1925
1925
1946
1934
1925
1951
1925
1950
1947
1924
1940
1952
1933
1954
1935
1925
1957
1938
1925
1939
1924
1938
1970
1938
1925
1943
1932
1925
1934
1926
1963
1935
1925
1935
1942
1932
1952
1938
1924
1947
1925
1925
1964
1925
1932
1936
1925
1924
1945
1939
1936
1943
1926
1943
1946
1940
1935
1953
1925
1934
1935
1925
1943
1941
1925
1935
1934
1925
1992
1936
1943
1935
1925
1924
1968
1926
1940
1943
1925
1926
1953
1925
1925
1948
1937
1936
1935
1927
1943
1942
1925
2000
1943
1933
1936
1946
1926
1943
1935
1925
1942
1925
1925
1937
1925
1925
1954
1925
1925
1935
1932
1941
1936
1925
1942
1939
1925
1942
1925
1933
1942
1925
1926
1932
1932
1926
1935
1925
1949
1932
1925
1934
1943
1932
1934
1925
1925
1938
1926
1925
1934
1925
1946
1938
1925
1941
1933
1925
2053
1938
1931
1948
1935
1990
1943
2169
1925
1953
1936
1954
1940
1933
1925
1958
1938
1925
1933
1933
1925
1939
1941
1925
1942
1925
1925
1945
1940
1925
1931
1925
1925
1935
1940
1925
1933
1924
1926
1951
1924
1932
1935
1934
1993
1936
1953
1925
1962
1924
1946
1933
1968
1954
1940
1939
1950
1942
1926
1935
1942
1943
1935
1934
1925
1949
1935
1937
1953
1941
1925
1945
1938
1925
1948
1941
1925
1940
1951
1925
1956
1943
1932
1939
1926
1925
1949
1931
1926
1939
1925
1932
1944
1925
1925
1937
1935
1925
1935
1960
1933
1940
1925
1936
1938
1958
1936
1978
1925
1946
1934
1925
1937
1933
1925
1945
1925
1925
1971
1925
1925
1951
1925
1935
1947
1924
1934
1947
1925
1942
1925
1952
1935
1925
1925
2023
1925
1958
1937
1925
1926
1934
1924
1941
1934
1925
1942
1937
2237
1925
1962
1925
1925
1935
1925
1925
1963
1925
1949
1935
1925
1941
1938
1925
1942
1938
1924
1953
1936
1953
1945
1932
1925
1943
1925
1954
1939
1924
1924
1942
1932
1925
1937
1925
1925
1952
1925
1933
1963
1931
1941
1935
1925
1951
1962
1924
1943
1933
1925
1943
1925
1925
1950
1925
1925
1942
1924
1951
1930
1924
1925
1941
1926
1951
1938
1925
1944
1932
1925
1941
1943
1926
1945
1934
1926
1941
1997
1925
1936
1939
1925
1943
1962
1933
2041
1941
1925
1955
1936
1924
1960
1946
1925
1967
2014
1931
1953
1948
1932
1925
1933
1932
1938
1935
1925
1925
1940
1925
1934
1935
1931
1951
1935
1925
1933
1973
1925
1937
1942
1933
1935
1932
1924
1932
1925
1925
1941
1937
1933
1932
1925
1925
1945
1925
1939
1932
1925
1940
1946
1925
1946
1951
1925
1935
1959
1925
1940
1955
1925
1935
1932
1925
1936
1940
1925
1953
1925
1925
1943
1932
1924
1932
1926
1960
1933
1925
1946
1943
1932
1934
1945
1925
1952
1925
1943
1951
1925
1933
1934
1939
1925
1942
1925
1925
1932
1944
1957
1932
1925
1941
1938
1925
1941
1932
1925
1946
1925
1925
1955
1932
1925
1932
1925
1932
1947
1925
2167
1935
1950
1925
1941
1925
1942
1940
1925
1925
1933
1954
1925
1942
1925
1934
1933
1954
1925
1933
1925
1925
1943
1950
1927
1941
1925
1935
1954
1925
1957
1944
1925
1937
1931
1925
1974
1938
1931
1936
1935
1934
1962
1952
1925
1934
1925
1924
1930
1940
1933
1931
1925
1925
1934
1951
1925
1934
1925
1934
1933
1953
1941
1944
1925
1938
1933
1925
1977
1932
1925
1942
1940
1925
1960
1925
1925
1940
1925
2015
1941
1932
1927
1936
1924
1932
1945
1939
1925
1938
1932
1925
1946
1933
1944
1941
1925
1935
1933
1932
1945
1936
1925
1942
1936
1924
1950
1935
1924
1944
1936
1925
1949
1925
1924
1946
1925
1925
1944
1925
1926
1944
1925
1925
1939
1935
1938
1945
1925
1938
1940
1932
1938
1925
1924
1943
1925
1925
1953
1925
1925
1938
1925
1937
1956
1925
1950
1934
1938
1936
1937
1925
1959
1946
1925
1934
1932
1938
1940
1932
1925
1951
1925
1938
1931
1940
1925
1935
1925
1925
1936
1940
1925
1933
1934
1925
1966
1926
1930
1938
1925
1935
1943
1930
1925
1935
1924
1937
1941
1925
2018
1935
1979
1925
1933
1926
1952
1952
1925
2147
1944
1932
1925
1934
1925
1925
1940
1933
1925
1943
1924
1926
1943
1933
1934
1952
1925
1933
1943
1925
1947
1939
1924
1935
1925
1925
1943
1932
1925
1937
1925
1932
1930
1926
1925
1947
1925
1925
1952
1945
1933
1946
1925
1933
1946
1938
1937
1948
1925
1946
1930
1925
1933
1951
1925
1932
1925
1925
1946
1925
1924
1934
1933
1926
1946
1925
1926
1932
1926
1925
1932
1931
1933
1939
1924
1933
1946
1939
1934
1953
1932
1931
1924
1932
1934
1924
1925
1933
1925
1932
1946
1925
1942
1945
1925
1934
1957
1924
1944
1943
1925
1948
1951
1943
1948
1937
1925
1935
1933
1945
1941
1942
1925
1936
1941
1944
1940
1959
1925
1935
1924
1925
1939
1925
1932
1936
1925
1944
1950
1924
1949
1936
1925
1949
1951
1925
1941
1925
1925
1942
1925
1939
1950
1925
1925
1939
1925
1951
1942
1948
1937
1949
1925
1938
1942
1931
1936
1939
1926
1937
1945
1924
1945
1924
1932
1944
1937
1925
1943
1925
1925
1942
1925
1935
1934
1925
1925
1938
1924
1960
2009
1925
1972
1941
1925
1938
1944
2002
1925
1937
1932
1938
1943
1929
1925
1948
1924
1934
1948
1933
1934
1942
1925
1933
1963
1925
1941
1925
1933
1934
1933
1925
1933
1932
1925
1939
1925
1953
1939
1925
1936
1931
1925
1955
1932
1925
1950
1925
1925
1932
1939
1925
1945
1924
1925
1948
1938
1935
1949
1925
1934
1934
1924
1944
