2053
2086
2063
2147
2053
2079
2053
2089
2069
2086
2053
2068
2071
2087
2070
2076
2053
2054
2083
2069
2053
2079
2071
2053
2063
2077
2061
2080
2066
2053
2054
2085
2053
2054
2070
2063
2054
2091
2064
2060
2061
2065
2053
2076
2065
2053
2053
2075
2072
2069
2063
2086
2053
2053
2064
2060
2053
2075
2062
2067
2069
2081
2053
2067
2078
2053
2053
2078
2070
2067
2065
2073
2061
2082
2070
2054
2060
2090
2053
2070
2063
2061
2053
2071
2065
2077
2066
2075
2054
2061
2070
2068
2053
2078
2054
2053
2064
2093
2053
2066
2063
2053
2054
2068
2053
2053
2064
2065
2054
2063
2075
2054
2064
2064
2060
2070
2064
2053
2061
2070
2067
2070
2069
2309
2053
2106
2075
2131
2075
2079
2067
2054
2053
2066
2061
2066
2074
2066
2053
2073
2066
2060
2053
2085
2053
2054
2063
2077
2054
2065
2066
2062
2070
2075
2053
2054
2077
2054
2054
2080
2062
2054
2069
2054
2063
2072
2065
2054
2080
2067
2054
2068
2074
2053
2054
2067
2054
2062
2066
2061
2076
2073
2107
2054
2066
2073
2058
2065
2062
2054
2072
2080
2087
2054
2066
2054
2053
2074
2053
2053
2066
2053
2054
2074
2071
2054
2287
2067
2059
2061
2090
2054
2053
2072
2064
2061
2066
2070
2053
2075
2065
2061
2054
2087
2053
2053
2071
2083
2053
2077
2071
2053
2071
2080
2054
2053
2066
2054
2054
2080
2061
2053
2075
2077
2061
2081
2076
2054
2060
2073
2053
2068
2074
2069
2054
2071
2064
2067
2075
2082
2053
2079
2065
2070
2053
2101
2053
2053
2065
2094
2054
2081
2069
2054
2066
2083
2053
2070
2072
2054
2054
2157
2066
2145
2073
2065
2053
2068
2072
2130
2054
2106
2067
2083
2077
2099
2053
2071
2073
2082
2053
2098
2054
2067
2066
2098
2053
2087
2071
2054
2054
2104
2053
2070
2070
2063
2053
2069
2053
2079
2071
2064
2054
2072
2066
2070
2075
2065
2062
2054
2063
2069
2064
2066
2054
2053
2076
2087
2053
2065
2062
2062
2078
2086
2053
2061
2071
2054
2070
2091
2054
2054
2064
2063
2069
2082
2070
2053
2080
2079
2068
2067
2079
2054
2054
2071
2075
2053
2072
2053
2062
2071
2069
2053
2081
2053
2054
2062
2084
2062
2084
2070
2053
2071
2085
2053
2069
2075
2054
2054
2071
2054
2072
2065
2063
2053
2062
2065
2053
2053
2064
2054
2054
2070
2054
2054
2067
2053
2053
2061
2081
2068
2076
2064
2054
2064
2062
2075
2054
2071
2054
2054
2059
2075
2053
2066
2061
2054
2065
2078
2054
2071
2067
2053
2053
2088
2054
2054
2081
2054
2054
2079
2065
2053
2066
2075
2053
2080
2074
2054
2053
2080
2053
2069
2071
2054
2054
2074
2054
2069
2063
2073
2053
2064
2070
2063
2065
2065
2054
2066
2071
2054
2065
2073
2056
2053
2075
2054
2055
2075
2054
2054
2063
2053
2069
2078
2065
2054
2072
2063
2069
2064
2065
2053
2054
2071
2081
2054
2080
2069
2053
2071
2085
2061
2053
2065
2054
2053
2089
2054
2053
2065
2078
2054
2081
2072
2060
2065
2068
2053
2082
2070
2054
2054
2068
2054
2068
2064
2054
2060
2063
2053
2068
2072
2070
2053
2064
2077
2068
2064
2070
2054
2053
2075
2069
2053
2079
2053
2103
2069
2101
2053
2153
2064
2067
2054
2080
2066
2082
2067
2149
2053
2074
2064
2053
2054
2063
2053
2069
2066
2078
2054
2064
2071
2069
2067
2066
2053
2064
2075
2067
2070
2057
2132
2075
2054
2062
2063
2066
2053
2100
2078
2054
2054
2077
2053
2063
2068
2061
2060
2073
2061
2058
2071
2082
2053
2058
2072
2061
2053
2083
2076
2054
2067
2073
2060
2083
2070
2054
2074
2075
2054
2072
2073
2054
2054
2074
2053
2081
2073
2066
2054
2081
2067
2075
2054
2071
2053
2053
2078
2078
2054
2065
2054
2053
2078
2087
2054
2066
2078
2053
2078
2073
2061
2065
2073
2054
2078
2072
2053
2053
2074
2054
2067
2072
2071
2061
2075
2054
2066
2079
2081
2053
2071
2071
2068
2054
2081
2053
2054
2065
2063
2053
2084
2073
2054
2065
2084
2053
2058
2062
2061
2054
2078
2054
2054
2071
2063
2053
2069
2062
2069
2077
2067
2062
2057
2066
2069
2063
2067
2069
2054
2073
2087
2054
2067
2078
2054
2053
2101
2060
2053
2062
2061
2054
2067
2067
2053
2053
2066
2054
2054
2066
2054
2054
2070
2067
2054
2066
2062
2053
2053
2062
2053
2053
2061
2053
2053
2148
2065
2076
2054
2070
2067
2060
2124
2063
2054
2086
2080
2053
2068
2071
2053
2060
2083
2072
2053
2069
2073
2054
2074
2063
2054
2063
2068
2054
2073
2053
2067
2115
2066
2185
2099
2064
2067
2070
2078
2053
2105
2068
2053
2084
2083
2069
2070
2064
2065
2056
2079
2064
2055
2060
2062
2053
2061
2069
2055
2054
2063
2076
2053
2066
2063
2053
2062
2064
2054
2053
2061
2053
2053
2057
2054
2056
2059
2080
2053
2062
2072
2054
2066
2072
2053
2053
2070
2060
2054
2069
2054
2063
2060
2061
2053
2075
2064
2053
2063
2068
2054
2080
2060
2053
2054
2084
2053
2070
2065
2063
2053
2101
2068
2070
2068
2066
2054
2106
2067
2070
2053
2064
2053
2082
2067
2071
2053
2061
2053
2078
2061
2060
2053
2076
2060
2068
2073
2060
2059
2053
2067
2068
2053
2062
2075
2053
2069
2068
2053
2169
2072
2063
2053
2094
2072
2102
2066
2070
2063
2081
2073
2069
2063
2074
2053
2082
2074
2070
2054
2073
2063
2068
2064
2063
2059
2077
2071
2054
2054
2068
2054
2053
2062
2061
2053
2071
2065
2053
2064
2065
2053
2054
2077
2053
2054
2065
2079
2069
2069
2063
2053
2053
2059
2055
2053
2066
2054
2054
2075
2061
2053
2065
2062
2062
2072
2059
2053
2062
2068
2064
2069
2082
2064
2054
2063
2076
2054
2053
2071
2054
2062
2071
2064
2054
2069
2054
2053
2058
2075
2053
2065
2061
2053
2073
2074
2053
2062
2076
2054
2062
2074
2062
2054
2061
2054
2077
2081
2055
2054
2067
2064
2053
2089
2065
2053
2073
2063
2053
2073
2068
2053
2053
2074
2054
2066
2064
2073
2054
2064
2067
2054
2066
2075
2054
2066
2084
2053
2053
2063
2064
2054
2065
2053
2058
2064
2077
2054
2062
2065
2055
2073
2083
2062
2054
2067
2081
2062
2076
2054
2054
2067
2099
2053
2064
2062
2053
2072
2090
2054
2054
2061
2053
2054
2091
2075
2053
2062
2061
2054
2089
2072
2054
2116
2064
2063
2074
2065
2093
2058
2062
2071
2055
2053
2064
2062
2054
2066
2068
2069
2054
2073
2053
2067
2077
2079
2058
2076
2065
2054
2070
2094
2054
2053
2062
2054
2063
2065
2054
2092
2074
2072
2055
2073
2085
2054
2064
2069
2062
2054
2072
2054
2062
2064
2055
2053
2083
2071
2054
2065
2075
2055
2082
2072
2053
2063
2074
2054
2068
2071
2053
2054
2072
2068
2071
2070
2064
2054
2082
2066
2070
2054
2070
2053
2060
2065
2085
2053
2074
2062
2062
2067
2084
2054
2065
2077
2054
2068
2088
2063
2065
2073
2053
2061
2087
2053
2053
2080
2054
2071
2072
2064
2062
2072
2066
2061
2079
2107
2054
2065
2080
2082
2065
2062
2060
2054
2064
2083
2054
2075
2065
2053
2071
2097
2053
2077
2068
2060
2054
2091
2054
2061
2064
2069
2054
2096
2076
2053
2070
2062
2061
2099
2069
2054
2141
2065
2053
2083
2075
2063
2054
2075
2070
2081
2054
2063
2054
2053
2062
2081
2054
2063
2072
2054
2063
2105
2053
2063
2075
2053
2063
2098
2054
2397
2066
2070
2053
2097
2071
2138
2054
2071
2064
2083
2072
2079
2060
2068
2072
2055
2061
2064
2054
2053
2074
2074
2054
2065
2078
2053
2067
2067
2061
2054
2063
2053
2054
2079
2053
2053
2063
2074
2054
2072
2065
2061
2054
2067
2053
2068
2065
2054
2054
2066
2063
2067
2066
2070
2063
2068
2074
2067
2073
2069
2054
2054
2080
2067
2053
2065
2080
2054
2064
2075
2053
2065
2074
2054
2053
