2193
2182
2213
2235
2233
2182
2206
2202
2182
2182
2206
2193
2183
2182
2201
2205
2182
2195
2204
2183
2182
2217
2202
2183
2183
2191
2193
2196
2195
2200
2192
2183
2198
2197
2191
2203
2192
2187
2191
2207
2209
2183
2201
2198
2183
2191
2205
2199
2193
2182
2210
2202
2183
2198
2201
2183
2197
2196
2229
2183
2202
2191
2202
2182
2193
2199
2190
2183
2202
2191
2190
2202
2191
2198
2189
2193
2200
2183
2199
2224
2183
2183
2200
2191
2183
2211
2253
2194
2183
2194
2197
2203
2183
2194
2195
2183
2197
2193
2183
2183
2200
2192
2212
2183
2193
2204
2183
2194
2229
2183
2183
2193
2192
2183
2244
2191
2183
2183
2195
2289
2183
2194
2200
2276
2182
2232
2203
2191
2197
2183
2200
2216
2183
2192
2198
2183
2183
2198
2194
2182
2207
2201
2216
2182
2189
2198
2190
2183
2235
2193
2190
2192
2204
2183
2217
2195
2191
2183
2191
2193
2206
2183
2200
2206
2182
2213
2200
2192
2182
2193
2208
2212
2182
2192
2210
2182
2183
2237
2199
2192
2183
2193
2245
2183
2249
2195
2224
2183
2182
2191
2192
2182
2210
2194
2193
2182
2192
2195
2182
2183
2208
2193
2183
2222
2195
2183
2352
2193
2199
2203
2183
2198
2204
2183
2193
2215
2183
2183
2191
2198
2191
2219
2191
2184
2192
2202
2194
2183
2198
2189
2182
2183
2309
2191
2245
2183
2198
2196
2197
2238
2202
2194
2183
2203
2203
2198
2183
2205
2202
2199
2183
2193
2201
2183
2207
2213
2191
2182
2196
2202
2191
2197
2194
2193
2192
2203
2195
2183
2191
2201
2202
2182
2229
2195
2183
2182
2204
2203
2211
2204
2205
2194
2183
2211
2225
2183
2183
2193
2204
2182
2212
2201
2192
2183
2204
2197
2182
2183
2201
2203
2200
2212
2201
2182
2182
2194
2191
2190
2202
2190
2182
2200
2191
2218
2198
2183
2199
2183
2183
2191
2220
2182
2182
2196
2213
2183
2203
2196
2191
2182
2205
2201
2183
2210
2203
2215
2184
2202
2193
2183
2182
2196
2194
2183
2183
2190
2195
2203
2202
2198
2183
2183
2202
2209
2183
2202
2194
2191
2183
2210
2193
2182
2182
2196
2209
2183
2194
2202
2183
2191
2200
2194
2183
2205
2195
2183
2210
2202
2204
2183
2196
2208
2211
2183
2200
2203
2183
2200
2220
2192
2183
2194
2191
2192
2223
2192
2183
2192
2260
2197
2182
2212
2198
2183
2183
2356
2205
2197
2183
2200
2210
2203
2248
2220
2193
2192
2194
2195
2182
2197
2198
2192
2183
2183
2195
2198
2184
2195
2200
2183
2202
2193
2191
2182
2183
2191
2194
2183
2193
2191
2183
2183
2193
2205
2183
2192
2197
2183
2183
2198
2196
2182
2203
2207
2183
2182
2202
2196
2183
2206
2197
2182
2183
2202
2194
2191
2207
2191
2183
2183
2196
2204
2183
2183
2191
2183
2183
2203
2207
2202
2183
2197
2200
2183
2192
2205
2183
2182
2202
2202
2182
2183
2203
2183
2191
2200
2197
2183
2183
2195
2208
2183
2198
2213
2183
2182
2200
2204
2183
2203
2193
2199
2183
2202
2194
2191
2201
2208
2183
2191
2195
2199
2183
2216
2203
2183
2183
2208
2195
2197
2183
2202
2200
2183
2194
2209
2184
2183
2199
2192
2197
2203
2194
2191
2182
2200
2212
2188
2202
2598
2204
2203
2210
2209
2218
2187
2192
2217
2182
2192
2197
2191
2182
2202
2193
2197
2183
2201
2207
2197
2182
2213
2196
2182
2183
2212
2196
2183
2197
2202
2189
2209
2201
2222
2279
2195
2215
2188
2195
2193
2192
2182
2206
2203
2191
2191
2201
2183
2203
2197
2191
2182
2212
2190
2183
2183
2204
2193
2182
2216
2212
2193
2182
2191
2206
2211
2183
2207
2202
2183
2209
2221
2192
2183
2197
2194
2192
2183
2194
2193
2192
2204
2221
2183
2191
2188
2205
2182
2221
2202
2190
2182
2293
2193
2213
2183
2196
2191
2182
2195
2202
2193
2183
2209
2200
2198
2183
2196
2208
2183
2183
2204
2228
2183
2193
2199
2190
2183
2214
2195
2190
2190
2206
2204
2206
2197
2203
2183
2197
2193
2193
2182
2190
2192
2199
2199
2221
2196
2183
2182
2201
2207
2183
2182
2209
2209
2183
2218
2198
2183
2183
2203
2210
2183
2192
2200
2196
2196
2226
2194
2190
2183
2191
2192
2205
2200
2196
2183
2203
2194
2209
2184
2219
2195
2197
2183
2213
2196
2193
2183
2199
2235
2183
2183
2198
2208
2183
2197
2201
2193
2183
2211
2204
2183
2183
2192
2210
2192
2183
2205
2192
2183
2205
2193
2191
2183
2196
2183
2192
2206
2189
2183
2191
2193
2210
2183
2207
2191
2183
2183
2212
2201
2184
2192
2200
2183
2185
2210
2183
2183
2215
2218
2182
2197
2193
2198
2182
2192
2201
2221
2183
2195
2197
2183
2183
2201
2208
2184
2215
2191
2186
2183
2208
2198
2183
2578
2213
2195
2183
2183
2190
2201
2196
2210
2201
2196
2183
2201
2196
2182
2195
2189
2183
2204
2195
2196
2183
2183
2195
2223
2183
2193
2205
2191
2183
2227
2193
2190
2203
2191
2183
2208
2200
2192
2182
2206
2196
2183
2183
2265
2206
2183
2211
2206
2190
2183
2193
2211
2211
2183
2199
2200
2183
2205
2220
2192
2182
2198
2196
2191
2183
2192
2200
2191
2196
2225
2295
2199
2259
2195
2182
2197
2194
2200
2218
2191
2222
2201
2190
2183
2193
2197
2211
2205
2194
2183
2183
2207
2222
2183
2196
2210
2183
2183
2225
2201
2183
2194
2201
2191
2209
2207
2194
2191
2206
2194
2183
2191
2194
2195
2182
2223
2194
2183
2188
2200
2201
2198
2183
2210
2192
2183
2202
2214
2183
2183
2191
2198
2182
2183
2197
2208
2182
2194
2229
2190
2182
2193
2199
2190
2234
2196
2201
2190
2194
2202
2197
2190
2202
2199
2183
2208
2196
2199
2183
2201
2192
2211
2183
2216
2192
2207
2194
2227
2199
2183
2193
2207
2183
2208
2208
2199
2182
2202
2199
2188
2198
2187
2194
2183
2202
2203
2210
2183
2191
2193
2197
2183
2205
2209
2183
2205
2216
2183
2182
2201
2196
2184
2182
2200
2194
2182
2183
2205
2199
2183
2200
2199
2183
2184
2194
2208
2249
2182
2199
2200
2183
2201
2195
2189
2184
2195
2194
2192
2197
2196
2183
2189
2192
2203
2183
2197
2196
2200
2182
2189
2194
2192
2183
2305
2191
2265
2182
2210
2199
2333
2182
2191
2192
2204
2182
2204
2195
2182
2191
2196
2225
2183
2204
2192
2196
2183
2210
2198
2182
2183
2207
2196
2182
2197
2197
2183
2183
2215
2204
2183
2183
2208
2197
2182
2195
2192
2182
2208
2190
2215
2182
2183
2193
2205
2185
2204
2193
2183
2182
2207
2210
2183
2199
2195
2190
2201
2207
2209
2183
2195
2219
2183
2199
2201
2192
2191
2211
2195
2199
2190
2195
2201
2196
2190
2201
2192
2183
2209
2196
2199
2183
2198
2184
2183
2193
2222
2183
2183
2205
2201
2183
2219
2191
2190
2537
2207
2203
2190
2183
2203
2207
2195
2226
2200
2184
2190
2202
2200
2198
2190
2205
2183
2196
2210
2208
2183
2183
2199
2213
2183
2210
2208
2183
2183
2215
2200
2183
2202
2193
2183
2195
2192
2199
2192
2201
2196
2182
2207
2195
2198
2183
2206
2201
2199
2183
2213
2202
2206
2193
2218
2183
2183
2194
2232
2182
2183
2199
2183
2192
2230
2196
2182
2182
2194
2183
2187
2592
2203
2204
2182
2236
2197
2346
2183
2193
2203
2183
2223
2193
2190
2183
2196
2199
2192
2182
2201
2191
2197
2183
2202
2202
2185
2183
2238
2198
2183
2206
2201
2183
2199
2224
2194
2183
2204
2215
2191
2184
2196
2193
2183
2210
2209
2193
2192
2204
2195
2211
2182
2195
2203
2182
2194
2226
2183
2183
2193
2197
2183
2183
2195
2197
2182
2194
2239
2183
2184
2192
2192
2183
2304
2193
2199
2182
2193
2201
2192
2183
2194
2203
2183
2191
2207
2182
2183
2190
2193
2203
2183
2196
2191
2189
2200
2211
2182
2183
2190
2194
2183
2214
2195
2209
2183
2193
2201
2182
2185
2193
2191
2188
2188
2191
