2311
2311
2330
2466
2311
2311
2322
2321
2311
2332
2335
2329
2320
2312
2346
2322
2329
2311
2321
2330
2345
2312
2329
2320
2329
2339
2311
2327
2319
2312
2329
2349
2325
2311
2311
2330
2347
2311
2311
2327
2322
2318
2339
2322
2329
2318
2311
2354
2321
2318
2321
2325
2320
2333
2311
2322
2329
2320
2326
2331
2320
2319
2311
2325
2353
2324
2311
2327
2327
2334
2312
2312
2333
2338
2311
2325
2331
2325
2311
2311
2340
2325
2311
2318
2322
2328
2325
2318
2326
2329
2321
2331
2330
2324
2328
2318
2323
2342
2325
2318
2329
2320
2346
2311
2312
2327
2321
2312
2422
2334
2386
2385
2312
2344
2632
2322
2356
2312
2317
2326
2311
2318
2321
2323
2337
2318
2328
2320
2324
2327
2311
2327
2318
2319
2311
2335
2327
2311
2312
2325
2324
2313
2312
2326
2328
2311
2331
2323
2333
2311
2311
2330
2328
2325
2312
2323
2329
2336
2311
2327
2321
2327
2315
2317
2328
2321
2311
2318
2332
2328
2312
2319
2322
2326
2311
2319
2319
2321
2311
2326
2311
2329
2388
2319
2323
2344
2343
2359
2333
2311
2332
2319
2316
2311
2322
2323
2311
2314
2329
2328
2311
2311
2320
2332
2311
2311
2325
2328
2319
2312
2328
2328
2327
2311
2318
2324
2311
2311
2327
2318
2311
2311
2330
2320
2314
2312
2322
2332
2312
2311
2320
2326
2311
2311
2321
2328
2311
2311
2330
2322
2326
2311
2320
2332
2322
2311
2330
2319
2326
2313
2322
2319
2329
2311
2323
2329
2319
2312
2329
2322
2326
2312
2322
2321
2329
2312
2332
2327
2322
2311
2332
2322
2328
2312
2311
2329
2322
2341
2350
2323
2319
2319
2332
2322
2320
2319
2311
2322
2346
2335
2311
2322
2329
2336
2311
2335
2330
2331
2311
2328
2343
2322
2311
2311
2341
2322
2311
2311
2348
2320
2326
2328
2328
2332
2311
2331
2333
2321
2311
2333
2321
2343
2328
2330
2331
2321
2319
2319
2337
2329
2311
2318
2347
2337
2311
2318
2401
2342
2311
2334
2332
2328
2507
2326
2411
2325
2328
2311
2325
2325
2439
2314
2312
2321
2332
2322
2311
2326
2321
2339
2311
2324
2318
2320
2311
2348
2340
2320
2312
2330
2336
2332
2311
2342
2323
2329
2326
2335
2330
2322
2311
2330
2327
2320
2315
2311
2327
2342
2328
2312
2323
2331
2331
2312
2321
2322
2319
2312
2349
2337
2318
2312
2331
2339
2318
2328
2322
2324
2312
2324
2378
2398
2409
2322
2329
2336
2312
2318
2351
2323
2311
2318
2330
2337
2331
2318
2323
2322
2321
2331
2328
2322
2320
2319
2325
2322
2325
2312
2311
2320
2362
2312
2312
2325
2329
2311
2312
2321
2332
2312
2312
2350
2328
2312
2311
2326
2335
2332
2311
2332
2328
2312
2338
2328
2322
2311
2311
2330
2356
2311
2311
2327
2323
2339
2311
2329
2333
2323
2311
2364
2322
2326
2311
2312
2347
2328
2311
2312
2322
2319
2346
2312
2321
2331
2318
2338
2322
2321
2317
2312
2322
2354
2312
2311
2336
2321
2353
2311
2323
2338
2321
2311
2354
2328
2328
2312
2322
2366
2324
2312
2329
2328
2327
2338
2322
2336
2321
2311
2353
2323
2328
2311
2311
2328
2348
2312
2318
2322
2328
2336
2318
2332
2594
2328
2329
2345
2355
2322
2319
2311
2373
2386
2322
2312
2473
2323
2322
2311
2321
2329
2320
2326
2311
2322
2319
2311
2312
2324
2342
2311
2320
2320
2350
2311
2319
2321
2325
2314
2319
2347
2318
2340
2311
2369
2325
2330
2331
2311
2312
2327
2323
2311
2350
2320
2319
2312
2319
2322
2326
2312
2320
2332
2322
2312
2319
2320
2325
2311
2319
2329
2321
2312
2334
2320
2326
2312
2332
2325
2323
2320
2324
2319
2321
2312
2325
2319
2326
2320
2321
2342
2315
2321
2319
2319
2330
2321
2311
2321
2321
2319
2311
2326
2322
2311
2312
2328
2332
2311
2311
2319
2325
2311
2312
2327
2322
2325
2313
2320
2326
2317
2311
2331
2329
2323
2311
2319
2324
2312
2312
2322
2323
2321
2310
2352
2325
2322
2311
2337
2349
2330
2313
2335
2320
2359
2311
2321
2321
2325
2312
2321
2325
2319
2311
2312
2317
2441
2312
2328
2323
2329
2345
2311
2469
2326
2329
2311
2338
2364
2344
2312
2312
2329
2324
2312
2311
2325
2337
2312
2313
2344
2323
2312
2312
2328
2331
2327
2311
2332
2331
2332
2312
2325
2330
2326
2312
2335
2323
2326
2312
2327
2333
2324
2312
2328
2323
2311
2313
2324
2328
2312
2319
2334
2323
2327
2312
2324
2321
2324
2331
2330
2323
2347
2311
2314
2329
2322
2312
2311
2325
2329
2311
2311
2346
2325
2311
2311
2330
2324
2311
2311
2471
2333
2317
2310
2321
2344
2312
2312
2318
2345
2311
2311
2319
2334
2311
2312
2338
2322
2312
2313
2321
2321
2312
2313
2332
2324
2317
2311
2344
2326
2313
2312
2327
2322
2318
2312
2333
2339
2311
2312
2330
2327
2311
2318
2322
2336
2311
2313
2331
2319
2311
2318
2513
2323
2334
2318
2325
2321
2376
2321
2311
2337
2320
2345
2311
2328
2326
2338
2311
2319
2320
2320
2319
2311
2366
2320
2311
2312
2338
2324
2312
2312
2339
2326
2311
2328
2319
2336
2311
2319
2329
2319
2311
2312
2325
2320
2328
2312
2324
2320
2318
2318
2334
2321
2311
2319
2319
2347
2310
2318
2317
2347
2327
2335
2320
2327
2311
2312
2338
2324
2326
2312
2344
2321
2355
2310
2322
2334
2328
2327
2324
2320
2337
2324
2322
2348
2328
2311
2335
2329
2345
2311
2322
2331
2333
2312
2327
2328
2327
2320
2332
2357
2323
2311
2311
2343
2332
2335
2312
2334
2321
2330
2327
2322
2329
2320
2324
2311
2337
2326
2320
2312
2332
2349
2320
2311
2321
2342
2320
2328
2329
2321
2321
2317
2338
2326
2320
2312
2342
2330
2328
2311
2328
2329
2323
2311
2322
2339
2312
2324
2321
2343
2312
2312
2324
2347
2311
2311
2319
2329
2318
2312
2337
2327
2312
2311
2333
2372
2322
2315
2334
2343
2322
2437
2320
2611
2328
2329
2327
2322
2334
2328
2326
2312
2323
2338
2312
2312
2327
2328
2312
2312
2326
2335
2311
2313
2321
2338
2312
2329
2332
2328
2312
2333
2328
2334
2313
2323
2331
2319
2332
2311
2329
2321
2312
2339
2328
2324
2311
2311
2329
2359
2311
2312
2328
2336
2338
2311
2337
2322
2312
2311
2361
2324
2311
2311
2323
2358
2324
2321
2324
2321
2319
2331
2321
2320
2320
2318
2328
2328
2335
2325
2322
2319
2346
2319
2312
2331
2321
2311
2312
2321
2322
2311
2312
2335
2334
2310
2311
2325
2330
2312
2311
2324
2341
2311
2340
2323
2338
2321
2311
2330
2319
2330
2311
2321
2319
2349
2311
2323
2322
2319
2313
2323
2325
2327
2312
2325
2348
2330
2311
2320
2328
2320
2311
2311
2320
2326
2321
2333
2324
2323
2320
2312
2319
2319
2320
2312
2329
2320
2358
2312
2322
2325
2330
2312
2328
2321
2333
2310
2321
2356
2322
2313
2365
2348
2329
2311
2387
2334
2451
2324
2341
2323
2323
2326
2311
2336
2323
2328
2321
2311
2327
2350
2320
2311
2327
2320
2344
2311
2325
2320
2320
2312
2347
2340
2311
2311
2330
2329
2324
2327
2327
2322
2330
2324
2324
2348
2322
2311
2331
2324
2346
2312
2326
2329
2341
2311
2348
2324
2327
2311
2324
2350
2324
2312
2328
2336
2341
2328
2323
2328
2323
2325
2331
2322
2331
2312
2335
2331
2327
2311
2330
2322
2324
2311
2324
2327
2322
2325
2343
2341
2311
2312
2326
2337
2312
2327
2323
2353
2345
2326
2312
2319
2319
2320
2339
2333
2320
2320
2311
2341
2320
2320
2311
2320
2319
2345
2311
2322
2329
2320
2324
2328
2333
2312
2324
2335
2348
2320
2335
2322
2334
2312
2350
2334
2329
2312
2328
2349
2339
2311
2324
2327
2329
2339
2333
2323
2338
2312
2338
2332
2323
2311
2346
2338
2360
2311
2322
2329
2321
2318
2321
2323
2328
2311
2312
2362
2561
2312
2323
2332
2349
2328
2344
2312
2320
