2459
2450
2456
2569
2440
2453
2453
2474
2456
2440
2447
2470
2449
2453
2445
2441
2478
2450
2466
2440
2440
2472
2457
2440
2459
2459
2463
2456
2448
2449
2456
2468
2461
2440
2440
2459
2458
2459
2440
2440
2459
2449
2474
2444
2441
2448
2450
2480
2440
2452
2457
2457
2440
2440
2451
2466
2452
2440
2453
2522
2451
2446
2446
2458
2448
2449
2440
2440
2455
2452
2450
2440
2439
2461
2458
2451
2441
2448
2450
2466
2460
2440
2457
2449
2462
2440
2440
2449
2455
2670
2440
2507
2449
2457
2459
2529
2440
2440
2449
2456
2458
2439
2440
2450
2451
2458
2440
2439
2448
2453
2469
2440
2440
2449
2453
2460
2440
2450
2452
2454
2440
2448
2449
2449
2454
2440
2448
2461
2451
2457
2440
2448
2457
2449
2455
2440
2455
2456
2451
2440
2439
2463
2465
2454
2440
2440
2467
2462
2454
2440
2447
2458
2463
2440
2440
2453
2458
2457
2454
2441
2458
2461
2453
2453
2440
2457
2452
2454
2477
2452
2455
2450
2449
2440
2452
2455
2458
2440
2440
2457
2455
2455
2629
2499
2456
2454
2468
2484
2453
2454
2445
2467
2460
2450
2462
2440
2440
2456
2473
2456
2440
2440
2488
2466
2457
2449
2441
2485
2467
2465
2461
2457
2485
2451
2458
2440
2461
2450
2452
2456
2449
2452
2449
2473
2460
2440
2453
2464
2463
2457
2440
2460
2455
2455
2440
2450
2473
2453
2447
2455
2467
2454
2464
2441
2466
2476
2457
2440
2440
2467
2457
2454
2440
2448
2450
2469
2469
2449
2457
2449
2470
2457
2440
2449
2458
2463
2440
2440
2458
2454
2451
2445
2483
2450
2454
2452
2513
2456
2457
2457
2448
2458
2498
2466
2450
2473
2460
2802
2449
2474
2453
2468
2440
2449
2456
2454
2440
2463
2459
2448
2439
2441
2463
2450
2449
2440
2460
2470
2455
2444
2441
2466
2450
2463
2442
2454
2459
2450
2454
2442
2452
2462
2450
2454
2441
2451
2458
2441
2441
2478
2452
2458
2440
2440
2471
2453
2457
2440
2460
2470
2449
2442
2440
2450
2453
2454
2440
2461
2448
2452
2454
2441
2481
2454
2449
2455
2441
2454
2458
2448
2441
2457
2462
2450
2441
2440
2495
2454
2451
2440
2444
2473
2462
2499
2440
2441
2466
2455
2457
2440
2449
2458
2479
2442
2440
2448
2456
2504
2442
2440
2449
2447
2449
2446
2450
2455
2450
2440
2467
2454
2462
2450
2440
2486
2452
2456
2441
2450
2447
2448
2597
2515
2460
2463
2440
2652
2459
2450
2452
2440
2441
2450
2484
2450
2440
2440
2457
2457
2458
2440
2450
2474
2451
2440
2448
2452
2462
2452
2448
2441
2455
2464
2463
2440
2449
2456
2447
2452
2440
2456
2457
2449
2453
2448
2451
2454
2448
2451
2458
2452
2462
2440
2440
2466
2471
2453
2439
2439
2457
2450
2455
2452
2440
2455
2457
2460
2441
2441
2456
2465
2449
2440
2470
2451
2457
2440
2448
2465
2451
2464
2440
2441
2460
2458
2464
2439
2440
2464
2449
2440
2440
2450
2457
2449
2446
2450
2456
2453
2462
2440
2447
2461
2461
2454
2441
2463
2456
2451
2440
2447
2457
2452
2457
2450
2441
2458
2456
2459
2440
2533
2458
2466
2456
2474
2445
2677
2716
2500
2446
2440
2448
2469
2449
2439
2440
2460
2451
2475
2448
2440
2465
2448
2475
2441
2440
2451
2449
2462
2440
2461
2458
2449
2440
2447
2451
2457
2450
2440
2448
2449
2462
2448
2441
2465
2456
2453
2440
2439
2464
2459
2456
2450
2441
2483
2545
2799
2448
2455
2441
2453
2453
2470
2442
2441
2696
2458
2465
2453
2439
2457
2459
2457
2448
2439
2457
2453
2481
2439
2440
2451
2449
2464
2442
2441
2450
2449
2452
2453
2440
2453
2450
2454
2454
2449
2457
2455
2440
2441
2449
2461
2449
2447
2440
2462
2452
2449
2440
2465
2462
2464
2440
2440
2452
2464
2455
2440
2448
2460
2448
2477
2440
2447
2463
2457
2452
2440
2462
2457
2454
2452
2536
2449
2451
2454
2453
2439
2543
2459
2450
2440
2440
2474
2465
2457
2440
2457
2458
2452
2457
2440
2453
2471
2457
2457
2440
2464
2464
2453
2440
2441
2451
2470
2452
2440
2440
2450
2471
2459
2439
2458
2451
2477
2440
2440
2461
2451
2456
2440
2448
2458
2451
2459
2460
2441
2453
2450
2449
2452
2452
2463
2452
2440
2440
2456
2450
2455
2439
2440
2469
2458
2458
2440
2460
2461
2458
2440
2441
2454
2468
2450
2440
2449
2454
2447
2449
2449
2440
2456
2448
2470
2442
2450
2471
2450
2449
2440
2456
2451
2448
2448
2441
2448
2448
2460
2440
2440
2460
2457
2448
2440
2452
2459
2450
2455
2440
2462
2461
2458
2724
2452
2445
2468
2509
2462
2452
2440
2452
2455
2481
2440
2440
2450
2453
2462
2440
2458
2451
2455
2440
2440
2468
2453
2456
2440
2467
2458
2453
2461
2440
2470
2456
2459
2440
2440
2460
2458
2455
2440
2442
2470
2478
2440
2448
2452
2458
2478
2448
2441
2451
2457
2449
2440
2461
2450
2461
2440
2514
2454
2450
2447
2440
2462
2450
2452
2447
2439
2473
2448
2453
2440
2440
2449
2474
2449
2439
2439
2455
2477
2453
2452
2439
2451
2474
2459
2440
2458
2451
2462
2440
2440
2466
2451
2457
2461
2447
2456
2451
2456
2459
2440
2452
2456
2440
2448
2452
2459
2457
2439
2446
2463
2453
2448
2440
2440
2464
2453
2447
2439
2459
2463
2462
2440
2441
2520
2451
2459
2440
2447
2460
2454
2482
2447
2440
2457
2448
2473
2440
2449
2463
2449
2473
2440
2456
2450
2449
2440
2457
2518
2453
2463
2439
2469
2461
2483
2529
2440
2476
2464
2454
2459
2447
2452
2452
2450
2469
2439
2441
2457
2450
2450
2440
2466
2471
2451
2440
2439
2448
2465
2457
2440
2440
2455
2455
2440
2440
2452
2456
2450
2458
2440
2448
2449
2452
2460
2448
2467
2448
2448
2448
2448
2452
2458
2440
2441
2464
2455
2440
2440
2463
2461
2449
2440
2441
2455
2463
2450
2440
2441
2449
2447
2452
2440
2448
2449
2454
2453
2440
2451
2448
2450
2453
2461
2453
2453
2440
2440
2445
2449
2452
2440
2459
2465
2457
2449
2440
2446
2461
2456
2449
2447
2459
2452
2458
2440
2441
2453
2456
2473
2441
2441
2454
2452
2452
2440
2450
2448
2455
2458
2440
2448
2452
2455
2439
2468
2452
2467
2441
2439
2465
2474
2448
2440
2446
2474
2449
2448
2447
2456
2449
2483
2441
2441
2455
2455
2469
2440
2452
2461
2447
2449
2441
2456
2456
2449
2447
2468
2535
2460
2509
2440
2471
2451
2486
2469
2440
2488
2454
2495
2441
2440
2473
2457
2451
2440
2440
2451
2453
2483
2440
2440
2452
2454
2456
2441
2449
2455
2451
2439
2461
2465
2453
2455
2441
2456
2461
2454
2455
2447
2440
2456
2455
2440
2448
2453
2470
2454
2440
2440
2452
2471
2440
2439
2457
2465
2449
2440
2440
2449
2460
2451
2456
2465
2450
2454
2527
2442
2451
2450
2467
2453
2440
2449
2460
2448
2447
2456
2453
2448
2440
2453
2461
2454
2457
2448
2441
2465
2448
2459
2440
2448
2468
2453
2440
2440
2454
2461
2448
2440
2440
2451
2453
2455
2441
2440
2450
2462
2447
2439
2456
2447
2449
2447
2440
2446
2452
2446
2447
2451
2473
2453
2446
2440
2480
2464
2447
2440
2440
2474
2448
2451
2440
2447
2460
2448
2469
2440
2446
2460
2454
2439
2440
2449
2459
2461
2440
2441
2448
2452
2462
2447
2439
2450
2453
2447
2441
2669
2452
2457
2448
2440
2463
2465
2639
2449
2469
2764
2451
2456
2449
2455
2440
2466
2448
2448
2455
2439
2448
2449
2456
2440
2440
2447
2462
2450
2440
2488
2457
2453
2440
2440
2475
2463
2451
2440
2441
2490
2451
2455
2440
2440
2463
2452
2441
2440
2466
2454
2476
2439
2449
2449
2451
2471
2456
2471
2448
2465
2440
2440
2452
2469
2452
2441
2474
2451
2457
2440
2448
2464
2459
2451
2449
2441
2448
2449
2450
2440
2453
2452
2470
2440
2441
2468
2450
2454
2441
2460
2459
