2579
2573
2569
2599
2570
2579
2577
2603
2579
2568
2568
2585
2578
2582
2568
2568
2580
2582
2579
2578
2568
2568
2580
2579
2584
2585
2568
2568
2580
2586
2585
2584
2574
2568
2583
2579
2577
2572
2568
2587
2584
2584
2582
2568
2568
2589
2585
2582
2587
2568
2568
2583
2582
2587
2568
2568
2585
2582
2587
2580
2571
2569
2588
2581
2588
2578
2569
2573
2579
2587
2584
2571
2572
2579
2588
2579
2585
2571
2570
2588
2577
2585
2581
2569
2568
2580
2583
2581
2570
2569
2579
2583
2582
2589
2568
2568
2577
2587
2583
2570
2568
2578
2584
2581
2591
2568
2569
2584
2582
2585
2577
2569
2568
2592
2577
2584
2569
2570
2584
2587
2582
2584
2568
2573
2589
2577
2583
2570
2572
2568
2577
2583
2584
2589
2575
2673
2575
2579
2591
2593
2572
2568
2583
2580
2585
2574
2568
2568
2588
2579
2576
2575
2568
2572
2577
2596
2583
2576
2573
2569
2576
2580
2577
2572
2569
2576
2576
2580
2580
2568
2568
2580
2583
2580
2569
2569
2580
2582
2580
2577
2570
2568
2592
2581
2576
2584
2569
2570
2578
2582
2581
2573
2569
2568
2582
2579
2578
2568
2569
2584
2583
2587
2576
2568
2568
2583
2586
2578
2569
2568
2592
2584
2585
2579
2569
2591
2582
2582
2580
2570
2572
2581
2582
2578
2568
2572
2583
2584
2579
2585
2574
2569
2582
2578
2584
2569
2569
2586
2575
2595
2576
2569
2568
2577
2577
2633
2569
2570
2568
2582
2577
2615
2568
2569
2579
2576
2587
2569
2570
2577
2586
2583
2588
2568
2568
2587
2584
2586
2568
2575
2578
2584
2587
2578
2568
2568
2591
2596
2576
2585
2568
2574
2579
2590
2576
2568
2574
2596
2589
2576
2589
2574
2568
2578
2584
2577
2573
2588
2579
2584
2576
2586
2569
2569
2583
2584
2575
2578
2569
2569
2577
2586
2580
2568
2568
2578
2581
2581
2585
2569
2569
2611
2591
2584
2590
2570
2569
2606
2579
2583
2579
2568
2578
2582
2576
2576
2569
2576
2568
2578
2579
2585
2569
2568
2573
2576
2579
2578
2567
2568
2579
2590
2579
2576
2571
2568
2601
2578
2584
2568
2568
2588
2578
2596
2568
2569
2574
2580
2584
2576
2569
2580
2577
2595
2576
2569
2569
2576
2585
2580
2569
2568
2577
2583
2575
2590
2568
2568
2587
2575
2580
2568
2570
2585
2584
2577
2587
2568
2574
2581
2588
2580
2568
2576
2580
2583
2581
2580
2582
2572
2586
2592
2580
2575
2575
2571
2586
2582
2585
2582
2569
2569
2582
2576
2589
2569
2568
2588
2577
2591
2578
2568
2589
2579
2587
2616
2588
2569
2568
2587
2586
2600
2579
2575
2577
2580
2595
2581
2586
2568
2569
2576
2576
2594
2579
2569
2569
2585
2582
2575
2570
2568
2582
2578
2579
2585
2568
2573
2573
2577
2583
2587
2568
2569
2586
2607
2577
2568
2568
2578
2601
2580
2583
2569
2568
2584
2580
2579
2576
2568
2569
2577
2585
2579
2568
2569
2592
2576
2588
2580
2570
2584
2576
2585
2577
2569
2585
2587
2577
2583
2579
2584
2569
2578
2583
2576
2608
2569
2580
2581
2583
2605
2568
2568
2583
2599
2580
2581
2568
2568
2588
2581
2585
2578
2569
2568
2578
2591
2579
2569
2569
2579
2590
2577
2581
2571
2569
2590
2577
2586
2568
2571
2591
2577
2585
2577
2574
2568
2578
2584
2577
2572
2568
2578
2577
2577
2593
2569
2568
2587
2579
2594
2568
2568
2585
2576
2590
2595
2569
2569
2585
2568
2569
2606
2585
2591
2576
2568
2569
2588
2576
2575
2582
2568
2581
2577
2575
2585
2568
2568
2585
2575
2583
2575
2569
2589
2581
2580
2575
2568
2609
2577
2589
2574
2585
2589
2569
2581
2575
2587
2589
2569
2569
2585
2576
2591
2577
2568
2568
2579
2596
2574
2568
2568
2576
2589
2575
2587
2569
2568
2588
2580
2588
2569
2571
2583
2586
2577
2579
2568
2575
2593
2578
2582
2569
2573
2590
2577
2586
2577
2573
2569
2577
2583
2577
2570
2573
2578
2583
2579
2583
2568
2570
2584
2576
2584
2575
2568
2588
2580
2580
2577
2582
2570
2568
2582
2580
2588
2577
2569
2586
2581
2585
2579
2568
2568
2598
2590
2584
2587
2572
2574
2611
2577
2587
2576
2575
2570
2577
2580
2582
2576
2568
2577
2589
2600
2613
2568
2570
2582
2582
2582
2568
2568
2581
2584
2592
2584
2573
2568
2576
2581
2586
2569
2568
2577
2688
2578
2589
2570
2568
2593
2577
2589
2569
2568
2598
2575
2577
2577
2569
2568
2593
2581
2579
2569
2569
2598
2584
2577
2587
2568
2618
2584
2578
2584
2568
2614
2569
2611
2575
2603
2612
2568
2568
2589
2602
2569
2568
2580
2645
2622
2580
2568
2568
2578
2588
2589
2576
2568
2601
2591
2583
2577
2576
2583
2573
2581
2581
2592
2578
2578
2569
2586
2575
2576
2572
2568
2580
2584
2578
2601
2570
2568
2578
2582
2582
2568
2568
2583
2577
2583
2577
2569
2569
2585
2581
2613
2568
2569
2590
2576
2579
2569
2568
2577
2580
2586
2578
2568
2568
2580
2588
2579
2584
2568
2569
2590
2580
2582
2578
2570
2585
2578
2585
2576
2574
2574
2578
2581
2579
2568
2574
2577
2579
2576
2617
2574
2568
2578
2584
2583
2575
2568
2586
2575
2581
2586
2568
2568
2585
2583
2599
2569
2569
2575
2591
2576
2580
2568
2573
2582
2576
2586
2568
2568
2584
2598
2589
2576
2569
2568
2592
2588
2578
2582
2569
2594
2591
2577
2583
2570
2584
2588
2577
2585
2576
2585
2613
2580
2598
2585
2649
2574
2569
2582
2578
2582
2574
2568
2569
2576
2610
2582
2569
2568
2585
2596
2586
2587
2568
2568
2595
2590
2577
2569
2568
2597
2602
2576
2585
2569
2585
2583
2578
2584
2569
2569
2577
2583
2578
2569
2568
2592
2577
2587
2579
2570
2585
2588
2585
2581
2576
2584
2580
2587
2580
2583
2585
2572
2578
2578
2588
2584
2572
2577
2579
2577
2615
2574
2568
2584
2578
2597
2572
2568
2594
2576
2601
2581
2571
2569
2578
2620
2581
2580
2568
2693
2597
2589
2583
2589
2586
2583
2588
2582
2586
2571
2568
2585
2582
2587
2577
2569
2570
2582
2583
2584
2570
2585
2581
2578
2576
2568
2585
2586
2578
2583
2585
2585
2572
2589
2579
2588
2585
2572
2588
2577
2585
2597
2579
2574
2576
2584
2576
2572
2568
2580
2576
2578
2582
2568
2569
2576
2582
2584
2568
2569
2579
2582
2609
2580
2573
2568
2587
2589
2590
2578
2574
2568
2574
2581
2584
2584
2568
2573
2574
2588
2577
2604
2571
2569
2573
2586
2576
2583
2569
2569
2591
2577
2582
2568
2575
2578
2577
2600
2578
2569
2568
2585
2593
2584
2577
2569
2568
2594
2588
2577
2585
2568
2597
2589
2581
2586
2569
2585
2593
2578
2582
2575
2568
2572
2579
2577
2583
2569
2577
2574
2582
2577
2591
2572
2569
2582
2576
2591
2592
2568
2568
2585
2595
2598
2568
2568
2585
2602
2591
2579
2568
2569
2594
2582
2582
2578
2567
2568
2580
2578
2583
2568
2569
2583
2578
2589
2586
2568
2573
2577
2591
2575
2570
2569
2579
2575
2581
2581
2568
2569
2577
2576
2580
2584
2570
2575
2587
2576
2590
2572
2568
2583
2576
2576
2592
2568
2568
2585
2575
2577
2570
2568
2573
2578
2584
2577
2569
2570
2576
2585
2577
2568
2569
2579
2616
2586
2582
2569
2587
2595
2587
2577
2568
2568
2583
2578
2583
2576
2570
2573
2582
2576
2585
2569
2568
2586
2579
2584
2579
2585
2568
2581
2580
2579
2582
2574
2570
2583
2603
2585
2581
2568
2569
2581
2583
2581
2569
2568
2607
2578
2585
2577
2568
2574
2589
2586
2577
2577
2569
2594
2681
2583
2578
2569
2586
2581
2638
2577
2587
2584
2570
2584
2578
2580
2584
2578
2578
2574
2583
2576
2574
2568
2576
2579
2578
2572
2569
2575
2579
2588
2584
2568
2568
2582
2597
2588
2586
2568
2569
2580
2582
2599
2578
2570
2568
2578
2578
2590
2568
2569
2589
2576
2586
2577
2568
2569
2579
2582
2576
