254
253
253
254
253
254
254
254
254
254
254
255
253
254
253
255
253
253
253
253
253
291
254
256
254
254
253
257
253
254
255
254
254
254
254
254
253
272
253
255
254
262
254
253
256
254
254
257
253
253
254
254
253
253
253
253
254
253
254
253
253
253
289
260
254
254
253
254
253
254
254
268
254
254
254
253
257
254
253
253
285
253
253
254
254
254
254
253
254
254
253
253
254
253
254
255
254
254
282
254
254
253
255
254
253
253
253
283
253
254
253
253
253
253
255
254
254
253
254
253
288
253
253
253
253
253
253
253
254
254
260
253
253
265
254
253
253
253
253
253
253
253
254
254
254
253
290
254
253
254
254
253
253
254
254
253
253
254
253
313
253
253
253
253
254
256
254
254
264
254
254
254
254
254
254
254
253
288
253
254
254
253
254
309
254
253
253
253
254
253
256
253
322
254
254
259
263
253
253
253
254
254
253
254
253
282
253
254
253
253
254
253
254
254
254
255
254
254
254
253
253
254
253
263
254
254
254
253
254
254
253
253
254
253
253
254
306
254
254
253
254
254
253
253
253
254
254
254
254
264
256
254
254
295
254
253
254
254
254
253
253
258
254
254
254
254
263
253
254
253
254
254
254
254
253
262
254
254
254
254
254
254
253
253
271
253
253
253
254
254
253
253
254
253
253
253
254
253
255
254
254
254
253
253
254
253
253
253
253
253
254
296
253
254
253
254
254
257
254
253
263
253
253
253
254
254
254
253
254
254
253
253
254
253
259
254
253
254
253
254
253
253
254
300
254
254
254
254
253
253
254
254
254
254
253
253
253
253
253
254
254
254
254
253
254
253
254
253
254
254
254
253
254
254
259
253
253
254
253
262
254
253
254
253
254
254
254
254
254
254
253
253
254
254
253
254
254
254
254
254
253
297
253
254
253
254
254
253
254
254
253
254
254
253
254
254
254
254
260
254
254
253
254
254
254
261
254
256
254
253
253
253
306
254
254
254
254
254
253
253
254
254
253
254
257
254
254
253
254
254
295
254
254
254
254
254
253
253
253
253
253
254
253
255
254
254
254
254
253
254
253
254
253
254
253
253
254
254
254
253
253
254
254
254
254
254
254
254
254
254
254
253
254
253
254
253
254
253
253
253
259
253
253
254
253
253
253
254
253
254
254
254
256
254
254
254
254
253
293
255
254
253
253
254
254
254
256
273
253
253
254
253
254
254
254
254
254
253
256
253
253
254
254
254
254
253
253
253
253
254
254
254
254
254
254
254
254
256
254
297
254
254
254
253
254
254
254
254
260
253
253
253
253
254
253
254
255
314
254
254
254
254
254
253
254
254
254
253
256
254
254
254
253
254
253
254
266
253
253
262
262
253
253
254
254
254
254
253
254
263
254
254
254
254
254
254
253
253
276
254
253
254
254
254
254
255
253
296
254
254
253
254
254
254
254
253
253
254
253
254
254
254
253
253
254
265
254
254
253
254
254
253
253
253
262
253
253
254
254
254
254
254
260
254
261
253
253
254
254
254
253
253
272
254
254
253
254
254
254
254
253
254
253
254
254
254
254
253
253
254
254
253
253
253
254
254
253
254
253
268
254
253
254
253
253
253
254
254
253
254
253
254
253
254
254
260
255
254
254
254
253
269
253
254
254
254
253
254
253
254
253
254
253
254
254
254
254
254
254
264
253
254
254
253
254
254
254
254
253
253
254
254
263
254
254
254
253
253
254
254
254
253
254
253
254
264
254
256
254
254
253
254
254
254
254
254
254
254
253
254
253
253
254
269
254
254
254
257
265
255
254
254
260
253
253
253
254
253
254
253
253
254
254
254
253
253
254
253
253
254
254
254
254
253
253
253
253
253
253
254
253
254
254
266
254
253
254
253
253
253
254
254
253
254
254
253
253
256
254
253
253
254
254
253
254
296
253
253
254
253
256
254
254
254
253
254
254
253
264
254
253
253
254
253
253
253
254
253
254
253
254
253
254
253
254
254
254
253
253
259
264
254
254
254
254
253
253
253
256
254
254
254
254
254
253
254
254
254
254
258
253
253
264
253
253
253
254
254
253
254
254
254
253
253
254
253
254
253
253
255
253
254
253
254
254
253
254
255
254
254
254
253
253
254
257
254
254
267
254
254
253
253
254
254
257
253
253
253
254
254
265
254
255
254
254
253
254
254
253
253
253
253
253
253
254
255
254
254
254
254
253
254
253
254
254
254
253
253
254
253
254
254
254
254
253
253
263
254
254
254
254
256
253
253
254
254
253
253
253
253
254
254
254
254
264
254
253
254
253
253
254
254
253
263
253
254
254
254
267
253
253
253
254
253
253
254
253
255
253
254
253
254
253
254
254
254
253
254
253
254
268
253
253
256
261
257
254
253
253
253
254
254
254
263
254
253
254
253
254
270
253
254
253
254
253
254
254
254
254
254
254
254
254
254
254
254
263
253
254
254
254
254
254
261
254
264
254
253
254
254
253
254
253
253
268
254
253
254
254
254
254
254
253
253
253
253
254
253
254
255
254
253
254
254
254
254
254
275
253
253
253
263
254
254
254
254
266
254
254
254
254
254
253
253
254
253
253
253
254
263
254
253
254
253
254
254
254
253
254
253
254
253
253
254
254
254
254
254
255
253
254
262
254
254
254
254
253
253
254
254
254
253
253
253
253
278
268
253
254
253
253
253
254
265
254
253
253
253
253
253
256
253
254
254
253
253
279
253
254
254
254
254
254
254
254
254
254
253
254
254
254
254
253
259
264
254
254
254
253
254
254
254
254
275
254
254
253
253
254
253
253
254
260
254
253
253
253
265
253
254
253
254
256
254
254
253
282
254
253
253
254
260
254
254
254
275
253
254
253
253
254
254
254
254
254
254
254
254
254
264
255
253
253
253
253
253
254
254
282
254
254
258
254
254
254
253
254
264
253
266
254
253
254
254
254
253
264
254
254
254
254
253
253
253
254
253
254
253
260
253
254
254
253
254
253
254
254
254
254
253
253
253
253
253
281
254
253
254
254
253
254
253
254
299
253
254
253
