382
382
394
382
382
382
397
382
382
390
389
382
382
382
382
381
382
392
382
382
382
392
387
382
382
382
382
383
382
383
382
382
382
382
381
382
394
383
386
382
438
382
382
381
415
382
382
382
382
383
383
382
383
382
388
382
382
382
382
383
382
382
382
392
382
382
383
420
382
383
385
393
382
382
383
395
383
382
382
383
383
382
383
382
382
382
382
382
381
384
382
381
382
382
395
382
382
383
383
382
383
382
388
382
382
382
382
382
398
394
385
382
382
393
382
383
382
383
383
382
383
382
382
382
424
382
382
382
393
382
383
383
384
382
382
382
382
381
382
382
384
382
383
395
382
384
382
382
382
386
382
383
382
382
408
399
383
383
394
382
382
382
382
382
382
384
383
383
382
382
381
398
382
414
382
382
382
395
382
382
382
382
383
382
382
382
382
382
382
394
383
382
382
383
382
383
382
382
386
382
382
382
382
382
382
382
382
382
381
382
383
382
399
382
385
383
382
382
382
382
383
382
381
382
382
382
382
382
382
382
384
424
382
382
383
390
384
382
382
382
382
382
386
391
382
382
410
382
388
382
429
382
382
382
382
382
382
382
389
382
383
382
416
382
383
382
383
382
382
392
383
382
383
426
382
382
382
391
386
382
382
381
382
382
382
382
382
382
382
382
383
382
382
382
384
382
402
382
382
382
394
382
385
382
405
382
382
383
402
382
383
382
395
382
383
382
452
383
383
382
391
382
382
382
392
382
383
401
419
383
383
382
393
383
382
382
397
382
383
382
401
383
382
383
438
382
382
383
393
382
383
382
408
382
382
382
398
382
383
383
417
384
382
382
393
382
381
382
421
382
382
382
396
382
383
382
415
401
382
382
409
382
382
382
394
383
383
382
414
383
382
383
396
383
382
382
417
383
382
382
394
383
382
383
392
382
382
383
382
382
382
382
422
382
382
382
397
388
383
383
382
383
382
381
382
382
382
406
382
382
382
391
382
382
382
392
383
382
382
406
382
382
382
407
382
382
382
391
382
383
382
392
384
382
383
426
383
383
382
383
382
382
382
382
382
382
383
382
383
382
383
382
387
382
382
382
382
382
391
382
382
382
392
382
382
382
382
382
382
382
382
382
382
382
382
383
382
383
382
381
382
382
382
382
382
388
382
383
382
392
383
383
382
410
382
382
382
383
382
382
382
382
383
383
382
382
382
382
383
382
382
382
383
382
382
383
387
381
381
382
394
382
382
383
383
382
382
382
383
383
382
383
382
382
382
383
382
382
382
382
382
383
383
382
382
386
383
431
381
382
383
391
382
382
382
423
382
382
382
382
382
383
382
382
382
382
382
382
382
386
382
382
393
383
382
382
382
382
382
382
382
383
382
392
383
382
382
411
382
382
382
382
383
382
382
388
382
383
382
382
382
382
382
382
383
382
384
382
383
382
382
382
382
383
383
382
382
384
383
383
386
382
396
383
383
382
394
383
383
384
394
382
382
382
439
382
384
383
396
383
385
382
382
383
382
382
382
383
383
382
382
382
385
383
382
382
383
382
382
382
382
382
382
385
382
382
382
382
382
383
383
382
382
382
383
384
382
382
381
382
382
383
382
382
382
391
383
383
382
382
383
383
382
382
382
382
382
382
382
382
382
392
383
383
394
382
387
382
382
382
382
382
382
382
382
383
382
389
389
395
382
382
382
386
382
382
382
382
382
382
384
382
382
383
383
382
382
382
393
382
382
385
382
382
382
382
382
382
382
382
383
382
385
382
382
382
382
391
382
382
382
411
383
387
382
395
383
388
382
383
382
382
382
382
382
383
382
382
382
382
397
382
382
382
387
382
383
382
383
383
382
383
382
382
382
382
384
382
383
383
382
383
383
382
382
382
382
382
383
383
383
383
382
382
382
382
382
382
382
383
382
382
382
382
383
382
382
383
382
382
384
413
382
382
382
392
382
382
382
382
383
382
383
383
383
382
382
382
382
383
382
382
382
383
392
382
383
382
391
383
382
383
414
382
389
383
382
382
383
382
382
383
382
382
381
383
382
382
382
382
382
420
382
383
382
391
382
383
382
382
382
382
382
382
382
382
382
383
382
382
383
382
382
382
387
382
382
382
424
384
382
383
382
383
383
383
382
382
382
382
382
382
383
382
383
382
382
409
383
382
382
392
383
382
383
422
382
383
382
391
382
382
385
413
382
382
382
395
382
383
383
404
382
382
382
391
382
382
383
393
382
382
382
382
382
382
382
382
382
382
382
382
383
382
382
382
383
382
388
382
382
382
391
382
382
388
382
382
382
382
382
383
382
396
382
382
382
419
382
383
382
382
383
382
383
383
382
383
382
382
383
382
382
383
382
382
382
382
382
382
382
388
383
382
405
382
382
382
391
382
382
382
391
384
383
382
409
382
382
384
391
383
382
382
423
382
382
382
391
383
383
382
428
382
382
383
383
382
382
382
383
382
383
383
393
382
382
383
423
382
382
382
395
382
382
382
382
382
382
382
383
382
382
382
383
383
382
383
392
384
383
381
382
382
382
382
383
382
382
383
382
382
383
383
390
384
382
399
382
382
382
383
382
382
381
382
383
403
405
382
382
382
401
391
382
383
382
382
382
382
382
383
382
382
383
382
382
383
382
382
382
403
382
382
381
394
383
382
382
402
382
382
383
391
382
382
382
420
382
382
382
390
382
382
383
410
382
382
383
392
382
382
381
391
382
383
382
402
383
382
382
393
382
383
382
425
388
382
381
391
382
383
383
389
383
382
382
411
383
382
381
399
382
384
382
382
382
382
382
382
382
382
382
382
383
387
382
381
382
386
382
383
382
382
382
382
385
382
382
382
382
398
382
382
382
382
382
382
385
382
383
382
382
382
382
382
382
382
382
384
382
383
388
383
382
382
382
382
383
382
395
383
382
382
409
382
382
382
425
382
383
382
431
383
382
382
390
382
382
383
394
382
382
382
411
385
382
382
391
382
382
382
383
382
382
383
382
410
383
390
382
388
382
382
382
382
384
391
381
382
382
381
382
382
382
383
383
