511
512
511
511
510
522
511
526
552
511
511
511
517
511
511
569
510
511
523
511
511
512
511
510
510
538
511
511
524
516
514
510
511
511
510
531
510
510
510
511
511
511
538
510
511
524
511
511
510
528
511
511
521
511
510
511
511
511
516
529
510
511
511
510
511
511
546
510
511
511
511
511
511
522
511
510
511
511
510
511
511
511
511
519
511
511
512
510
510
511
516
511
511
511
511
510
513
511
510
511
537
511
511
511
511
510
526
511
511
510
519
510
510
511
511
511
510
511
510
511
523
511
510
510
510
511
511
521
511
512
511
511
511
511
521
511
511
510
511
510
515
533
511
513
519
511
511
555
526
511
522
511
510
511
511
511
515
511
511
511
519
511
511
510
511
511
511
511
511
511
550
510
511
512
511
510
510
537
511
511
519
510
511
540
511
511
510
516
515
511
545
511
511
511
511
512
513
511
518
510
535
510
510
510
510
511
511
519
511
512
513
511
511
511
520
511
511
511
532
511
511
511
511
511
511
548
511
511
511
511
510
511
612
511
511
511
511
510
511
538
511
511
521
511
511
511
511
511
510
520
511
511
511
511
517
511
521
511
511
511
511
511
510
511
522
511
510
511
511
513
512
511
510
511
511
511
511
519
511
511
511
510
511
513
519
510
510
511
511
511
511
519
511
512
510
510
510
511
511
510
511
517
510
511
511
511
511
511
519
510
510
510
511
511
511
526
510
511
511
512
512
511
518
511
511
511
515
511
510
524
511
511
511
510
511
511
510
511
511
542
512
511
511
511
511
511
547
511
511
511
521
511
511
511
510
519
511
511
511
510
520
511
511
511
511
511
511
526
511
511
518
510
511
510
511
510
511
518
510
511
511
511
511
511
525
510
511
511
511
511
512
510
511
511
511
511
511
511
569
511
511
532
511
511
511
511
510
511
514
553
510
510
511
511
511
513
514
511
510
528
510
511
510
513
511
510
511
511
510
520
511
511
511
510
510
510
511
510
510
537
511
511
511
511
511
511
535
510
511
510
513
511
510
511
510
510
552
511
510
511
511
511
510
516
514
511
511
511
510
510
518
510
511
521
518
511
521
510
511
515
511
511
510
511
510
511
526
511
511
511
513
511
515
522
510
511
510
510
510
512
511
510
510
524
510
511
512
512
510
511
510
510
511
520
511
511
510
511
510
512
549
511
511
511
511
511
511
528
511
511
511
511
511
511
514
510
510
520
511
512
511
510
510
511
520
510
510
511
511
511
511
530
511
511
511
511
510
511
511
512
511
532
511
511
511
511
511
511
521
510
511
511
511
511
511
510
512
513
523
511
519
515
510
511
510
512
511
511
516
511
546
511
518
522
511
512
511
510
510
511
527
545
511
563
518
510
511
511
511
511
553
511
511
511
512
544
511
520
510
511
511
511
511
511
520
511
511
511
511
517
511
521
511
511
510
513
511
511
525
511
511
511
511
511
511
522
511
510
511
511
510
510
511
510
510
525
511
511
512
510
511
510
528
511
510
511
510
510
510
555
511
510
512
526
510
511
520
511
511
511
511
511
511
521
511
513
511
516
510
511
523
510
511
511
511
513
511
520
511
511
510
511
510
510
523
512
511
521
511
511
511
511
511
511
539
517
511
511
511
511
510
538
510
511
510
512
510
511
510
510
511
536
510
510
510
511
511
511
510
510
511
511
511
511
514
514
511
511
520
511
511
511
542
510
511
512
511
511
511
536
511
511
511
511
511
511
544
511
511
511
511
511
510
540
511
510
523
510
511
511
510
511
519
510
511
514
514
512
511
511
510
512
526
511
511
510
511
511
511
529
511
511
513
510
510
511
511
511
510
537
511
511
511
510
511
511
534
511
510
519
511
510
510
511
511
510
517
511
511
511
525
510
510
511
511
510
520
511
510
511
513
511
511
511
510
511
536
512
510
519
511
510
510
522
528
511
510
510
526
511
511
511
512
519
511
511
513
511
511
511
510
511
511
510
527
511
511
511
511
511
510
511
511
511
547
511
511
526
511
510
511
516
511
511
511
511
514
510
511
510
511
510
547
511
511
511
511
512
512
510
511
511
510
510
510
511
520
511
511
511
513
510
511
537
511
510
510
511
510
511
538
527
511
510
511
511
510
513
510
511
520
511
511
511
519
511
511
511
510
511
511
511
511
511
533
511
510
511
511
511
527
519
510
511
515
511
511
511
519
511
511
511
511
511
511
532
511
511
512
510
511
511
516
511
511
511
511
511
511
511
511
511
511
517
511
510
537
511
510
511
511
511
511
511
526
510
511
535
511
511
520
511
511
511
511
511
511
511
511
511
511
513
517
510
523
510
515
520
510
510
510
511
511
516
521
511
514
519
511
511
510
511
510
510
524
511
511
511
510
511
517
520
510
511
531
511
511
511
511
510
511
544
511
511
511
511
511
511
528
510
511
511
510
511
511
511
511
511
522
511
510
510
511
511
511
531
511
512
511
512
511
511
511
511
511
533
511
512
510
510
511
511
518
510
511
521
516
510
510
511
511
510
538
511
511
511
511
517
510
518
510
516
510
511
511
511
519
511
511
511
510
510
511
511
510
512
533
511
511
511
511
511
511
537
511
511
526
512
511
511
524
511
511
511
511
511
511
536
510
511
511
511
511
510
510
511
511
510
511
510
510
516
510
511
510
527
511
517
518
516
511
511
511
511
511
520
510
511
512
511
528
511
520
511
511
511
511
511
511
522
511
511
511
511
511
511
511
511
512
510
511
510
510
533
510
510
511
511
513
527
511
511
511
516
511
510
511
536
512
511
511
511
511
511
533
511
511
511
510
510
511
548
511
511
511
511
511
510
539
511
510
511
513
511
511
511
511
511
539
511
511
511
527
511
511
539
515
511
513
511
511
511
535
511
510
510
511
527
511
519
511
510
511
510
511
510
521
511
511
511
511
511
511
522
511
514
511
511
510
512
521
511
511
511
510
511
527
520
511
512
511
511
511
511
552
511
511
511
511
511
511
520
511
511
511
511
511
510
517
512
510
510
511
510
510
517
510
