639
651
639
639
649
640
639
669
642
640
649
642
645
651
640
639
648
644
639
650
639
639
652
639
639
646
639
639
653
644
639
648
640
640
666
639
639
647
639
641
639
640
642
639
639
639
639
639
640
639
640
639
639
640
640
643
664
640
639
648
640
640
668
640
639
639
641
640
641
639
639
639
639
639
639
640
640
639
653
639
639
648
641
640
696
639
640
646
639
639
640
639
639
639
639
639
639
640
639
639
639
639
640
648
639
639
648
639
639
650
639
645
648
639
639
649
640
639
640
640
642
640
639
639
639
639
639
639
639
646
639
639
639
639
640
639
639
639
640
640
640
639
639
640
639
639
639
639
639
639
639
640
639
639
639
652
639
639
674
640
640
650
639
639
668
640
639
652
640
639
639
649
639
642
639
639
681
639
639
639
648
639
640
648
639
639
654
639
647
640
640
639
639
639
639
668
676
640
650
641
639
665
639
639
650
639
639
639
646
676
639
639
639
639
639
639
639
639
639
639
663
640
660
653
639
640
652
639
639
640
639
639
645
647
639
661
639
642
665
639
639
651
640
639
642
639
639
640
649
639
639
639
640
639
640
640
639
639
640
640
643
639
639
639
639
639
640
639
639
639
642
639
650
643
639
665
639
640
647
639
639
655
639
639
647
639
647
639
640
639
639
639
639
639
640
640
639
640
640
645
639
639
639
648
639
640
651
640
639
640
640
639
645
639
640
639
641
640
640
647
639
639
650
640
639
686
639
640
646
639
640
639
640
639
641
639
639
640
672
639
640
648
639
640
668
639
640
648
640
639
640
640
640
640
640
639
639
639
639
639
661
640
640
648
640
640
647
639
640
640
639
640
639
639
640
639
640
639
640
639
640
640
639
639
639
662
639
639
647
640
639
652
639
640
640
639
639
639
639
639
639
639
639
639
674
639
639
639
639
639
639
640
639
639
640
644
640
639
642
640
639
639
639
639
640
640
639
639
639
639
639
639
641
639
639
639
640
640
639
685
639
639
652
640
639
671
639
640
654
639
641
662
640
639
651
641
640
669
639
639
640
639
639
639
639
640
639
639
643
640
640
639
639
639
640
640
639
639
640
640
639
640
640
640
640
672
639
639
650
639
640
667
639
639
646
639
640
654
640
640
640
639
639
639
639
640
641
639
639
640
639
639
639
639
639
639
639
640
639
642
640
640
639
639
639
639
640
639
684
639
639
649
698
640
639
644
639
647
639
639
639
639
639
640
645
640
639
640
639
639
639
640
639
639
640
664
639
639
657
640
640
672
639
639
651
639
640
668
639
640
645
639
640
669
640
639
651
639
639
665
639
639
672
642
644
652
639
644
683
674
639
650
640
640
669
639
639
653
640
639
648
641
642
667
641
640
639
639
639
640
640
639
639
640
641
640
639
639
639
640
640
639
649
639
639
648
640
640
673
639
639
652
639
639
639
640
639
639
640
640
645
640
639
639
639
639
639
639
640
641
649
640
639
653
656
639
648
640
639
664
640
640
639
640
639
639
644
656
640
640
639
639
648
639
639
651
639
642
665
641
656
651
640
639
640
639
641
639
639
639
639
639
640
656
639
641
639
640
639
639
671
640
640
650
642
641
687
640
639
651
639
640
640
639
639
640
639
640
640
656
640
639
645
639
639
639
639
639
666
639
639
652
656
639
664
640
639
653
639
639
641
639
639
639
664
639
639
639
649
640
639
639
640
639
639
639
639
639
657
639
639
645
639
643
651
640
642
650
639
652
656
639
639
646
639
640
639
640
655
639
639
649
639
639
652
644
639
646
639
639
668
639
639
649
640
639
668
639
639
661
639
639
648
639
639
682
639
639
651
639
639
670
639
672
641
639
641
639
639
639
640
640
639
640
640
639
655
673
639
643
654
640
641
668
639
640
650
639
639
655
640
640
643
639
639
639
640
640
639
639
641
639
664
639
639
680
640
640
651
641
640
648
640
639
639
656
639
639
639
640
639
639
639
639
639
639
640
640
655
640
664
649
640
639
642
639
641
639
639
664
639
656
640
640
639
640
639
639
649
639
639
658
640
644
670
639
641
651
639
639
662
639
640
651
639
640
699
639
639
643
639
641
639
639
639
639
640
639
639
640
639
640
643
639
640
650
639
639
668
641
639
654
639
639
665
643
639
640
640
639
639
640
639
639
639
639
639
651
648
639
639
639
639
653
640
640
673
639
639
651
639
641
668
639
639
653
640
640
668
639
656
650
639
639
639
639
639
640
639
639
639
639
639
659
640
639
639
639
639
639
639
639
640
668
639
639
666
639
639
669
639
642
652
639
640
667
639
639
650
639
639
650
643
639
649
639
639
639
639
642
639
639
639
639
640
641
639
640
640
640
640
639
640
639
639
640
640
642
641
652
639
639
677
639
640
653
639
655
671
640
647
653
639
640
669
639
640
651
639
639
664
639
639
655
639
640
669
639
639
639
639
639
639
639
639
639
640
639
639
639
639
642
640
640
640
651
640
639
670
641
640
651
639
639
664
696
642
652
654
639
639
642
639
651
639
639
662
656
642
651
639
639
666
639
643
655
639
640
639
639
639
639
639
639
639
640
639
642
639
640
640
639
639
639
651
639
639
663
640
639
656
639
640
639
639
639
639
640
640
639
639
639
639
644
640
639
640
640
640
650
639
639
650
639
639
656
639
639
667
639
639
651
639
640
662
655
640
639
639
639
639
639
639
639
639
639
639
640
655
640
640
639
639
653
639
639
669
639
639
640
640
655
665
639
649
652
639
640
666
639
639
650
640
639
667
641
640
653
639
639
662
639
639
650
639
640
689
640
639
640
641
639
640
641
639
639
639
639
639
655
639
639
640
639
639
639
639
639
640
639
639
640
655
640
683
650
639
639
643
641
639
639
640
639
639
642
640
641
682
640
639
639
639
639
640
639
639
671
662
639
643
649
639
639
662
639
641
654
639
639
673
639
640
641
639
642
639
639
639
640
639
640
640
655
639
640
653
639
640
663
639
639
652
641
640
662
639
639
648
643
639
664
639
639
639
640
639
