782
767
767
780
773
768
772
793
778
768
768
777
768
768
768
770
771
768
771
777
768
768
768
767
768
768
773
778
767
768
779
801
768
768
768
768
768
767
782
768
767
778
773
767
768
768
768
768
768
777
768
767
794
767
783
768
768
768
773
768
768
772
768
778
768
768
823
768
768
779
768
768
768
771
768
768
768
818
768
768
778
768
768
791
768
768
768
768
768
768
768
768
768
767
778
768
768
800
768
768
768
783
768
768
768
768
768
767
782
767
768
793
767
767
768
768
768
768
768
768
769
767
805
768
783
768
767
767
768
768
767
775
768
798
768
768
794
768
768
792
769
768
768
772
768
768
768
777
768
768
790
768
769
787
769
768
770
770
792
811
768
768
768
767
768
769
794
768
767
777
773
768
768
767
768
767
768
791
768
776
767
767
768
768
768
768
781
789
769
769
778
768
768
776
767
767
768
768
767
774
768
774
767
769
792
768
768
768
768
768
768
774
768
768
768
796
768
768
776
768
768
794
768
773
778
768
768
773
769
768
768
770
777
768
768
804
769
768
777
768
768
768
768
768
770
767
768
768
768
781
768
768
794
768
768
781
768
773
778
768
768
768
768
768
767
768
810
767
768
781
788
768
768
768
768
768
768
770
768
768
779
768
769
795
767
770
768
768
768
768
768
778
768
773
791
768
767
778
768
768
768
768
768
768
768
812
768
768
778
768
767
776
768
767
768
768
768
768
770
779
767
768
791
767
768
778
769
768
770
768
768
768
768
768
769
767
767
768
768
792
771
768
779
768
768
800
768
768
779
768
768
768
772
768
768
768
768
768
768
781
768
768
793
768
771
778
768
769
793
768
768
779
768
768
780
768
798
768
767
795
768
768
768
770
768
768
768
806
789
768
768
767
768
768
768
767
767
768
776
772
768
780
768
768
779
768
768
767
768
785
768
768
791
768
780
768
767
778
768
768
809
767
768
768
767
768
768
768
768
768
768
785
771
774
780
768
768
768
768
768
768
768
769
768
768
773
768
773
801
768
768
776
768
768
768
768
768
768
773
778
768
768
779
768
768
791
768
781
784
768
768
768
768
784
768
768
779
768
768
777
784
768
768
768
768
768
768
777
768
768
795
768
767
768
768
768
768
768
768
768
768
778
774
785
800
768
768
787
768
767
767
773
777
772
768
770
768
768
767
768
795
767
775
776
767
768
771
768
768
768
768
778
768
767
773
768
771
768
767
768
767
767
779
768
768
801
768
768
778
767
768
768
767
785
770
768
777
768
768
791
768
768
768
768
768
768
767
777
768
768
788
769
768
768
768
768
768
768
770
768
768
767
779
768
771
768
770
768
777
768
775
771
768
768
769
774
770
768
779
768
767
814
768
767
768
768
768
768
768
795
769
768
768
768
768
768
768
768
776
768
778
768
768
777
768
775
768
768
768
768
768
788
768
767
777
768
768
769
768
767
768
771
778
768
768
792
768
768
768
768
768
768
768
794
767
768
776
769
768
768
768
768
768
768
776
768
770
792
768
768
777
768
768
768
768
768
784
768
777
767
768
777
770
768
768
768
768
776
768
778
768
768
794
768
768
778
768
768
768
767
768
768
768
777
768
768
777
768
768
792
770
768
768
768
770
768
768
778
767
768
814
768
772
768
768
768
768
768
801
768
770
788
768
768
778
768
768
768
768
767
768
768
778
768
768
798
770
768
768
768
768
768
768
777
768
773
800
768
767
768
767
768
770
768
791
768
768
777
773
768
768
768
768
767
768
793
768
779
775
768
783
772
768
768
778
768
768
768
779
767
767
768
770
768
768
768
790
768
768
778
768
768
768
768
773
768
768
768
768
768
780
768
768
804
768
768
768
768
768
768
770
768
768
768
778
768
768
805
768
768
778
768
768
768
768
768
769
768
768
771
768
793
768
768
783
768
768
799
769
768
768
772
768
770
768
768
768
768
795
768
768
782
768
768
797
768
768
768
768
768
768
768
768
767
767
779
768
768
795
768
768
778
768
768
779
768
769
768
768
768
767
768
779
768
769
780
768
768
804
768
768
768
768
769
768
768
768
768
768
778
774
768
782
768
768
805
768
768
768
768
768
768
768
779
768
767
777
773
768
768
767
768
768
772
768
768
768
789
767
768
777
768
768
768
768
769
768
768
796
768
768
777
767
767
768
768
770
768
767
777
767
767
796
768
768
793
768
769
777
768
768
767
768
788
767
768
778
767
768
790
768
768
768
769
767
768
767
778
768
768
801
771
770
777
768
768
768
768
768
768
771
768
768
771
768
768
768
777
769
768
796
768
768
780
768
772
791
768
768
768
768
768
768
768
768
768
768
771
768
768
778
768
768
778
767
767
794
767
768
772
768
770
768
768
773
768
768
795
768
768
785
772
768
793
768
768
779
768
770
792
768
768
779
768
780
768
773
793
768
768
778
768
771
768
772
768
768
768
777
768
768
795
768
773
783
768
771
792
768
768
768
768
768
768
768
768
768
768
783
768
768
792
768
768
778
768
768
781
767
768
768
767
768
768
768
787
768
768
794
768
767
779
768
768
768
767
767
768
767
793
768
768
778
770
768
768
767
767
768
768
770
768
768
780
768
770
791
768
770
778
768
768
768
768
768
768
768
770
768
768
768
767
768
783
767
768
778
768
768
778
767
768
768
769
768
768
767
803
768
768
784
769
768
797
768
768
768
768
768
785
768
768
774
767
782
768
767
779
767
768
779
783
767
768
771
774
767
768
782
768
768
779
768
768
778
768
768
767
767
768
768
768
769
768
768
768
768
768
778
768
768
795
768
768
780
768
768
801
768
773
768
768
768
768
768
793
767
767
798
768
768
803
768
768
770
769
768
768
768
768
785
768
795
773
768
781
768
768
791
768
768
768
769
797
770
768
779
767
768
768
768
768
768
783
768
768
773
792
768
768
780
768
768
790
768
784
785
768
773
768
768
768
767
768
787
768
768
797
768
767
780
767
770
768
768
767
768
768
770
767
768
776
767
768
781
767
768
768
774
768
784
768
768
774
767
778
769
