897
897
930
905
896
897
909
903
914
896
897
897
896
918
897
897
897
897
908
899
898
920
898
940
897
896
921
896
897
897
897
922
896
896
896
896
923
896
897
897
899
920
896
896
896
897
919
897
897
910
896
900
896
896
917
911
896
897
896
909
896
896
896
896
906
896
896
905
897
896
897
897
914
896
902
896
896
910
896
897
897
897
923
898
896
896
902
905
896
896
896
896
909
907
897
896
897
906
897
896
897
897
905
896
902
928
896
896
897
897
905
896
896
896
897
902
896
897
898
896
924
897
896
905
896
899
898
897
908
897
896
897
897
908
896
897
922
902
896
897
897
927
897
897
896
897
909
898
907
897
897
907
896
896
897
896
910
897
896
922
903
896
901
905
919
896
910
896
898
897
896
907
897
896
915
896
897
896
897
896
898
920
900
897
907
902
907
905
896
947
896
896
896
898
906
897
896
897
896
905
896
897
897
900
906
896
896
896
896
909
902
896
897
897
900
896
897
917
897
896
896
897
923
896
898
910
897
896
896
896
904
896
899
897
896
905
900
897
907
898
897
897
897
908
897
896
925
900
897
896
896
922
896
897
897
896
921
896
897
907
897
897
897
897
909
896
897
917
897
901
897
896
918
897
896
896
897
916
897
897
907
897
896
896
897
914
896
896
897
897
897
897
898
907
896
896
896
897
918
897
899
901
896
906
896
897
927
899
907
896
896
918
900
897
896
898
908
897
896
946
896
907
905
896
897
896
905
896
896
907
898
896
897
900
906
896
897
898
897
909
897
897
896
896
927
898
896
923
897
896
897
897
907
896
897
927
896
921
897
896
908
896
896
897
896
902
897
898
896
897
924
897
897
896
897
923
917
897
897
896
925
897
898
906
897
897
897
918
906
896
897
926
897
897
896
896
912
896
899
896
896
906
896
897
896
896
915
897
910
900
897
896
896
917
921
907
896
897
917
902
898
896
896
932
897
897
896
897
902
897
899
896
896
904
896
896
896
897
903
897
896
911
897
897
897
896
929
896
896
904
897
896
896
897
915
896
897
897
897
922
896
896
897
897
917
899
896
907
896
896
897
897
905
900
896
917
896
902
896
896
907
896
897
897
901
907
897
896
908
896
897
897
897
906
897
902
925
897
896
896
896
907
896
897
897
896
911
897
896
897
896
940
896
897
897
897
912
896
897
897
897
927
896
897
907
897
896
900
896
909
897
896
897
896
907
896
896
897
898
913
898
901
897
896
922
897
897
897
900
927
896
896
896
896
925
898
896
912
896
900
897
897
909
896
897
897
897
911
896
898
897
897
931
896
896
897
897
911
897
896
897
908
902
920
896
897
918
897
914
896
896
897
896
910
896
896
897
896
905
896
896
897
897
900
896
896
919
897
901
897
897
906
896
897
898
896
906
897
896
896
896
905
896
896
900
903
905
897
897
897
896
913
898
897
909
899
918
897
897
907
898
896
896
897
902
896
912
901
896
907
896
896
896
896
905
896
900
897
896
909
897
896
897
897
911
896
903
897
896
908
896
896
897
896
929
897
897
911
897
897
896
897
905
896
897
897
897
916
912
897
896
898
914
896
896
896
897
912
901
918
897
897
967
896
900
896
896
914
902
940
896
896
906
896
913
897
897
906
896
897
897
897
906
896
897
897
897
935
896
896
897
896
914
896
896
908
897
897
896
896
912
896
897
897
896
906
896
896
897
896
906
908
897
908
896
896
896
897
930
896
896
918
899
906
896
898
925
897
897
910
896
918
896
896
896
896
924
897
928
896
896
913
896
929
900
927
896
933
896
897
911
897
897
897
904
906
897
896
913
896
896
896
897
907
896
899
901
896
906
896
896
906
897
897
896
896
908
896
896
896
896
916
896
897
897
897
924
896
896
905
896
896
896
897
978
896
896
902
897
923
896
896
897
898
922
897
896
933
899
917
896
897
897
897
896
896
910
906
900
919
896
897
909
896
897
898
899
908
896
899
896
896
908
896
897
897
897
918
897
896
907
896
896
896
896
915
896
896
897
896
929
896
897
897
896
913
897
897
959
896
897
907
899
909
897
897
896
897
907
915
898
897
896
924
896
896
896
898
922
897
896
897
905
922
896
898
909
896
896
896
896
915
898
900
896
897
919
897
897
909
897
897
896
896
922
897
897
898
896
905
896
896
916
896
896
896
897
923
896
897
900
897
921
896
897
907
896
896
897
897
902
897
896
896
897
897
897
966
911
896
918
896
897
907
896
896
896
901
910
896
896
897
897
908
897
897
896
897
905
896
897
912
896
897
896
896
905
899
898
896
896
907
896
896
896
897
905
896
896
899
897
907
896
896
925
897
909
897
896
921
897
896
897
897
915
897
897
896
897
919
902
897
910
897
898
896
896
919
898
897
897
902
923
896
897
907
897
897
896
897
907
896
902
896
897
906
897
897
919
896
896
896
897
927
897
898
897
896
896
897
897
907
898
897
901
897
908
897
896
920
898
897
897
896
921
897
896
898
897
919
897
897
906
897
896
897
896
908
896
897
919
897
896
897
897
922
896
896
896
897
920
896
896
896
897
917
897
902
907
896
896
896
897
919
896
896
896
896
924
897
897
896
896
921
896
897
909
897
897
896
898
908
897
896
896
897
910
897
898
919
897
896
896
897
918
899
896
896
896
903
906
897
896
902
911
896
896
897
904
908
897
896
897
896
906
896
897
898
896
906
897
898
896
897
921
896
896
906
897
930
897
896
908
897
897
896
896
906
897
897
950
896
896
896
896
908
896
896
896
896
910
896
897
908
897
919
896
897
896
896
904
912
896
924
902
896
896
896
911
898
896
897
912
922
896
896
897
897
919
896
897
905
897
912
897
897
904
896
897
897
897
908
896
897
924
896
902
897
897
913
897
897
897
896
934
896
897
912
896
923
896
896
907
896
898
912
896
907
896
896
896
896
921
896
896
897
896
921
902
896
897
896
925
896
897
897
914
919
897
896
897
896
920
897
896
911
896
916
896
903
907
898
896
896
896
925
896
912
898
897
921
896
897
897
896
910
896
