1044
1025
1032
1040
1025
1028
1032
1025
1025
1043
1025
1039
1028
1026
1025
1025
1039
1025
1030
1026
1024
1025
1024
1045
1025
1034
1025
1025
1031
1047
1041
1025
1053
1025
1024
1025
1025
1033
1033
1027
1025
1025
1056
1025
1033
1025
1027
1025
1027
1034
1025
1049
1040
1027
1026
1025
1032
1025
1027
1025
1025
1033
1041
1048
1025
1026
1025
1027
1036
1025
1033
1025
1040
1025
1025
1037
1025
1025
1025
1025
1033
1027
1056
1025
1025
1025
1025
1058
1025
1033
1025
1025
1025
1026
1032
1025
1025
1026
1025
1033
1025
1049
1024
1024
1025
1025
1053
1035
1032
1029
1047
1068
1025
1025
1032
1025
1025
1035
1025
1035
1057
1025
1025
1025
1033
1025
1051
1025
1026
1025
1058
1049
1025
1033
1025
1024
1028
1027
1045
1025
1054
1025
1025
1025
1025
1033
1025
1050
1027
1025
1025
1025
1048
1024
1033
1030
1026
1026
1025
1063
1025
1043
1025
1025
1026
1028
1049
1025
1038
1040
1025
1025
1025
1037
1025
1030
1026
1025
1026
1025
1029
1025
1025
1025
1026
1060
1025
1075
1025
1025
1031
1024
1047
1025
1035
1024
1025
1027
1025
1037
1025
1038
1025
1025
1025
1025
1045
1025
1025
1027
1025
1049
1026
1039
1025
1025
1034
1025
1052
1027
1025
1025
1025
1044
1025
1036
1025
1026
1060
1027
1035
1026
1026
1025
1025
1041
1025
1049
1031
1036
1025
1025
1036
1025
1035
1026
1040
1025
1025
1041
1025
1040
1026
1036
1025
1025
1024
1025
1038
1025
1036
1025
1025
1025
1025
1037
1025
1037
1054
1025
1025
1025
1041
1025
1038
1025
1024
1025
1046
1038
1025
1033
1025
1025
1069
1025
1035
1025
1046
1025
1025
1044
1025
1035
1026
1025
1026
1025
1050
1027
1055
1025
1025
1025
1025
1043
1025
1026
1025
1025
1026
1025
1054
1027
1025
1025
1025
1040
1025
1046
1027
1025
1024
1025
1047
1024
1038
1044
1025
1025
1025
1034
1025
1034
1027
1025
1025
1046
1039
1025
1036
1025
1025
1025
1025
1038
1025
1043
1025
1024
1025
1025
1035
1024
1032
1024
1025
1039
1025
1037
1026
1025
1025
1025
1034
1025
1025
1025
1027
1025
1042
1043
1024
1025
1025
1024
1040
1025
1050
1025
1025
1025
1025
1045
1025
1037
1044
1025
1032
1024
1035
1026
1033
1025
1025
1026
1042
1035
1025
1047
1025
1025
1027
1025
1044
1025
1044
1053
1025
1036
1025
1025
1030
1039
1025
1028
1041
1026
1034
1024
1024
1025
1025
1033
1026
1025
1025
1025
1026
1025
1033
1025
1025
1024
1025
1034
1033
1052
1025
1025
1025
1025
1033
1025
1025
1026
1028
1025
1025
1056
1025
1025
1025
1025
1046
1025
1029
1025
1025
1030
1025
1048
1025
1025
1025
1025
1058
1025
1025
1025
1025
1042
1026
1038
1025
1025
1028
1026
1034
1025
1026
1035
1025
1030
1038
1035
1029
1045
1025
1025
1025
1026
1028
1031
1034
1025
1034
1025
1024
1025
1024
1065
1025
1034
1025
1036
1025
1026
1034
1025
1025
1025
1026
1035
1025
1048
1030
1025
1025
1025
1036
1025
1025
1025
1025
1038
1025
1054
1025
1025
1025
1025
1049
1025
1025
1029
1025
1048
1025
1037
1026
1025
1025
1025
1033
1028
1025
1025
1025
1048
1025
1039
1026
1025
1025
1033
1036
1025
1034
1025
1025
1026
1025
1035
1025
1029
1026
1026
1025
1026
1038
1025
1025
1025
1025
1038
1025
1052
1025
1025
1025
1025
1024
1025
1025
1026
1049
1025
1040
1027
1025
1025
1025
1049
1025
1030
1027
1025
1026
1025
1036
1025
1025
1027
1025
1137
1025
1050
1025
1025
1025
1025
1035
1025
1053
1026
1025
1028
1025
1035
1025
1026
1026
1025
1035
1033
1036
1024
1024
1025
1030
1035
1025
1034
1025
1041
1026
1025
1035
1026
1025
1024
1025
1034
1027
1061
1025
1025
1025
1024
1035
1027
1053
1025
1025
1041
1025
1050
1027
1025
1026
1026
1049
1025
1036
1044
1025
1025
1025
1033
1028
1037
1025
1025
1028
1025
1037
1025
1048
1026
1025
1025
1025
1061
1029
1037
1024
1025
1025
1025
1051
1024
1038
1025
1041
1025
1025
1047
1026
1042
1025
1025
1025
1027
1052
1026
1054
1025
1025
1025
1025
1048
1025
1029
1041
1025
1046
1025
1038
1026
1025
1025
1025
1039
1041
1025
1026
1025
1038
1025
1046
1027
1025
1029
1025
1025
1025
1050
1025
1025
1027
1025
1036
1025
1046
1026
1026
1027
1025
1035
1025
1035
1025
1042
1027
1025
1039
1025
1025
1025
1025
1036
1025
1035
1025
1025
1025
1025
1035
1024
1048
1025
1033
1041
1027
1058
1025
1025
1025
1025
1058
1025
1044
1036
1025
1025
1028
1026
1025
1036
1025
1025
1025
1025
1045
1028
1042
1032
1041
1038
1025
1025
1027
1044
1026
1043
1025
1025
1025
1032
1034
1025
1045
1025
1025
1035
1027
1044
1025
1031
1025
1025
1052
1027
1025
1025
1025
1046
1025
1043
1027
1025
1026
1025
1036
1025
1025
1027
1025
1040
1025
1052
1029
1025
1027
1025
1049
1025
1034
1031
1025
1025
1025
1036
1026
1025
1025
1025
1037
1026
1051
1025
1025
1025
1025
1034
1025
1025
1025
1025
1025
1025
1048
1025
1025
1025
1026
1048
1026
1034
1025
1025
1024
1025
1031
1025
1033
1025
1027
1025
1025
1033
1026
1042
1025
1024
1025
1025
1048
1026
1033
1025
1024
1025
1027
1034
1025
1034
1027
1025
1025
1025
1034
1025
1025
1024
1025
1060
1025
1051
1029
1039
1025
1025
1026
1038
1035
1027
1034
1025
1025
1025
1025
1042
1025
1067
1025
1032
1024
1027
1037
1025
1036
1025
1040
1025
1026
1050
1024
1035
1024
1050
1025
1025
1026
1025
1057
1025
1025
1026
1025
1025
1026
1037
1026
1025
1029
1024
1031
1024
1046
1025
1025
1026
1032
1054
1026
1035
1026
1026
1026
1025
1035
1025
1033
1025
1025
1025
1025
1034
1025
1045
1025
1025
1028
1025
1035
1025
1025
1025
1024
1043
1025
1034
1025
1033
1026
1025
1048
1025
1025
1025
1025
1025
1025
1056
1025
1025
1025
1025
1033
1031
1044
1025
1025
1029
1025
1035
1026
1040
1025
1025
1025
1025
1036
1031
1025
1025
1025
1034
1025
1025
1025
1025
1046
1031
1038
1026
1025
1026
1025
1046
1025
1026
1025
1031
1038
1025
1058
1025
1025
1025
1025
1052
1025
1031
1025
1025
1051
1034
1036
1025
1025
1025
1025
1054
1026
1026
1025
1025
1047
1025
1037
1025
1026
1030
1025
1050
1026
1025
1025
1026
1045
1031
1039
1030
1026
1025
1027
1050
1025
1034
1025
1025
1056
1031
1034
1025
1026
1025
1025
1050
1026
1025
1025
1031
1041
1025
1034
1025
1025
1025
1025
1036
1025
1031
1025
1025
1035
1025
1045
1025
1025
1025
1025
1039
1025
1025
1025
1025
1036
1025
1056
1025
1025
1031
1026
1051
1026
1025
1025
1025
1037
1025
1036
1030
1026
1025
1025
1033
1025
1025
1026
1025
1035
1030
1052
1025
1027
1025
1025
1050
1025
1025
1025
1030
1046
1025
1033
1025
1025
1025
1025
1035
1025
1031
1025
1025
1035
1025
1048
1025
1026
1025
1025
1039
1025
1034
1025
1025
1025
1025
1046
1025
1025
1036
1025
1025
1025
1039
1025
1025
1025
1025
1047
1025
1052
1029
1053
1025
1025
1025
1051
1025
1028
1078
1025
1037
1025
1027
1025
1053
1044
1026
1027
1025
1026
1056
1025
1044
1025
1059
1025
1027
1037
1024
1025
1026
1026
1033
1025
1045
1025
1025
1025
1025
1026
1025
1034
1025
1025
1024
1025
1050
1025
1036
1024
1025
1026
1025
1038
1025
1042
1028
1025
1025
1025
1041
1025
1025
1024
1025
1055
1029
1036
1024
1025
1025
1025
1049
1025
1036
1025
1029
1025
1024
1034
1025
1026
1025
1025
1035
1025
1048
1025
1026
1025
1025
1050
1025
1025
1025
1025
1049
1025
1036
1025
1025
1026
1026
1035
1026
1026
1028
1025
1035
1025
1048
1025
1026
1025
1025
1047
1029
1037
1025
1025
