1154
1176
1153
1161
1153
1191
1154
1164
1153
1159
1153
1154
1154
1153
1180
1155
1168
1154
1162
1154
1185
1153
1155
1154
1154
1174
1153
1163
1155
1176
1154
1154
1153
1154
1154
1154
1154
1154
1164
1154
1171
1154
1163
1154
1153
1154
1153
1154
1153
1154
1154
1162
1154
1187
1154
1162
1154
1154
1154
1155
1154
1154
1183
1154
1164
1153
1173
1154
1166
1154
1155
1153
1156
1153
1185
1154
1154
1157
1155
1169
1153
1177
1153
1173
1156
1161
1156
1153
1154
1154
1170
1154
1154
1154
1164
1156
1170
1155
1162
1169
1191
1153
1153
1155
1157
1154
1153
1161
1168
1177
1153
1165
1153
1156
1153
1154
1153
1170
1182
1154
1161
1154
1182
1154
1162
1153
1169
1153
1154
1161
1154
1180
1153
1164
1154
1172
1153
1154
1154
1153
1178
1156
1161
1153
1186
1153
1154
1153
1153
1154
1155
1154
1154
1176
1155
1163
1154
1179
1154
1157
1155
1153
1153
1153
1163
1153
1175
1154
1165
1154
1178
1154
1154
1155
1154
1153
1154
1165
1154
1153
1153
1189
1157
1154
1183
1167
1154
1169
1154
1162
1154
1177
1153
1153
1154
1153
1155
1154
1164
1153
1162
1153
1175
1154
1153
1160
1156
1154
1154
1179
1154
1163
1153
1154
1158
1154
1153
1154
1165
1156
1176
1153
1154
1154
1153
1154
1154
1154
1153
1182
1153
1165
1153
1174
1153
1154
1153
1154
1185
1154
1164
1153
1179
1154
1153
1153
1153
1170
1153
1154
1153
1177
1153
1176
1154
1162
1154
1156
1153
1154
1167
1154
1180
1154
1164
1153
1153
1154
1153
1154
1155
1173
1153
1165
1153
1173
1154
1156
1154
1154
1154
1154
1162
1156
1164
1154
1154
1154
1160
1155
1154
1180
1154
1171
1154
1453
1155
1181
1161
1163
1154
1153
1156
1153
1159
1154
1182
1154
1178
1154
1163
1153
1163
1153
1153
1159
1153
1154
1153
1189
1153
1175
1153
1161
1158
1167
1153
1156
1154
1153
1170
1154
1162
1157
1162
1154
1190
1153
1154
1153
1155
1172
1157
1171
1153
1172
1154
1153
1154
1154
1155
1154
1163
1155
1164
1153
1172
1154
1167
1154
1154
1153
1154
1154
1154
1163
1154
1177
1154
1163
1155
1153
1154
1154
1153
1153
1177
1154
1164
1158
1179
1153
1154
1154
1154
1176
1154
1163
1158
1175
1153
1156
1153
1154
1153
1154
1163
1157
1174
1153
1165
1154
1154
1153
1155
1165
1154
1154
1154
1165
1153
1167
1173
1176
1154
1166
1153
1154
1154
1153
1159
1156
1164
1154
1172
1153
1162
1154
1163
1156
1153
1154
1153
1164
1154
1184
1154
1162
1154
1174
1153
1154
1154
1154
1154
1154
1163
1154
1180
1153
1174
1154
1154
1154
1155
1153
1154
1177
1154
1164
1154
1167
1153
1154
1154
1154
1167
1154
1181
1154
1167
1154
1163
1155
1153
1162
1155
1154
1155
1155
1154
1175
1154
1164
1159
1184
1154
1153
1154
1154
1154
1154
1164
1159
1176
1154
1166
1154
1176
1154
1154
1154
1160
1153
1155
1167
1154
1174
1154
1162
1154
1158
1154
1154
1167
1154
1173
1155
1163
1154
1154
1153
1154
1153
1155
1175
1154
1164
1154
1169
1160
1154
1154
1153
1161
1154
1162
1155
1184
1160
1154
1154
1154
1155
1154
1163
1154
1183
1155
1167
1154
1153
1153
1154
1163
1153
1177
1154
1166
1154
1174
1153
1155
1154
1154
1171
1154
1171
1154
1163
1154
1153
1154
1154
1164
1154
1181
1154
1163
1154
1164
1153
1178
1154
1153
1169
1153
1153
1153
1159
1156
1163
1154
1191
1156
1164
1154
1166
1153
1174
1153
1165
1165
1199
1154
1154
1154
1153
1156
1153
1162
1164
1190
1154
1171
1153
1170
1154
1154
1154
1159
1154
1154
1168
1153
1162
1154
1165
1154
1159
1153
1153
1154
1153
1165
1153
1171
1153
1169
1153
1167
1153
1154
1154
1154
1161
1155
1175
1153
1164
1153
1161
1153
1155
1154
1154
1162
1154
1174
1155
1164
1154
1154
1154
1153
1155
1157
1153
1153
1163
1154
1165
1153
1175
1154
1166
1153
1154
1155
1153
1154
1153
1165
1154
1178
1153
1162
1154
1153
1155
1153
1154
1154
1189
1153
1163
1153
1186
1153
1162
1198
1162
1159
1155
1154
1154
1154
1153
1163
1155
1174
1160
1163
1153
1154
1153
1155
1154
1153
1174
1159
1164
1155
1181
1153
1162
1154
1154
1154
1159
1154
1153
1167
1154
1172
1154
1163
1154
1160
1153
1154
1155
1153
1176
1153
1163
1153
1182
1154
1168
1154
1154
1154
1153
1174
1158
1167
1170
1178
1154
1164
1153
1154
1153
1154
1180
1155
1164
1154
1172
1153
1163
1153
1160
1153
1154
1153
1153
1153
1165
1153
1173
1163
1174
1153
1176
1153
1162
1153
1185
1153
1165
1153
1153
1162
1153
1193
1154
1201
1154
1159
1153
1153
1168
1153
1166
1154
1199
1154
1154
1154
1155
1154
1153
1163
1153
1162
1160
1162
1154
1164
1153
1154
1238
1154
1153
1153
1155
1153
1153
1153
1163
1154
1174
1153
1166
1155
1153
1154
1153
1177
1154
1167
1153
1178
1153
1164
1154
1154
1154
1153
1153
1154
1166
1153
1176
1153
1163
1154
1154
1153
1153
1153
1154
1177
1154
1165
1155
1163
1154
1159
1154
1154
1167
1153
1163
1154
1172
1154
1154
1154
1154
1154
1153
1184
1154
1165
1155
1179
1154
1154
1154
1154
1154
1154
1166
1154
1178
1154
1163
1157
1157
1158
1154
1164
1154
1166
1154
1172
1154
1157
1153
1159
1154
1153
1179
1154
1162
1154
1179
1154
1154
1154
1154
1166
1154
1163
1153
1176
1154
1172
1154
1155
1154
1154
1164
1154
1193
1155
1165
1160
1180
1153
1164
1154
1169
1153
1153
1153
1153
1154
1154
1163
1155
1174
1154
1163
1155
1163
1153
1153
1153
1154
1155
1154
1172
1153
1162
1153
1171
1155
1165
1154
1153
1153
1153
1155
1153
1162
1154
1174
1153
1167
1155
1173
1153
1153
1154
1153
1154
1153
1188
1154
1172
1154
1173
1154
1154
1153
1154
1153
1159
1162
1153
1167
1154
1163
1154
1182
1153
1156
1154
1154
1154
1159
1166
1153
1184
1154
1165
1155
1153
1153
1153
1153
1153
1164
1155
1166
1154
1168
1153
1153
1155
1154
1153
1154
1182
1153
1164
1153
1185
1153
1161
1154
1153
1157
1154
1154
1154
1174
1153
1163
1154
1183
1153
1153
1154
1154
1154
1153
1161
1154
1167
1154
1163
1153
1154
1153
1154
1154
1154
1184
1153
1163
1154
1182
1154
1159
1154
1154
1154
1153
1164
1154
1175
1154
1163
1154
1154
1155
1154
1156
1153
1173
1153
1164
1153
1167
1154
1167
1155
1153
1155
1153
1154
1153
1162
1153
1176
1156
1163
1154
1153
1154
1153
1155
1154
1178
1155
1163
1153
1163
1154
1200
1154
1153
1153
1156
1154
1153
1177
1153
1163
1153
1180
1154
1162
1154
1153
1153
1153
1162
1153
1177
1154
1162
1154
1163
1154
1154
1153
1154
1165
1153
1177
1158
1169
1154
1154
1154
1153
1166
1153
1161
1156
1175
1153
1163
1153
1154
1153
1154
1165
1156
1163
1154
1177
1153
1154
1154
1154
1153
1153
1154
1154
1159
1153
1167
1153
1179
1153
1154
1153
1153
1154
1153
1169
1154
1164
1154
1174
1155
1164
1154
1156
1154
1154
1154
1154
1181
1159
1167
1161
1187
1154
1161
1155
1171
1153
1163
1153
1153
1155
1153
1153
1154
1177
1154
1165
1153
1171
1154
1154
1154
1153
1155
1154
1166
1154
1164
1154
1164
1153
1175
1154
1154
1154
1153
1153
1154
1162
1153
1179
1153
1164
1156
1154
1153
1153
1153
1153
1158
1154
1173
1156
1164
1153
1165
1154
1153
1153
1153
1154
1158
1165
1153
1162
1154
1161
1156
1171
1154
1158
1153
1154
1164
1154
1176
1153
1181
1154
1185
1155
1153
1154
1153
1154
1154
1182
1153
1183
1154
1165
1153
1154
1154
1153
1172
1153
1182
1153
1165
1153
1177
1154
1164
1169
1155
1156
1153
1154
1153
1173
1154
1165
1169
1179
1154
1153
1154
1154
1153
1153
1161
1154
1161
