124
125
125
124
125
125
125
125
125
125
125
125
126
131
125
125
125
125
125
125
125
125
125
125
124
125
125
125
125
125
125
125
125
146
125
125
125
125
125
125
125
124
124
125
125
125
127
126
125
125
125
125
124
125
161
126
125
125
125
125
125
124
125
125
125
125
125
125
125
126
125
125
125
125
125
125
124
124
127
125
185
125
125
125
125
125
125
124
125
124
125
125
124
125
124
125
125
125
125
125
125
126
125
125
125
125
175
125
125
125
125
135
125
125
125
125
126
125
125
124
125
126
125
125
125
125
125
125
124
125
125
125
125
125
126
125
125
125
125
125
125
125
125
125
125
125
125
125
125
125
124
125
125
125
125
125
126
125
125
125
125
125
125
125
125
124
125
125
125
125
125
125
125
140
125
125
125
126
125
125
125
124
125
125
125
125
125
125
125
125
125
125
129
129
126
124
125
125
126
125
128
125
125
125
124
125
125
125
125
125
125
125
125
163
125
125
125
125
125
125
126
125
125
125
125
125
125
125
126
125
125
125
125
125
135
125
125
126
125
171
125
125
125
125
136
125
125
125
125
125
125
125
126
125
125
124
125
125
125
125
125
125
126
125
125
124
126
125
125
125
125
125
125
126
125
125
125
125
125
125
135
125
126
125
126
125
125
125
124
125
125
124
125
125
125
125
126
125
124
124
125
125
125
125
125
125
125
125
125
125
125
125
125
126
125
125
125
125
125
125
125
135
125
125
125
124
124
125
125
128
124
125
125
125
125
125
126
125
125
125
126
126
134
125
125
125
125
125
125
125
124
127
125
125
125
125
125
125
125
124
124
125
125
125
125
125
125
125
134
125
125
125
124
126
125
125
125
125
125
175
125
125
125
125
125
125
125
125
127
125
125
125
125
125
125
125
126
125
125
125
125
153
125
125
125
125
124
125
125
126
124
125
125
125
125
125
125
125
125
125
127
125
125
125
124
127
125
125
125
125
125
125
125
125
125
124
147
125
125
125
126
125
125
125
126
125
125
125
127
125
125
125
125
125
125
125
131
127
125
125
125
125
126
125
131
125
125
125
124
127
125
126
127
125
125
125
125
125
125
125
125
125
126
125
125
125
125
125
125
125
125
125
125
125
125
125
125
126
126
124
125
125
125
125
126
125
125
125
125
126
125
124
125
125
125
125
126
126
125
125
176
125
125
125
125
125
125
125
125
125
125
145
125
125
125
125
128
126
125
125
126
125
125
125
125
125
125
125
125
125
125
125
125
125
125
125
125
125
125
125
124
125
125
135
125
125
125
125
125
125
124
125
125
125
125
125
125
125
125
135
125
126
125
125
125
126
125
135
125
125
133
125
125
127
125
124
125
131
125
125
124
125
125
125
125
125
125
137
126
125
125
125
125
125
124
125
125
125
125
125
126
125
125
125
124
125
125
124
125
125
125
125
127
125
125
125
124
125
124
125
125
125
125
124
125
125
124
125
125
125
125
125
125
125
125
125
125
125
125
126
125
125
124
125
125
125
126
125
125
125
125
124
124
125
125
163
125
126
125
125
134
124
125
124
124
125
125
125
124
125
125
125
125
125
125
125
125
125
130
126
125
125
125
125
125
124
125
125
126
125
126
125
135
125
125
126
125
125
125
125
125
125
125
128
126
125
125
125
125
125
124
125
125
125
125
125
125
125
125
125
125
125
125
125
126
125
125
125
125
125
125
125
125
126
125
139
125
125
125
125
125
125
125
125
125
125
125
125
126
125
126
125
125
125
125
125
155
124
125
125
125
125
125
125
125
125
130
125
125
125
130
124
126
125
125
162
126
124
125
124
124
125
124
124
126
125
125
125
125
125
126
125
125
125
125
125
125
125
125
125
125
125
124
125
124
124
125
125
125
125
125
125
124
125
124
125
125
125
125
125
125
126
125
125
124
125
134
127
125
125
125
138
125
125
125
125
125
125
125
125
125
137
125
125
124
125
125
125
125
125
125
124
125
125
125
124
125
125
125
125
125
125
125
125
125
125
125
125
125
125
125
125
126
125
125
125
126
134
125
125
125
125
125
125
141
125
125
124
125
124
125
124
125
125
125
125
125
125
125
125
125
125
125
134
125
125
125
125
125
125
125
125
125
125
126
126
126
125
125
125
125
125
124
125
124
125
125
125
125
125
125
125
125
125
125
124
125
125
125
125
124
125
125
126
125
125
125
125
125
125
125
125
125
125
125
125
125
135
125
125
126
125
125
125
125
126
125
125
125
125
125
125
125
125
140
125
124
125
125
125
127
124
124
125
125
125
125
125
125
125
125
125
124
125
126
125
124
125
125
125
125
125
125
126
125
125
125
125
125
127
125
125
125
125
125
125
134
125
125
126
125
125
125
125
125
126
125
125
125
125
126
125
125
125
125
125
125
125
125
125
125
142
125
125
125
125
125
125
125
126
125
125
125
126
125
125
125
125
125
125
125
125
125
125
125
125
125
125
125
124
125
125
126
125
125
138
125
125
125
125
124
125
125
125
125
125
126
125
125
125
125
139
125
124
124
125
125
124
125
125
125
125
127
125
125
125
125
125
125
125
125
125
133
125
125
125
125
125
125
125
125
125
125
125
125
124
125
125
125
124
125
125
124
126
126
128
125
125
125
125
125
125
125
125
125
125
125
128
125
125
125
128
125
125
125
125
125
125
125
125
125
125
125
125
125
124
125
125
124
125
125
125
125
125
125
125
126
127
126
137
125
125
125
125
126
125
125
125
125
125
125
125
126
125
125
125
125
125
125
124
125
125
125
125
125
125
125
125
125
125
125
125
124
124
124
125
151
126
125
126
125
125
125
125
124
125
125
125
125
125
125
125
125
125
125
125
125
125
126
125
126
125
125
124
125
125
125
175
125
126
125
125
124
126
125
125
125
124
125
140
125
125
125
125
125
125
125
125
125
125
125
125
125
134
126
125
125
126
125
125
125
126
126
125
125
125
126
127
125
174
125
124
126
125
134
125
125
125
125
127
124
125
124
125
124
125
125
125
125
125
125
125
126
125
124
125
125
