1306
1283
1291
1282
1304
1314
1292
1282
1305
1282
1297
1281
1308
1282
1293
1288
1296
1282
1296
1282
1307
1282
1319
1285
1290
1296
1297
1288
1297
1330
1306
1285
1294
1282
1295
1282
1282
1286
1282
1320
1282
1283
1282
1315
1282
1281
1289
1282
1286
1282
1283
1316
1285
1282
1282
1283
1302
1283
1297
1282
1291
1283
1310
1283
1294
1285
1307
1283
1309
1282
1309
1283
1299
1285
1295
1282
1303
1282
1293
1282
1303
1283
1320
1282
1307
1298
1293
1281
1306
1282
1308
1282
1319
1283
1293
1282
1282
1281
1281
1287
1282
1283
1299
1283
1282
1282
1282
1316
1282
1295
1282
1319
1300
1293
1282
1312
1287
1293
1282
1320
1282
1293
1283
1311
1287
1293
1282
1302
1299
1294
1282
1305
1282
1288
1283
1284
1287
1282
1283
1283
1282
1283
1283
1282
1282
1297
1303
1284
1282
1282
1316
1282
1295
1284
1292
1282
1307
1283
1292
1284
1307
1283
1309
1282
1308
1282
1292
1287
1300
1283
1292
1287
1297
1282
1305
1282
1304
1282
1292
1303
1282
1292
1285
1307
1305
1294
1320
1309
1284
1293
1282
1305
1282
1291
1284
1300
1282
1291
1282
1304
1284
1291
1282
1282
1308
1282
1285
1283
1282
1282
1296
1282
1283
1282
1283
1282
1282
1282
1283
1282
1283
1308
1283
1284
1282
1282
1290
1283
1302
1283
1292
1283
1305
1283
1293
1284
1305
1281
1311
1282
1305
1283
1292
1282
1303
1283
1293
1301
1304
1282
1283
1282
1282
1282
1282
1286
1282
1283
1282
1284
1282
1282
1282
1304
1302
1302
1283
1307
1282
1291
1282
1303
1285
1294
1282
1303
1282
1295
1281
1303
1281
1315
1282
1307
1283
1292
1287
1303
1282
1285
1283
1282
1282
1281
1282
1284
1283
1282
1302
1283
1283
1284
1282
1282
1293
1282
1301
1282
1297
1282
1313
1282
1293
1282
1301
1308
1296
1282
1306
1284
1292
1282
1302
1283
1312
1282
1302
1283
1293
1282
1287
1303
1317
1282
1335
1282
1295
1282
1304
1282
1299
1317
1294
1283
1292
1282
1307
1281
1293
1282
1293
1282
1313
1282
1291
1282
1307
1285
1301
1283
1292
1283
1282
1282
1282
1282
1282
1283
1282
1282
1283
1282
1282
1324
1285
1293
1283
1309
1282
1293
1282
1299
1282
1294
1283
1297
1282
1308
1283
1292
1282
1305
1282
1297
1282
1282
1282
1282
1283
1282
1286
1283
1283
1282
1282
1282
1309
1306
1283
1284
1283
1283
1302
1282
1282
1282
1296
1282
1284
1296
1288
1300
1282
1292
1288
1298
1284
1293
1288
1302
1282
1292
1282
1305
1282
1291
1282
1301
1316
1291
1282
1283
1282
1282
1282
1282
1283
1282
1282
1282
1283
1282
1282
1282
1293
1282
1283
1283
1282
1283
1293
1282
1309
1282
1292
1282
1292
1283
1286
1282
1308
1283
1293
1284
1308
1283
1291
1283
1295
1286
1293
1282
1304
1282
1291
1284
1310
1283
1298
1282
1310
1284
1292
1283
1290
1283
1286
1283
1282
1282
1282
1282
1282
1283
1282
1286
1283
1282
1282
1282
1282
1290
1282
1327
1282
1292
1282
1304
1282
1291
1283
1315
1285
1290
1283
1311
1282
1294
1282
1302
1286
1288
1283
1316
1282
1290
1282
1310
1282
1295
1283
1305
1282
1282
1284
1282
1283
1284
1283
1283
1283
1282
1282
1283
1282
1282
1297
1292
1283
1282
1291
1283
1308
1282
1295
1283
1309
1283
1293
1297
1292
1283
1310
1286
1290
1283
1309
1282
1294
1282
1282
1282
1284
1283
1282
1301
1287
1283
1284
1282
1283
1309
1283
1292
1282
1310
1282
1293
1284
1305
1283
1301
1283
1312
1282
1292
1282
1302
1283
1291
1283
1282
1287
1282
1282
1282
1282
1282
1284
1282
1283
1282
1283
1282
1283
1282
1291
1282
1291
1286
1296
1282
1292
1282
1291
1282
1291
1285
1326
1282
1291
1283
1298
1282
1293
1282
1297
1289
1293
1282
1310
1281
1298
1284
1297
1282
1296
1282
1290
1284
1296
1283
1299
1298
1296
1287
1319
1282
1293
1282
1291
1319
1296
1282
1305
1282
1293
1282
1312
1287
1292
1282
1300
1282
1292
1282
1294
1285
1295
1282
1305
1282
1292
1282
1298
1283
1302
1282
1317
1281
1292
1282
1300
1282
1297
1282
1293
1282
1297
1282
1292
1283
1316
1298
1291
1282
1309
1284
1292
1282
1296
1287
1293
1284
1282
1282
1283
1282
1292
1283
1283
1282
1282
1282
1282
1284
1282
1282
1288
1282
1282
1281
1283
1282
1282
1282
1287
1298
1283
1282
1282
1282
1283
1282
1282
1317
1283
1292
1281
1306
1282
1291
1282
1313
1299
1297
1282
1312
1282
1291
1284
1303
1288
1324
1282
1292
1284
1284
1307
1282
1291
1282
1310
1282
1295
1282
1294
1282
1313
1284
1300
1282
1329
1282
1299
1282
1298
1282
1293
1282
1291
1282
1290
1282
1301
1282
1291
1376
1301
1289
1293
1282
1298
1282
1301
1283
1294
1283
1293
1285
1305
1283
1301
1282
1305
1283
1282
1282
1285
1283
1284
1282
1283
1283
1282
1282
1283
1289
1283
1294
1282
1305
1283
1294
1282
1308
1282
1294
1286
1302
1281
1291
1283
1291
1283
1317
1282
1292
1282
1299
1282
1289
1286
1299
1282
1290
1282
1307
1282
1293
1285
1304
1281
1292
1282
1305
1283
1293
1282
1286
1282
1283
1282
1284
1282
1283
1282
1287
1283
1284
1282
1282
1282
1282
1282
1284
1311
1282
1292
1282
1309
1284
1296
1282
1311
1283
1291
1284
1307
1282
1290
1282
1311
1284
1297
1288
1294
1282
1291
1292
1292
1286
1302
1282
1296
1282
1333
1282
1292
1283
1294
1282
1293
1282
1298
1283
1292
1283
1306
1282
1294
1282
1303
1282
1292
1282
1306
1282
1293
1282
1304
1281
1292
1284
1302
1282
1293
1282
1299
1284
1291
1282
1301
1289
1300
1282
1282
1281
1282
1282
1282
1282
1283
1282
1282
1282
1282
1282
1281
1282
1291
1282
1292
1282
1293
1282
1301
1282
1301
1283
1302
1283
1283
1283
1283
1282
1282
1282
1282
1282
1283
1291
1282
1294
1282
1304
1283
1293
1282
1300
1282
1292
1283
1308
1285
1293
1283
1301
1282
1283
1282
1282
1282
1282
1282
1282
1282
1282
1283
1283
1301
1291
1293
1282
1311
1283
1291
1282
1298
1282
1294
1282
1291
1284
1310
1282
1292
1283
1283
1282
1282
1282
1282
1282
1284
1287
1282
1290
1282
1282
1282
1292
1282
1303
1288
1306
1285
1306
1282
1291
1282
1292
1283
1292
1291
1319
1282
1291
1285
1292
1282
1296
1283
1302
1284
1287
1281
1311
1282
1291
1284
1323
1282
1291
1282
1299
1284
1282
1282
1282
1282
1282
1285
1282
1282
1281
1282
1282
1286
1282
1312
1282
1294
1282
1292
1282
1312
1282
1293
1282
1303
1283
1295
1282
1312
1285
1295
1282
1303
1282
1283
1282
1284
1283
1284
1282
1283
1283
1284
1282
1282
1291
1282
1295
1284
1290
1282
1301
1282
1292
1284
1315
1282
1293
1282
1303
1282
1291
1282
1301
1283
1295
1285
1302
1282
1292
1282
1307
1284
1295
1289
1303
1282
1296
1294
1310
1288
1297
1283
1296
1282
1307
1282
1288
1284
1302
1282
1296
1282
1290
1282
1299
1283
1293
1282
1293
1282
1293
1282
1302
1282
1297
1283
1301
1282
1293
1283
1283
1289
1283
1284
1281
1282
1283
1284
1282
1283
1282
1290
1282
1283
1283
1283
1282
1282
1282
1305
1284
1303
1282
1306
1282
1292
1282
1310
1283
1297
1283
1307
1283
1292
1282
1290
1282
1301
1282
1289
1282
1290
1283
1282
1282
1282
1282
1282
1282
1282
1283
1282
1282
1282
1288
1283
1282
1282
1283
1282
1296
1282
1291
1282
1292
1282
1323
1284
1290
1283
1299
1288
1292
1282
1306
1283
1295
1282
1283
1284
1287
1282
1282
1282
1281
1283
1282
1307
1282
1293
1282
1288
1282
1302
1282
1292
1282
1317
1282
1291
1282
1302
1282
1291
1284
1298
1282
1294
1281
1302
1379
1295
1283
1308
1286
1298
1282
1300
1282
1291
1283
1300
1284
1296
1282
1282
1282
1282
1282
1283
