1411
1436
1411
1424
1415
1414
1448
1442
1412
1410
1422
1411
1439
1411
1423
1411
1428
1411
1422
1412
1415
1411
1411
1411
1410
1434
1410
1422
1414
1458
1412
1420
1411
1422
1411
1422
1412
1411
1411
1411
1411
1412
1424
1410
1420
1411
1421
1410
1428
1410
1423
1414
1430
1411
1411
1411
1410
1411
1411
1425
1410
1434
1411
1422
1411
1432
1411
1425
1411
1432
1410
1411
1411
1410
1412
1415
1420
1410
1429
1411
1423
1410
1430
1415
1422
1412
1433
1410
1425
1411
1471
1417
1411
1411
1442
1419
1424
1434
1416
1420
1410
1420
1411
1411
1411
1410
1427
1411
1423
1410
1433
1410
1421
1411
1432
1429
1411
1411
1410
1410
1411
1411
1413
1444
1410
1421
1411
1420
1410
1434
1413
1420
1411
1426
1412
1411
1411
1416
1412
1410
1415
1411
1429
1411
1419
1412
1432
1410
1425
1411
1418
1412
1430
1411
1410
1411
1411
1427
1411
1423
1411
1434
1412
1421
1411
1432
1411
1421
1411
1433
1411
1411
1411
1412
1411
1411
1424
1412
1421
1412
1426
1411
1410
1414
1418
1423
1411
1421
1413
1456
1411
1421
1411
1444
1411
1437
1452
1415
1410
1411
1410
1415
1411
1410
1444
1411
1423
1411
1437
1410
1422
1411
1440
1410
1422
1412
1431
1411
1431
1411
1412
1410
1411
1411
1411
1411
1410
1410
1413
1423
1411
1420
1411
1435
1411
1426
1413
1431
1410
1421
1411
1437
1411
1424
1412
1430
1412
1456
1415
1411
1411
1412
1424
1411
1432
1411
1422
1413
1435
1411
1423
1411
1436
1411
1422
1411
1410
1410
1418
1411
1411
1422
1411
1434
1410
1422
1411
1431
1410
1422
1411
1435
1411
1411
1411
1411
1411
1411
1411
1410
1411
1411
1423
1410
1422
1411
1435
1410
1421
1411
1434
1412
1421
1411
1438
1410
1421
1412
1411
1411
1411
1410
1411
1421
1411
1431
1411
1422
1413
1434
1411
1420
1411
1430
1412
1421
1411
1410
1411
1412
1410
1411
1411
1410
1430
1411
1418
1411
1428
1411
1422
1412
1420
1410
1420
1410
1458
1418
1411
1413
1411
1410
1411
1421
1411
1423
1413
1423
1412
1440
1411
1436
1418
1451
1410
1411
1411
1411
1415
1410
1419
1419
1420
1412
1429
1411
1429
1411
1429
1413
1420
1411
1428
1410
1413
1411
1411
1413
1410
1426
1413
1419
1411
1421
1412
1432
1411
1419
1411
1434
1411
1419
1410
1422
1411
1411
1410
1420
1415
1432
1411
1419
1435
1411
1410
1410
1416
1414
1437
1410
1425
1411
1428
1412
1426
1411
1437
1411
1421
1411
1431
1411
1425
1417
1411
1411
1410
1411
1411
1411
1418
1425
1411
1432
1410
1433
1411
1431
1417
1425
1411
1435
1427
1422
1411
1430
1417
1413
1411
1411
1411
1411
1413
1411
1416
1410
1420
1411
1441
1411
1419
1411
1442
1411
1422
1411
1419
1411
1419
1412
1434
1411
1421
1411
1419
1413
1420
1410
1417
1411
1413
1417
1410
1420
1423
1421
1416
1431
1411
1416
1420
1412
1411
1415
1452
1410
1441
1411
1419
1411
1425
1414
1421
1411
1411
1411
1410
1411
1411
1413
1410
1421
1411
1426
1411
1420
1411
1430
1411
1421
1411
1411
1410
1411
1412
1414
1411
1411
1432
1413
1420
1411
1418
1414
1420
1422
1434
1411
1422
1411
1413
1414
1411
1411
1411
1419
1413
1444
1411
1419
1410
1421
1411
1420
1411
1432
1411
1427
1411
1411
1410
1411
1413
1411
1438
1411
1425
1411
1420
1411
1421
1411
1420
1416
1446
1411
1421
1411
1411
1411
1413
1447
1411
1420
1410
1445
1411
1419
1411
1423
1410
1428
1411
1421
1411
1411
1412
1411
1411
1411
1435
1422
1424
1413
1431
1411
1418
1412
1421
1411
1411
1410
1412
1411
1411
1419
1410
1422
1417
1432
1412
1421
1411
1424
1410
1411
1411
1411
1412
1412
1410
1410
1424
1411
1428
1411
1423
1411
1429
1410
1424
1411
1431
1410
1423
1411
1422
1411
1410
1410
1411
1410
1412
1411
1411
1438
1411
1421
1411
1429
1412
1423
1412
1436
1411
1420
1411
1430
1413
1421
1411
1411
1411
1411
1411
1411
1422
1410
1422
1412
1431
1411
1420
1411
1430
1411
1424
1411
1432
1411
1411
1411
1411
1411
1411
1411
1411
1420
1410
1449
1427
1436
1412
1423
1411
1410
1410
1419
1423
1410
1433
1411
1423
1411
1424
1416
1425
1410
1420
1411
1423
1410
1431
1415
1411
1411
1411
1410
1411
1420
1410
1428
1411
1435
1412
1420
1411
1429
1410
1427
1411
1411
1411
1411
1411
1412
1411
1414
1421
1411
1437
1411
1421
1410
1432
1413
1423
1410
1433
1410
1420
1423
1411
1413
1411
1410
1410
1411
1439
1411
1422
1413
1425
1411
1424
1411
1433
1411
1411
1411
1411
1410
1411
1422
1411
1422
1411
1424
1411
1422
1411
1438
1410
1422
1410
1444
1411
1422
1411
1414
1411
1411
1411
1411
1411
1411
1410
1411
1422
1411
1429
1411
1423
1411
1435
1412
1427
1411
1433
1411
1421
1411
1431
1411
1422
1410
1433
1411
1421
1410
1431
1411
1411
1411
1410
1411
1411
1411
1411
1411
1413
1422
1411
1430
1411
1425
1411
1467
1411
1423
1416
1431
1410
1411
1421
1411
1411
1411
1436
1411
1441
1411
1430
1410
1425
1411
1421
1410
1420
1411
1421
1411
1420
1411
1411
1410
1410
1411
1411
1412
1410
1420
1410
1434
1411
1420
1411
1431
1411
1425
1410
1432
1411
1421
1410
1435
1436
1410
1411
1410
1410
1410
1411
1416
1418
1411
1421
1411
1423
1410
1421
1414
1427
1411
1420
1411
1437
1411
1419
1414
1411
1411
1411
1411
1411
1411
1410
1423
1411
1419
1411
1427
1411
1422
1410
1421
1411
1429
1411
1419
1411
1432
1411
1415
1411
1411
1411
1411
1411
1411
1419
1415
1421
1410
1420
1411
1420
1410
1420
1419
1421
1411
1419
1411
1411
1410
1411
1414
1411
1412
1411
1429
1411
1422
1411
1435
1411
1422
1411
1429
1412
1421
1411
1435
1410
1420
1413
1431
1411
1411
1411
1417
1411
1410
1415
1411
1435
1426
1419
1416
1439
1411
1419
1411
1419
1426
1433
1416
1423
1411
1411
1411
1411
1411
1411
1416
1411
1410
1410
1411
1411
1440
1410
1428
1410
1421
1411
1434
1411
1421
1411
1440
1410
1430
1411
1432
1411
1421
1411
1435
1432
1411
1410
1411
1411
1410
1437
1414
1424
1411
1420
1410
1421
1411
1437
1416
1422
1410
1425
1411
1411
1427
1411
1416
1411
1419
1410
1430
1410
1441
1411
1441
1411
1421
1411
1432
1411
1442
1410
1437
1411
1411
1411
1410
1411
1427
1410
1444
1421
1411
1433
1412
1417
1419
1422
1414
1421
1413
1411
1410
1411
1412
1413
1414
1410
1416
1410
1422
1415
1421
1411
1433
1411
1419
1411
1434
1411
1425
1410
1432
1411
1423
1411
1429
1411
1425
1416
1415
1411
1410
1411
1411
1410
1411
1410
1421
1411
1411
1432
1411
1424
1410
1428
1415
1423
1411
1430
1411
1423
1411
1429
1414
1422
1411
1431
1410
1423
1410
1429
1411
1420
1411
1411
1411
1413
1411
1410
1411
1411
1420
1412
1428
1411
1421
1411
1433
1411
1420
1410
1431
1411
1425
1412
1414
1411
1411
1412
1411
1423
1410
1431
1414
1422
1411
1429
1410
1423
1427
1427
1417
1420
1410
1410
1412
1411
1411
1411
1413
1410
1419
1410
1433
1410
1437
1413
1430
1411
1421
1411
1443
1411
1411
1411
1413
1410
1411
1411
1422
1428
1413
1422
1411
1430
1411
1420
1411
1435
1411
1419
1413
1411
1410
1413
1411
1411
1411
1410
1415
1411
1410
1410
1431
1411
1421
1410
1440
1411
1422
1412
1431
1411
1419
1411
1421
1413
1426
1411
1426
1411
1432
1413
1422
1411
1411
1410
1411
1412
1411
1411
1413
1411
1413
1412
1411
1418
1411
1422
1412
1432
1411
1418
1410
1431
1411
1420
1412
1454
1410
1420
1411
1429
1411
1419
1411
1426
1411
1411
1411
1411
1413
1411
1411
1411
1411
1410
1432
1411
1420
1411
1419
1411
1433
1410
1418
1411
1422
1413
