1539
1558
1539
1548
1560
1539
1549
1540
1561
1544
1550
1540
1540
1554
1540
1557
1540
1548
1540
1558
1539
1569
1556
1539
1556
1540
1560
1539
1557
1539
1544
1539
1539
1559
1539
1551
1539
1575
1540
1539
1544
1541
1563
1544
1549
1539
1541
1547
1540
1567
1541
1557
1539
1555
1539
1540
1554
1540
1550
1540
1560
1541
1539
1557
1539
1554
1540
1557
1556
1551
1539
1540
1540
1541
1545
1539
1548
1541
1562
1539
1543
1553
1540
1550
1540
1563
1539
1551
1540
1539
1547
1538
1562
1539
1548
1542
1559
1539
1541
1558
1540
1551
1539
1562
1540
1540
1539
1539
1549
1539
1556
1539
1556
1539
1550
1539
1540
1540
1540
1546
1539
1548
1539
1557
1540
1542
1559
1539
1555
1541
1548
1540
1547
1539
1539
1547
1539
1547
1539
1576
1543
1561
1539
1549
1555
1547
1547
1548
1539
1549
1571
1550
1539
1550
1539
1540
1539
1539
1548
1539
1557
1539
1556
1540
1540
1549
1539
1556
1540
1553
1540
1539
1540
1539
1552
1540
1548
1544
1552
1539
1559
1540
1548
1554
1568
1556
1539
1539
1540
1548
1586
1547
1539
1557
1541
1539
1538
1544
1547
1541
1558
1539
1547
1539
1556
1542
1540
1556
1539
1547
1541
1562
1540
1550
1539
1542
1540
1540
1548
1539
1561
1540
1549
1539
1539
1542
1540
1568
1539
1549
1539
1561
1540
1539
1540
1543
1550
1540
1561
1540
1549
1565
1540
1542
1539
1548
1540
1561
1539
1549
1545
1540
1548
1540
1560
1541
1552
1539
1554
1539
1539
1559
1540
1553
1539
1567
1539
1550
1539
1539
1539
1540
1548
1542
1561
1539
1552
1539
1544
1540
1549
1550
1540
1575
1539
1553
1539
1557
1540
1540
1547
1539
1551
1539
1563
1543
1549
1540
1539
1540
1540
1556
1540
1554
1539
1564
1540
1551
1545
1540
1539
1539
1551
1539
1569
1539
1551
1539
1549
1550
1540
1565
1539
1549
1539
1560
1539
1540
1539
1539
1554
1539
1547
1560
1558
1539
1541
1540
1539
1553
1539
1552
1539
1558
1539
1540
1542
1539
1571
1546
1554
1541
1539
1558
1539
1591
1541
1539
1540
1539
1547
1540
1552
1540
1549
1539
1541
1539
1539
1555
1579
1549
1539
1547
1539
1547
1539
1541
1555
1539
1548
1539
1575
1539
1548
1557
1539
1552
1540
1563
1539
1549
1539
1552
1539
1540
1548
1539
1571
1539
1575
1540
1539
1540
1539
1546
1540
1557
1539
1554
1541
1547
1552
1544
1566
1542
1548
1539
1539
1539
1547
1548
1539
1560
1543
1549
1539
1539
1547
1539
1556
1539
1549
1539
1549
1556
1541
1548
1540
1553
1556
1551
1539
1549
1540
1540
1540
1540
1559
1539
1549
1540
1557
1539
1559
1560
1539
1548
1539
1565
1539
1553
1545
1539
1548
1544
1550
1540
1561
1546
1550
1540
1540
1540
1540
1555
1540
1549
1540
1548
1540
1565
1540
1540
1567
1539
1549
1540
1565
1540
1552
1540
1545
1540
1539
1561
1539
1549
1539
1559
1540
1556
1539
1540
1547
1539
1558
1545
1552
1539
1559
1539
1539
1539
1539
1546
1540
1568
1539
1547
1541
1558
1545
1540
1540
1540
1549
1539
1549
1539
1550
1539
1540
1547
1540
1556
1540
1552
1539
1555
1540
1541
1539
1539
1551
1541
1548
1539
1585
1539
1539
1555
1543
1570
1539
1563
1541
1540
1544
1541
1553
1540
1557
1539
1549
1539
1540
1556
1539
1550
1539
1552
1541
1572
1539
1540
1544
1539
1549
1539
1550
1539
1559
1541
1568
1564
1539
1566
1539
1550
1540
1552
1539
1539
1547
1541
1567
1539
1552
1539
1540
1548
1540
1550
1539
1551
1555
1539
1539
1539
1546
1539
1550
1556
1564
1539
1542
1539
1540
1549
1541
1582
1540
1550
1540
1558
1540
1540
1582
1540
1551
1539
1560
1539
1550
1540
1555
1550
1539
1564
1539
1550
1541
1578
1539
1540
1559
1539
1549
1540
1563
1542
1539
1548
1539
1549
1539
1548
1541
1549
1539
1540
1539
1542
1548
1541
1560
1539
1551
1539
1556
1539
1540
1541
1540
1554
1539
1555
1539
1550
1539
1540
1539
1539
1564
1539
1547
1539
1556
1541
1539
1553
1539
1548
1539
1548
1540
1549
1539
1539
1549
1540
1566
1541
1549
1542
1540
1540
1539
1557
1543
1549
1539
1560
1540
1540
1539
1539
1550
1539
1556
1539
1548
1539
1539
1539
1539
1552
1539
1547
1539
1553
1539
1540
1550
1539
1556
1539
1548
1539
1602
1541
1539
1568
1540
1548
1541
1548
1552
1555
1539
1540
1550
1539
1549
1543
1550
1540
1540
1554
1539
1550
1545
1551
1540
1540
1539
1540
1551
1539
1560
1539
1552
1540
1540
1555
1540
1562
1539
1540
1540
1562
1565
1541
1551
1550
1540
1539
1539
1562
1540
1556
1548
1562
1540
1543
1556
1539
1589
1539
1569
1539
1539
1550
1539
1556
1540
1555
1540
1539
1539
1539
1549
1539
1560
1541
1548
1539
1547
1539
1540
1539
1545
1601
1539
1548
1540
1548
1540
1539
1539
1539
1554
1540
1548
1539
1551
1546
1540
1554
1539
1548
1540
1550
1540
1550
1539
1539
1550
1539
1557
1539
1552
1540
1549
1539
1539
1539
1539
1559
1539
1548
1539
1564
1539
1539
1539
1545
1547
1539
1561
1540
1548
1539
1549
1543
1540
1552
1539
1547
1539
1553
1542
1539
1539
1540
1545
1539
1547
1539
1555
1539
1539
1539
1539
1551
1539
1564
1539
1550
1539
1539
1539
1539
1547
1539
1562
1539
1545
1539
1539
1540
1543
1547
1539
1557
1539
1547
1539
1539
1549
1539
1561
1539
1552
1582
1539
1549
1539
1550
1539
1552
1540
1569
1539
1553
1539
1539
1549
1540
1569
1539
1557
1540
1559
1540
1540
1540
1556
1549
1540
1566
1539
1550
1539
1558
1539
1542
1539
1539
1549
1539
1560
1554
1550
1541
1552
1539
1540
1554
1540
1560
1541
1551
1540
1560
1540
1540
1557
1539
1553
1539
1559
1539
1552
1539
1574
1540
1539
1539
1539
1553
1539
1558
1539
1553
1539
1557
1539
1539
1539
1557
1561
1542
1563
1543
1541
1540
1539
1563
1541
1562
1539
1540
1539
1539
1584
1539
1568
1539
1562
1539
1541
1574
1539
1553
1539
1566
1540
1549
1539
1555
1541
1539
1562
1539
1551
1541
1565
1539
1544
1540
1542
1548
1539
1553
1555
1556
1541
1540
1539
1539
1548
1558
1562
1542
1552
1539
1563
1540
1540
1577
1540
1554
1539
1560
1540
1550
1539
1560
1542
1539
1558
1539
1552
1539
1564
1540
1564
1539
1539
1539
1539
1556
1556
1554
1539
1564
1539
1549
1541
1555
1560
1549
1562
1542
1549
1539
1557
1556
1552
1540
1539
1548
1539
1548
1542
1553
1543
1559
1540
1542
1539
1539
1570
1539
1554
1540
1569
1539
1549
1540
1541
1554
1539
1563
1539
1551
1539
1555
1540
1543
1560
1540
1549
1544
1550
1541
1545
1548
1539
1548
1540
1549
1540
1564
1540
1540
1549
1539
1548
1539
1548
1548
1549
1540
1539
1548
1540
1556
1540
1553
1540
1548
1539
1548
1539
1540
1540
1539
1549
1540
1559
1544
1548
1540
1543
1539
1540
1548
1540
1557
1540
1573
1540
1540
1540
1539
1552
1539
1549
1541
1549
1539
1539
1540
1539
1544
1539
1552
1539
1567
1540
1539
1540
1539
1563
1540
1549
1539
1547
1540
1540
1540
1540
1557
1539
1548
1539
1550
1540
1544
1539
1539
1545
1539
1551
1541
1591
1539
1539
1542
1540
1548
1546
1564
1542
1539
1540
1540
1570
1540
1553
1543
1558
1539
1540
1547
1539
1564
1540
1550
1539
1556
1539
1539
1539
1539
1555
1539
1555
1540
1546
1539
1555
1539
1544
1548
1539
1556
1539
1546
1540
1585
1539
1552
1551
1539
1549
1556
1550
1543
1552
1539
1541
1539
1539
1559
1539
1551
1539
1561
1539
1540
1555
1539
1558
1539
1550
1539
1563
1540
1555
1551
1540
1559
1540
1549
1539
1581
1541
1544
1559
1539
1550
1542
1556
1555
1553
1539
1540
1540
1539
1548
1540
1548
1543
1548
1539
1540
1539
1541
1547
1539
1589
1540
1549
