1668
1668
1675
1668
1713
1672
1670
1679
1669
1686
1668
1673
1691
1667
1677
1668
1668
1685
1668
1680
1668
1683
1668
1668
1685
1668
1681
1668
1668
1675
1668
1678
1668
1688
1668
1668
1685
1668
1675
1668
1671
1675
1668
1675
1668
1682
1668
1668
1683
1667
1682
1668
1668
1685
1668
1680
1668
1668
1675
1668
1675
1667
1668
1674
1668
1675
1668
1680
1668
1668
1681
1669
1692
1668
1668
1686
1673
1677
1668
1668
1678
1668
1683
1672
1678
1685
1783
1679
1673
1668
1678
1668
1686
1668
1679
1670
1668
1679
1668
1686
1670
1668
1682
1668
1680
1670
1668
1678
1668
1683
1670
1680
1668
1668
1679
1668
1684
1667
1670
1693
1668
1679
1668
1668
1680
1670
1678
1668
1668
1678
1668
1683
1670
1687
1677
1668
1686
1667
1682
1672
1667
1678
1668
1688
1668
1668
1690
1668
1676
1668
1693
1668
1668
1698
1668
1676
1668
1668
1675
1669
1690
1668
1682
1675
1668
1676
1668
1689
1668
1668
1682
1667
1678
1668
1700
1677
1673
1690
1684
1680
1669
1668
1677
1709
1682
1712
1671
1678
1668
1679
1669
1678
1668
1671
1677
1668
1688
1668
1668
1679
1671
1681
1668
1676
1668
1668
1682
1668
1680
1668
1668
1675
1668
1677
1670
1667
1685
1668
1679
1669
1668
1676
1684
1679
1669
1668
1678
1668
1684
1686
1681
1668
1668
1679
1670
1686
1684
1668
1688
1669
1688
1668
1668
1709
1669
1698
1673
1668
1673
1668
1678
1667
1668
1677
1668
1680
1668
1669
1679
1668
1676
1668
1686
1669
1671
1686
1668
1679
1669
1677
1668
1671
1679
1669
1685
1668
1668
1688
1670
1677
1668
1676
1668
1669
1686
1670
1680
1668
1668
1675
1668
1677
1670
1698
1677
1667
1684
1668
1691
1668
1668
1678
1668
1679
1668
1668
1677
1668
1679
1668
1667
1668
1668
1690
1672
1679
1668
1668
1678
1668
1681
1674
1690
1670
1667
1676
1667
1689
1674
1668
1691
1667
1677
1669
1712
1696
1685
1678
1670
1672
1677
1668
1686
1680
1668
1677
1668
1676
1668
1715
1677
1668
1679
1668
1693
1668
1708
1683
1668
1678
1668
1668
1691
1690
1692
1668
1668
1678
1667
1696
1674
1680
1671
1668
1677
1668
1700
1674
1668
1683
1668
1677
1670
1685
1668
1684
1690
1670
1677
1668
1687
1668
1676
1677
1668
1676
1668
1668
1687
1687
1680
1668
1669
1680
1668
1693
1687
1677
1668
1672
1676
1682
1695
1668
1675
1681
1669
1680
1668
1668
1675
1668
1684
1668
1669
1679
1669
1679
1668
1668
1697
1668
1674
1668
1668
1677
1668
1677
1668
1678
1668
1668
1677
1668
1683
1668
1668
1675
1667
1690
1667
1680
1685
1667
1677
1668
1678
1668
1683
1690
1668
1678
1668
1670
1677
1672
1699
1668
1670
1686
1668
1678
1673
1695
1668
1668
1685
1668
1681
1672
1669
1676
1668
1686
1668
1668
1694
1668
1680
1668
1686
1668
1668
1692
1668
1678
1669
1668
1678
1668
1690
1669
1668
1686
1668
1685
1668
1681
1668
1668
1677
1668
1685
1670
1668
1688
1668
1677
1668
1668
1675
1668
1699
1667
1668
1672
1668
1684
1668
1683
1678
1668
1676
1668
1685
1668
1683
1676
1668
1696
1668
1668
1682
1668
1679
1667
1668
1676
1668
1684
1672
1676
1668
1668
1675
1668
1684
1675
1668
1675
1668
1685
1668
1675
1673
1668
1676
1668
1694
1668
1677
1674
1668
1681
1668
1676
1668
1669
1679
1668
1706
1668
1685
1667
1700
1699
1667
1688
1678
1668
1674
1668
1676
1669
1672
1676
1668
1686
1667
1668
1719
1671
1677
1667
1668
1678
1668
1690
1671
1668
1688
1668
1678
1668
1668
1681
1668
1688
1667
1678
1692
1668
1682
1668
1691
1668
1667
1688
1667
1683
1667
1667
1688
1668
1684
1667
1672
1697
1670
1685
1668
1668
1677
1671
1679
1667
1677
1668
1668
1680
1672
1689
1668
1668
1677
1668
1684
1668
1668
1687
1668
1678
1667
1688
1670
1668
1676
1668
1729
1670
1668
1682
1669
1668
1677
1668
1690
1668
1680
1668
1668
1677
1668
1682
1668
1673
1680
1668
1690
1668
1668
1690
1673
1679
1667
1668
1677
1668
1690
1669
1668
1684
1667
1677
1668
1679
1668
1668
1677
1668
1677
1668
1669
1679
1709
1688
1667
1668
1682
1668
1676
1683
1668
1681
1668
1676
1668
1669
1678
1667
1674
1668
1676
1679
1668
1678
1668
1690
1667
1668
1693
1667
1692
1668
1668
1678
1668
1677
1668
1689
1677
1668
1677
1668
1696
1668
1701
1680
1679
1668
1676
1674
1678
1684
1668
1680
1670
1679
1668
1681
1718
1673
1677
1668
1668
1685
1667
1667
1667
1676
1668
1702
1673
1669
1691
1668
1688
1668
1668
1677
1668
1688
1668
1677
1668
1672
1675
1667
1676
1668
1668
1676
1672
1683
1672
1667
1674
1668
1689
1672
1679
1668
1668
1675
1668
1676
1671
1668
1675
1668
1687
1668
1678
1671
1668
1677
1667
1681
1668
1668
1682
1668
1677
1668
1690
1668
1685
1680
1668
1677
1667
1668
1676
1668
1691
1673
1669
1680
1668
1693
1670
1668
1689
1668
1680
1670
1691
1668
1668
1689
1670
1681
1668
1668
1676
1669
1681
1668
1668
1668
1670
1687
1668
1681
1668
1670
1677
1668
1684
1668
1683
1668
1668
1687
1668
1680
1668
1692
1680
1678
1681
1667
1668
1689
1678
1687
1668
1668
1682
1669
1678
1671
1668
1676
1673
1689
1667
1668
1687
1669
1680
1668
1690
1668
1670
1681
1668
1687
1667
1670
1682
1667
1683
1670
1670
1697
1668
1676
1668
1689
1668
1668
1684
1668
1681
1668
1693
1668
1668
1688
1668
1678
1668
1668
1694
1668
1677
1669
1686
1670
1668
1697
1668
1677
1670
1690
1678
1668
1694
1670
1679
1668
1668
1675
1670
1681
1670
1687
1668
1670
1681
1668
1675
1668
1670
1674
1668
1698
1668
1677
1668
1668
1673
1668
1694
1668
1668
1674
1668
1692
1668
1676
1668
1668
1687
1668
1691
1668
1677
1670
1677
1682
1668
1680
1671
1668
1684
1668
1682
1671
1691
1668
1680
1679
1675
1684
1668
1668
1682
1668
1681
1667
1678
1673
1668
1686
1668
1668
1687
1672
1677
1667
1668
1675
1668
1686
1669
1680
1668
1668
1676
1668
1685
1669
1668
1680
1668
1676
1669
1668
1675
1668
1685
1668
1668
1676
1668
1677
1670
1698
1668
1673
1680
1668
1679
1671
1668
1675
1669
1684
1668
1668
1690
1673
1680
1668
1690
1668
1668
1688
1668
1676
1668
1668
1677
1668
1682
1668
1668
1675
1668
1687
1668
1684
1669
1668
1675
1668
1685
1668
1702
1685
1674
1678
1668
1668
1692
1672
1682
1668
1667
1698
1706
1677
1668
1667
1684
1669
1676
1668
1668
1683
1668
1679
1668
1668
1678
1670
1679
1667
1689
1668
1668
1686
1668
1676
1669
1669
1685
1668
1675
1668
1670
1698
1669
1682
1668
1690
1676
1669
1678
1674
1681
1667
1667
1679
1669
1689
1668
1668
1675
1669
1686
1668
1678
1667
1673
1679
1668
1687
1673
1668
1686
1668
1679
1667
1668
1678
1668
1688
1668
1669
1682
1668
1678
1670
1668
1676
1668
1680
1684
1676
1668
1668
1678
1667
1678
1683
1668
1693
1668
1681
1668
1668
1692
1669
1697
1668
1678
1668
1670
1692
1668
1682
1668
1668
1675
1668
1676
1668
1696
1669
1668
1684
1668
1677
1669
1674
1678
1668
1682
1668
1686
1684
1673
1689
1668
1677
1668
1668
1709
1668
1681
1668
1681
1670
1668
1705
1668
1677
1670
1668
1675
1668
1711
1670
1680
1668
1667
1675
1670
1715
1668
1673
1684
1670
1676
1668
1698
1676
1676
1680
1668
1687
1668
1670
1684
1674
1679
1668
1695
1680
1668
1694
1673
1680
1668
1668
1680
1668
1695
1673
1668
1677
1667
1699
1668
1693
1668
1668
1679
1668
1682
1668
1684
1678
1668
1685
1667
1668
1677
1684
1889
1668
1669
1680
1668
1679
1727
1676
1728
1667
1687
1668
1669
1716
1674
1679
1668
1670
1677
1667
1723
1669
1675
1668
1667
