1796
1810
1801
1797
1817
1799
1797
1830
1796
1810
1831
1800
1805
1801
1796
1806
1797
1797
1806
1796
1807
1812
1799
1805
1796
1796
1805
1796
1807
1819
1797
1808
1796
1796
1806
1799
1828
1808
1796
1806
1796
1797
1820
1796
1807
1797
1797
1807
1797
1797
1803
1812
1818
1805
1796
1812
1797
1798
1821
1796
1812
1796
1798
1807
1797
1797
1804
1796
1811
1805
1796
1819
1797
1796
1817
1799
1804
1802
1798
1807
1796
1796
1817
1798
1806
1796
1796
1807
1796
1796
1804
1796
1814
1796
1797
1817
1797
1797
1804
1796
1814
1797
1798
1813
1808
1807
1816
1796
1805
1796
1796
1805
1797
1809
1824
1801
1805
1796
1796
1807
1798
1812
1798
1797
1815
1799
1796
1810
1796
1810
1796
1797
1807
1796
1816
1797
1797
1814
1797
1798
1821
1796
1807
1797
1798
1808
1796
1809
1806
1800
1817
1797
1797
1815
1796
1806
1799
1796
1812
1797
1813
1796
1799
1815
1797
1797
1811
1798
1806
1798
1796
1808
1798
1814
1805
1796
1816
1796
1797
1806
1814
1797
1808
1838
1797
1871
1796
1805
1817
1796
1804
1800
1796
1815
1797
1808
1814
1798
1847
1796
1797
1815
1799
1804
1804
1799
1816
1797
1797
1814
1797
1808
1818
1797
1808
1796
1798
1872
1800
1808
1796
1801
1807
1796
1796
1808
1797
1810
1797
1797
1811
1796
1806
1804
1796
1807
1796
1796
1813
1797
1796
1809
1797
1805
1798
1799
1805
1797
1813
1804
1796
1818
1796
1797
1805
1796
1816
1805
1824
1815
1796
1797
1828
1797
1806
1816
1796
1807
1796
1797
1805
1796
1807
1815
1796
1807
1796
1797
1853
1796
1797
1810
1796
1824
1796
1798
1806
1796
1797
1804
1796
1805
1805
1797
1804
1797
1796
1811
1797
1806
1797
1796
1806
1796
1817
1798
1796
1815
1796
1797
1816
1805
1819
1810
1796
1805
1797
1796
1855
1796
1797
1806
1796
1820
1804
1803
1807
1797
1797
1810
1796
1812
1807
1796
1815
1797
1796
1819
1819
1806
1796
1797
1807
1796
1817
1830
1797
1817
1796
1796
1814
1805
1825
1805
1796
1834
1796
1797
1813
1797
1807
1809
1796
1804
1797
1799
1815
1797
1804
1797
1796
1804
1799
1819
1797
1796
1818
1797
1806
1824
1796
1809
1797
1796
1809
1807
1824
1808
1798
1816
1797
1796
1823
1798
1796
1815
1797
1807
1796
1796
1804
1796
1814
1818
1797
1823
1796
1804
1797
1797
1808
1813
1821
1837
1797
1861
1806
1803
1852
1826
1796
1815
1801
1796
1805
1803
1808
1810
1796
1805
1796
1797
1810
1796
1806
1804
1797
1806
1835
1797
1808
1796
1815
1804
1796
1823
1797
1797
1803
1796
1815
1797
1800
1811
1797
1797
1805
1797
1816
1798
1796
1806
1796
1797
1808
1801
1823
1796
1797
1807
1796
1812
1811
1797
1815
1796
1796
1814
1797
1825
1811
1797
1807
1797
1796
1805
1812
1841
1805
1796
1806
1796
1802
1802
1796
1812
1822
1798
1806
1797
1796
1816
1796
1797
1817
1802
1835
1797
1797
1805
1797
1796
1808
1796
1822
1819
1796
1812
1796
1796
1817
1797
1809
1796
1796
1819
1812
1796
1805
1798
1806
1797
1816
1817
1797
1797
1810
1797
1810
1826
1796
1814
1796
1798
1805
1801
1820
1837
1797
1805
1796
1796
1812
1796
1825
1807
1796
1806
1798
1812
1805
1796
1805
1822
1797
1809
1814
1797
1801
1796
1819
1812
1800
1812
1796
1796
1825
1797
1806
1796
1806
1796
1796
1831
1812
1797
1814
1796
1808
1796
1797
1820
1802
1797
1816
1796
1796
1810
1796
1810
1797
1797
1805
1797
1796
1806
1799
1816
1797
1796
1809
1798
1814
1810
1796
1803
1814
1797
1805
1807
1796
1807
1797
1805
1797
1797
1824
1796
1797
1804
1796
1812
1796
1797
1807
1796
1797
1806
1797
1814
1822
1796
1809
1796
1797
1806
1802
1807
1798
1797
1802
1796
1806
1808
1796
1818
1796
1796
1819
1802
1809
1796
1799
1808
1797
1806
1811
1797
1805
1796
1796
1805
1797
1799
1817
1796
1811
1811
1798
1807
1797
1797
1809
1797
1811
1803
1797
1818
1796
1797
1806
1797
1815
1797
1796
1819
1796
1796
1805
1803
1804
1797
1797
1817
1798
1796
1812
1796
1806
1799
1796
1803
1797
1802
1813
1796
1806
1796
1799
1808
1797
1797
1816
1796
1809
1796
1802
1805
1796
1797
1803
1797
1804
1802
1796
1802
1797
1805
1813
1797
1807
1796
1797
1814
1797
1805
1802
1796
1804
1796
1820
1803
1797
1820
1796
1796
1813
1797
1809
1797
1807
1807
1802
1797
1806
1797
1819
1823
1797
1841
1797
1796
1804
1832
1798
1819
1798
1802
1796
1797
1811
1826
1813
1847
1796
1846
1796
1799
1817
1796
1797
1804
1829
1816
1806
1796
1810
1797
1797
1814
1799
1811
1797
1796
1812
1812
1805
1818
1796
1805
1797
1798
1822
1797
1807
1805
1798
1815
1796
1813
1817
1796
1806
1814
1796
1823
1797
1802
1806
1796
1806
1813
1815
1810
1803
1797
1812
1797
1809
1813
1802
1809
1797
1796
1801
1797
1820
1811
1798
1815
1796
1797
1831
1799
1803
1814
1796
1806
1798
1812
1811
1796
1815
1805
1797
1841
1796
1804
1814
1796
1858
1813
1813
1814
1805
1796
1821
1813
1796
1811
1802
1808
1796
1797
1809
1815
1814
1811
1797
1816
1798
1796
1829
1796
1803
1811
1796
1806
1796
1803
1811
1796
1806
1803
1798
1808
1797
1798
1817
1798
1806
1797
1797
1809
1798
1807
1816
1802
1807
1797
1798
1807
1796
1820
1797
1797
1815
1800
1801
1815
1797
1805
1798
1797
1808
1796
1814
1806
1800
1817
1797
1796
1812
1796
1808
1797
1798
1808
1797
1796
1804
1798
1817
1800
1803
1815
1801
1797
1815
1810
1810
1808
1797
1803
1797
1799
1808
1800
1816
1806
1796
1813
1796
1796
1810
1797
1819
1808
1797
1815
1797
1796
1816
1796
1811
1814
1797
1810
1799
1797
1808
1796
1815
1799
1800
1806
1804
1802
1804
1812
1807
1806
1798
1806
1796
1797
1820
1801
1818
1804
1796
1812
1796
1796
1817
1796
1807
1813
1797
1822
1797
1817
1804
1796
1814
1797
1812
1802
1796
1818
1805
1797
1804
1813
1798
1815
1796
1809
1797
1814
1803
1798
1796
1821
1798
1806
1813
1796
1806
1796
1796
1809
1796
1839
1799
1797
1804
1797
1809
1796
1797
1810
1797
1798
1808
1797
1835
1796
1799
1816
1797
1813
1817
1813
1806
1797
1796
1810
1797
1814
1821
1805
1813
1797
1797
1805
1797
1816
1799
1797
1817
1798
1796
1832
1796
1808
1797
1797
1806
1797
1832
1809
1797
1817
1796
1797
1814
1796
1810
1796
1796
1805
1797
1806
1811
1799
1812
1796
1797
1806
1812
1820
1796
1796
1811
1797
1807
1832
1800
1809
1796
1796
1805
1797
1824
1802
1796
1817
1797
1797
1812
1796
1816
1796
1797
1806
1797
1831
1808
1797
1819
1796
1796
1805
1812
2027
1807
1808
1797
1805
1834
1806
1808
1796
1806
1796
1797
1808
1799
1816
1806
1796
1812
1796
1797
1811
1796
1817
1797
1797
1811
1796
1810
1816
1797
1807
1796
1797
1804
1798
1801
1805
1796
1821
1796
1809
1807
1796
1798
1806
1797
1815
1797
1796
1807
1797
1796
1810
1798
1824
1796
1796
1807
1797
1796
1809
1796
1809
1796
1797
1827
1798
1809
1815
1797
1806
1799
1797
1806
1796
1809
1805
1797
1805
1797
1805
1807
1796
1805
1813
1813
1805
1801
1797
1806
1797
1805
1837
1798
1807
1797
1796
1803
1796
1836
1803
1797
1804
1796
1814
1804
1796
1828
1798
1797
1802
1796
1819
1816
1796
1808
1796
1894
1806
1818
1802
1819
1798
1817
1813
1812
1805
1802
1797
1803
1797
1821
1813
1796
1809
1796
1802
1805
1796
1805
1804
1797
1808
1797
1811
1806
1797
1816
1797
1797
1814
1797
1805
1796
1800
1807
1796
1804
1811
1796
1805
1797
1797
1805
1796
1802
1804
1799
1805
1799
1796
1806
1797
1811
1808
1801
1818
1796
1798
1811
1796
1807
