1942
1925
1936
1945
1930
1927
1935
1925
1925
1942
1928
1925
1939
1925
1925
1966
1927
1927
1972
1963
1938
1943
1974
1925
1942
1925
1925
1941
1930
1925
1935
1925
1925
1934
1925
1926
1935
1925
1925
1934
1925
1935
1936
1924
1925
1934
1925
1929
1943
1925
1926
1933
1924
1926
1942
1925
1935
1942
1926
1936
1941
1925
1948
1936
1925
1934
1951
1925
1935
1925
1925
1935
1927
1926
1938
1930
1925
1935
1925
1953
1937
1927
1942
1935
1925
1935
1937
1924
1933
1941
1925
1935
1935
1925
1936
1925
1925
1935
1934
1925
1943
1940
1925
1936
1926
1925
1939
1942
1926
1953
1925
1927
1940
1941
1925
1935
1927
1930
1939
1933
1926
1935
1925
1929
1940
1928
1973
1937
1931
1925
1940
1925
1925
1933
1925
1925
1939
1925
1927
1935
1925
1933
1947
1925
1937
1937
1925
1937
1944
1925
1936
1947
1925
1935
1925
1931
1944
1925
1924
1933
1927
1930
1942
1925
1926
1943
1926
1925
1938
1927
1925
1935
1925
1946
1941
1925
1948
1934
1926
1926
1931
1924
1928
1954
1926
1925
1948
1924
1925
1941
1933
1924
1931
1925
1925
1931
1970
1925
1950
1929
1930
1930
1945
1924
1934
1926
1925
1933
1925
1926
1935
1925
1925
1934
1934
1931
1934
1925
1940
1938
1925
1946
1934
1925
1949
1931
1926
1936
1930
1925
1933
1925
1925
1930
1931
1950
1933
1925
1934
1939
1926
1934
1946
1925
1933
1925
1936
1940
1925
1925
1930
1925
1925
1936
1927
1925
1946
1925
1926
1943
1926
1939
1947
1927
1936
1940
1927
1941
1945
1926
1932
1941
1934
1933
1924
1925
1942
1926
1925
1952
1931
1926
1945
1932
1925
2014
1965
1970
1933
1927
1925
1974
1925
1925
1933
1925
1924
1946
1932
1931
1936
1924
1925
1932
1931
1925
1930
1925
1925
1930
1932
1926
1944
1925
1925
1937
1935
1925
1948
1925
1925
1940
1925
1939
1942
1925
1945
1939
1925
1942
1942
1925
1934
1925
1924
1935
1925
1925
1930
1925
1925
1935
1931
1925
1933
1925
1932
1938
1929
1945
1935
1927
1942
1938
1925
1951
1935
1926
1943
1925
1927
1940
1925
1925
1936
1925
1945
1934
1925
1950
1935
1925
1945
1937
1934
1944
1925
1925
1947
1925
1946
1936
1928
1925
1937
1924
1925
1934
1924
1925
1940
1928
1925
1959
1925
1925
1941
1925
1925
1938
1926
1954
1940
1925
1941
1934
1925
1926
1934
1925
1928
1940
1980
1925
1934
1957
1927
1934
1928
1958
1936
1925
1925
1937
1925
1944
1960
1925
1925
1946
1925
1939
1944
1924
1938
1946
1925
1938
1964
1925
2146
1945
1934
1940
1987
1936
1937
1944
1926
1940
1937
1927
1936
1942
1925
1938
1953
1925
1936
1950
1925
1936
1940
1941
1945
1934
1924
1945
1925
1941
1948
1925
1925
1936
1924
1927
1935
1927
1925
1935
1924
1950
1953
1924
1945
1935
1927
1947
1951
1925
1943
1935
1925
1945
1928
1943
1945
1925
1925
1944
1929
1941
1942
1925
1928
1947
1924
1928
1944
1925
1934
1946
1925
1940
1959
1925
1935
1946
1925
1936
1959
1925
1936
1926
1925
1934
1931
1924
1942
1924
1925
1935
1929
1940
1934
1927
1925
1944
1925
1950
1932
1925
1937
1957
1927
1946
1950
1925
1938
1947
1925
1938
1961
1928
1970
1932
1925
1944
1942
1925
1940
1924
1925
1935
1927
1925
1935
1925
1925
1934
1931
1925
1933
1925
1947
1934
1925
1945
1933
1926
1935
1951
1929
1975
1937
1952
1949
1937
1925
1934
1943
1924
1934
1934
1926
1975
1945
1925
1936
1940
1925
1939
1948
1926
1937
1933
1925
1942
1951
1925
1943
1926
1926
1930
1945
1925
1934
1925
1925
1935
1929
1926
1933
1925
1933
1933
1925
1938
1929
1925
1935
1940
1925
1958
1940
1925
1947
1935
1925
1952
1934
1924
1952
1933
1925
1944
1955
1952
1935
1925
1925
1935
1947
1926
1939
1925
1927
1935
1929
1925
1938
1925
1925
1934
1925
1942
1956
1925
1942
1935
1926
1938
1948
1925
2005
1938
1926
1986
1953
1925
1925
1936
1927
1931
1947
1925
1925
1941
1925
1936
1960
1927
1936
1941
1925
1935
1930
1925
1935
1925
1927
1936
1927
1940
1936
1927
1925
1944
1924
1944
1945
1925
1925
1938
1925
1927
1935
1925
1948
1933
1925
1937
1937
1925
1942
1933
1925
1939
1926
1925
1936
1925
1924
1930
1926
1925
1932
1925
1925
1932
1925
1936
1930
1926
1939
1939
1925
1936
1940
1925
1940
1935
1925
2046
1946
1930
1934
1930
1925
1938
1960
1925
1935
1936
1925
1948
1933
1925
1945
1925
1924
1942
1931
1926
1944
1926
1925
1924
1927
1936
1931
1931
1945
1925
1925
1932
1925
1926
1943
1925
1925
1947
1925
1925
1959
1933
1925
1937
1924
1925
1942
1927
1925
1936
1933
1925
1947
1929
1925
1940
1925
1925
1942
1937
1925
1933
1925
1926
1936
1925
1936
1946
1927
1936
1941
1925
1939
1926
1925
1934
1925
1926
1936
1925
1930
1938
1925
1925
1933
1929
1926
1941
1925
1925
1945
1929
1926
1935
1927
1934
1932
1925
1933
1934
1925
1942
1932
1927
1955
1934
1924
1944
1934
1925
1948
1925
1928
1942
1925
1925
1938
1927
1925
1935
1925
1927
1949
1934
1926
1946
1925
1935
1947
1930
1938
1943
1925
1935
1927
1925
1937
1926
1925
1935
1925
1925
1948
1928
1925
1932
1925
1950
1934
1925
1943
1933
1927
1944
1935
1929
1946
1925
1925
1945
1925
1935
1943
1924
1926
1954
1925
1925
1941
1925
1927
1946
1925
1935
1940
1925
1942
1937
1925
1936
1926
1926
1934
1927
1925
1943
1925
1932
1936
1925
1946
1934
1927
1948
1935
1925
1944
1925
1925
1942
1929
1927
1946
1925
1927
1943
1929
1937
1944
1926
1936
1943
1925
1936
1946
1925
1935
1925
1926
1940
1925
1925
1934
1925
1942
1935
1925
1945
1935
1925
1943
1931
1942
1949
1947
1925
1944
1955
1929
1938
1933
1927
1949
1948
1929
1938
1943
1924
1934
1925
1926
1940
1925
1924
1935
1925
1925
1941
1925
1926
1941
1925
1925
1948
1925
1925
1932
1926
1947
1942
1927
1942
1934
1925
1946
1935
1927
1942
1934
1926
1943
1937
1927
1943
1925
1927
1943
1925
1926
1946
1927
1925
1942
1925
1926
1946
1925
1925
1939
1925
1937
1943
1924
1938
1942
1925
1937
1944
1928
1935
1942
1925
1938
1942
1928
1935
1926
1925
1937
1925
1924
1935
1925
1925
1937
1927
1925
1936
1925
1925
1937
1925
1925
1936
1927
1944
1936
1925
1942
1934
1925
1941
1936
1936
1943
1935
1928
1945
1936
1925
1942
1933
1933
1944
1936
1925
1948
1934
1933
1942
1926
1925
1940
1925
1925
1944
1925
1925
1945
1927
1926
1936
1925
1944
1936
1925
1941
1933
1927
1946
1926
1926
1939
1925
1928
1944
1925
1927
1943
1925
1936
1945
1925
1935
1940
1927
1936
1947
1924
1934
1942
1925
1935
1929
1925
1935
1925
1925
1933
1925
1925
1933
1925
1926
1935
1925
1947
1936
1927
1943
1932
1925
1992
1935
1932
1944
1933
1933
1931
1934
1925
1943
1933
1924
1932
1939
1926
1941
1932
1925
1968
1936
1925
1940
1926
1925
1949
1925
1925
1951
1925
1925
1933
1926
1930
1940
1925
1926
1934
1924
1935
1936
1938
1925
1934
1925
1946
1933
1925
1936
1938
1926
1935
1940
1926
1935
1946
1925
1934
1931
1927
1936
1926
1925
1937
1925
1925
1932
1925
1934
1939
1925
1944
1926
1925
1933
1925
1925
1933
1925
1926
1941
1926
1998
1946
1931
1924
1946
1925
1934
1942
1931
1935
1940
1924
1937
1941
1925
1936
1930
1925
1943
1936
1925
1946
1924
1925
1934
1926
1924
1936
1925
1925
1933
1925
1926
1936
1927
1925
1934
1925
1925
1943
1929
1935
1933
1925
1933
1947
1929
1937
1939
1925
1934
1924
1925
1934
1925
1925
1938
1925
1925
1945
1924
1926
1958
1926
1933
1946
1925
1933
1936
1926
1936
1946
1929
1939
1925
1925
1932
1926
1928
1933
