2072
2072
2054
2096
2065
2054
2054
2072
2072
2053
2076
2066
2053
2060
2072
2054
2053
2068
2053
2059
2062
2078
2053
2066
2419
2060
2062
2078
2067
2076
2064
2127
2055
2057
2065
2053
2055
2083
2077
2053
2065
2070
2053
2058
2072
2059
2054
2070
2054
2061
2073
2063
2054
2072
2062
2060
2075
2064
2054
2054
2071
2060
2053
2072
2062
2053
2073
2072
2054
2072
2063
2053
2053
2072
2055
2054
2063
2071
2055
2072
2073
2053
2065
2071
2053
2059
2077
2053
2053
2070
2054
2060
2072
2063
2054
2072
2068
2059
2054
2065
2053
2054
2076
2059
2053
2071
2072
2054
2059
2068
2053
2067
2069
2054
2054
2069
2055
2053
2071
2066
2055
2078
2064
2053
2077
2067
2053
2060
2064
2053
2056
2068
2074
2060
2065
2071
2054
2055
2071
2059
2054
2072
2053
2053
2072
2069
2053
2070
2096
2055
2053
2068
2054
2054
2066
2053
2054
2069
2073
2054
2066
2071
2055
2070
2074
2054
2055
2071
2054
2060
2065
2074
2055
2063
2069
2061
2078
2074
2054
2076
2066
2054
2091
2065
2057
2054
2067
2062
2053
2065
2066
2053
2054
2064
2053
2055
2072
2063
2053
2070
2062
2055
2087
2061
2054
2063
2064
2053
2070
2065
2055
2053
2070
2064
2071
2065
2061
2053
2055
2061
2070
2053
2061
2062
2054
2061
2081
2053
2060
2067
2054
2064
2072
2054
2055
2069
2054
2080
2071
2074
2053
2064
2070
2055
2133
2068
2062
2056
2062
2064
2086
2067
2063
2053
2054
2083
2054
2054
2064
2068
2054
2064
2059
2054
2060
2062
2053
2058
2068
2054
2060
2064
2074
2060
2063
2069
2053
2055
2067
2054
2053
2068
2066
2053
2065
2064
2070
2073
2063
2054
2054
2062
2053
2053
2070
2053
2054
2067
2079
2054
2061
2070
2055
2065
2082
2054
2073
2061
2054
2061
2107
2055
2054
2071
2054
2056
2087
2054
2070
2065
2070
2053
2089
2064
2053
2088
2077
2055
2086
2071
2054
2054
2088
2053
2057
2063
2055
2053
2063
2068
2058
2063
2074
2175
2076
2078
2059
2054
2074
2056
2053
2072
2056
2056
2063
2072
2053
2068
2071
2053
2054
2072
2054
2054
2079
2055
2054
2078
2053
2053
2072
2061
2054
2067
2068
2053
2054
2064
2054
2054
2062
2054
2054
2063
2061
2053
2073
2062
2062
2079
2062
2054
2070
2068
2054
2060
2079
2054
2053
2062
2054
2061
2061
2054
2053
2063
2061
2072
2064
2054
2108
2065
2090
2054
2074
2056
2057
2066
2058
2056
2068
2074
2057
2055
2061
2054
2054
2072
2056
2053
2067
2061
2054
2077
2068
2054
2070
2064
2054
2053
2072
2054
2054
2062
2055
2054
2074
2062
2056
2070
2063
2054
2069
2076
2054
2172
2073
2060
2063
2090
2077
2103
2054
2075
2064
2060
2067
2076
2053
2072
2069
2054
2054
2064
2053
2054
2072
2055
2053
2070
2063
2054
2071
2070
2053
2064
2063
2054
2057
2089
2055
2060
2072
2054
2060
2064
2053
2054
2071
2068
2058
2065
2061
2055
2077
2064
2057
2078
2063
2054
2075
2064
2054
2054
2062
2053
2053
2062
2053
2054
2065
2062
2054
2068
2067
2054
2054
2062
2054
2054
2063
2073
2053
2063
2070
2054
2063
2071
2054
2054
2069
2056
2054
2064
2054
2056
2071
2070
2054
2069
2074
2054
2065
2073
2054
2071
2078
2054
2067
2074
2053
2071
2065
2054
2053
2060
2066
2059
2064
2064
2054
2070
2061
2056
2053
2063
2054
2054
2069
2057
2064
2065
2055
2077
2082
2056
2055
2067
2054
2053
2062
2061
2053
2068
2062
2055
2053
2065
2053
2060
2062
2054
2054
2065
2072
2059
2066
2075
2054
2065
2074
2060
2054
2072
2053
2053
2068
2068
2054
2073
2064
2053
2053
2068
2055
2054
2063
2053
2056
2066
2065
2054
2062
2063
2053
2061
2063
2055
2053
2062
2053
2064
2059
2070
2053
2063
2068
2059
2054
2078
2054
2054
2075
2058
2054
2070
2054
2053
2061
2065
2053
2067
2060
2053
2066
2079
2076
2054
2062
2053
2053
2063
2062
2054
2062
2060
2053
2065
2063
2055
2054
2062
2053
2057
2078
2067
2054
2064
2064
2054
2064
2062
2053
2053
2065
2054
2054
2072
2063
2054
2075
2062
2054
2073
2063
2054
2059
2065
2076
2054
2070
2062
2055
2074
2066
2053
2054
2063
2054
2054
2073
2054
2054
2062
2070
2056
2064
2070
2053
2064
2073
2061
2070
2063
2053
2054
2062
2066
2057
2054
2065
2056
2053
2062
2091
2054
2075
2078
2054
2057
2101
2053
2055
2068
2062
2056
2096
2067
2054
2062
2069
2057
2070
2073
2054
2053
2067
2073
2069
2067
2072
2058
2054
2068
2069
2055
2064
2053
2054
2060
2077
2057
2094
2061
2055
2054
2063
2057
2054
2065
2054
2054
2060
2077
2054
2061
2063
2056
2071
2064
2054
2071
2061
2054
2074
2087
2054
2063
2061
2068
2063
2067
2070
2054
2063
2070
2057
2054
2076
2053
2053
2059
2056
2054
2061
2072
2053
2061
2071
2053
2063
2069
2053
2054
2074
2055
2058
2059
2054
2056
2071
2054
2059
2060
2067
2053
2061
2078
2059
2063
2074
2053
2063
2076
2058
2064
2060
2053
2054
2061
2058
2054
2060
2054
2058
2061
2057
2053
2071
2063
2053
2071
2060
2053
2079
2060
2053
2053
2060
2055
2054
2064
2056
2054
2059
2056
2056
2060
2054
2053
2060
2074
2054
2066
2062
2053
2054
2071
2054
2054
2065
2054
2054
2073
2063
2053
2074
2065
2054
2059
2065
2054
2075
2064
2066
2063
2063
2061
2070
2063
2071
2056
2053
2072
2055
2054
2083
2056
2054
2070
2053
2054
2083
2067
2053
2072
2062
2053
2064
2064
2054
2056
2060
2054
2054
2066
2061
2054
2073
2060
2053
2069
2064
2054
2064
2058
2054
2056
2063
2054
2053
2065
2079
2063
2069
2065
2054
2053
2077
2058
2054
2067
2054
2054
2080
2065
2053
2075
2062
2054
2086
2065
2054
2054
2062
2054
2070
2101
2074
2063
2064
2071
2112
2074
2112
2054
2054
2062
2063
2059
2066
2067
2053
2063
2099
2059
2054
2072
2055
2054
2084
2059
2055
2072
2062
2053
2085
2067
2053
2069
2063
2055
2070
2065
2054
2056
2086
2053
2054
2068
2062
2053
2063
2068
2053
2063
2072
2053
2053
2069
2054
2054
2076
2053
2053
2069
2055
2054
2076
2066
2053
2069
2062
2053
2073
2067
2053
2070
2062
2055
2057
2067
2053
2056
2074
2054
2057
2069
2053
2053
2065
2073
2059
2067
2072
2054
2064
2072
2055
2062
2072
2054
2053
2070
2055
2053
2063
2053
2053
2071
2063
2054
2064
2067
2054
2053
2064
2053
2054
2067
2054
2054
2063
2073
2054
2063
2064
2053
2068
2074
2054
2071
2059
2053
2072
2065
2054
2054
2078
2053
2069
2069
2055
2053
2063
2065
2070
2069
2073
2053
2064
2087
2070
2068
2075
2054
2063
2067
2071
2059
2074
2053
2054
2069
2071
2056
2062
2053
2055
2066
2070
2054
2065
2064
2054
2077
2060
2054
2054
2075
2054
2055
2070
2053
2058
2071
2053
2054
2061
2071
2055
2055
2089
2055
2058
2065
2064
2060
2054
2070
2055
2053
2078
2053
2054
2074
2066
2054
2064
2062
2054
2062
2062
2054
2055
2061
2054
2053
2063
2062
2054
2063
2060
2054
2062
2066
2053
2054
2062
2053
2053
2061
2074
2054
2066
2062
2053
2073
2064
2058
2054
2077
2069
2054
2064
2065
2053
2075
2084
2054
2063
2068
2054
2054
2071
2053
2057
2076
2062
2055
2071
2064
2055
2072
2063
2054
2054
2070
2055
2055
2063
2053
2053
2064
2078
2054
2066
2072
2053
2064
2075
2054
2054
2069
2053
2070
2068
2054
2054
2069
2064
2069
2074
2064
2055
2157
2067
2076
2056
2065
2072
2070
2064
2087
2054
2064
2071
2054
2053
2087
2055
2056
2062
2053
2054
2084
2055
2054
2064
2063
2053
2090
2067
2054
2071
2072
2053
2081
2065
2054
2075
2063
2055
2070
2061
2054
2054
2077
2053
2075
2072
2064
2053
2075
2065
2073
2054
2063
2053
2056
2073
2071
2053
2062
2065
2054
2077
