2187
2191
2198
2206
2184
2190
2193
2182
2203
2192
2215
2182
2203
2191
2185
2198
2225
2183
2183
2190
2202
2183
2198
2199
2196
2206
2182
2254
2203
2196
2183
2244
2197
2186
2189
2201
2194
2183
2195
2191
2183
2183
2207
2213
2182
2201
2193
2183
2188
2192
2195
2183
2183
2192
2193
2183
2198
2193
2192
2196
2192
2190
2183
2183
2191
2207
2182
2207
2196
2192
2182
2194
2202
2197
2182
2202
2193
2182
2201
2207
2183
2182
2204
2195
2183
2183
2195
2191
2195
2203
2207
2185
2183
2193
2196
2185
2198
2203
2192
2187
2183
2191
2199
2185
2193
2195
2183
2185
2196
2198
2183
2196
2203
2200
2183
2201
2191
2186
2201
2225
2183
2183
2192
2198
2187
2189
2189
2199
2186
2194
2199
2191
2182
2205
2195
2184
2183
2197
2214
2183
2192
2199
2183
2184
2188
2202
2183
2184
2192
2200
2183
2197
2223
2183
2182
2194
2192
2187
2194
2191
2183
2183
2194
2203
2183
2183
2194
2183
2184
2189
2190
2183
2182
2201
2198
2185
2197
2192
2182
2187
2191
2206
2215
2182
2231
2246
2182
2183
2201
2196
2186
2189
2194
2190
2183
2183
2216
2195
2220
2194
2194
2183
2223
2192
2197
2183
2183
2216
2193
2189
2197
2197
2183
2189
2188
2199
2183
2193
2197
2189
2184
2212
2193
2183
2202
2202
2182
2183
2191
2204
2182
2199
2191
2183
2183
2194
2197
2183
2199
2191
2184
2183
2194
2209
2184
2191
2204
2183
2189
2195
2194
2182
2201
2191
2189
2183
2189
2207
2183
2190
2204
2182
2183
2195
2195
2183
2208
2190
2183
2182
2193
2196
2183
2182
2190
2200
2183
2198
2200
2183
2212
2193
2204
2186
2184
2191
2200
2183
2193
2212
2182
2183
2189
2192
2188
2182
2195
2198
2183
2192
2215
2183
2182
2193
2200
2183
2212
2202
2184
2183
2194
2201
2204
2193
2190
2200
2184
2195
2203
2183
2183
2192
2189
2188
2206
2194
2183
2183
2192
2212
2183
2202
2192
2183
2188
2214
2193
2183
2183
2192
2206
2201
2193
2197
2183
2183
2203
2188
2182
2194
2204
2183
2204
2188
2204
2183
2182
2191
2205
2183
2191
2190
2183
2183
2221
2193
2183
2183
2192
2196
2185
2218
2201
2192
2182
2222
2189
2194
2183
2199
2191
2183
2183
2189
2191
2183
2216
2191
2192
2182
2199
2191
2185
2183
2190
2203
2182
2196
2195
2189
2182
2191
2202
2183
2184
2202
2182
2183
2200
2193
2210
2183
2209
2187
2185
2202
2192
2182
2184
2195
2199
2183
2185
2202
2194
2182
2203
2192
2182
2185
2195
2201
2182
2193
2199
2185
2183
2194
2200
2182
2183
2199
2196
2182
2202
2192
2187
2182
2202
2193
2185
2202
2193
2183
2185
2193
2199
2183
2198
2204
2184
2183
2192
2196
2216
2182
2195
2196
2199
2185
2199
2196
2183
2182
2194
2201
2183
2183
2191
2209
2182
2208
2199
2183
2183
2188
2194
2182
2195
2191
2185
2182
2198
2194
2188
2183
2192
2190
2189
2193
2191
2183
2184
2191
2197
2183
2193
2199
2183
2183
2195
2201
2183
2193
2209
2182
2183
2201
2192
2182
2203
2198
2184
2183
2193
2198
2183
2196
2189
2183
2189
2191
2191
2191
2182
2191
2190
2182
2191
2196
2182
2183
2190
2197
2183
2192
2198
2182
2183
2203
2184
2187
2199
2193
2183
2183
2191
2205
2182
2191
2201
2182
2183
2192
2193
2183
2183
2196
2192
2183
2188
2206
2183
2186
2200
2191
2183
2191
2193
2186
2202
2200
2200
2218
2183
2187
2248
2190
2209
2183
2196
2205
2182
2183
2227
2192
2183
2182
2192
2214
2182
2194
2213
2182
2184
2222
2193
2183
2201
2193
2186
2203
2195
2203
2183
2182
2201
2187
2210
2199
2200
2183
2188
2210
2213
2182
2203
2193
2187
2182
2202
2194
2183
2204
2216
2183
2183
2193
2201
2184
2211
2195
2193
2203
2207
2197
2200
2184
2195
2203
2183
2187
2203
2192
2182
2206
2193
2202
2183
2198
2192
2183
2202
2215
2183
2183
2193
2193
2182
2200
2199
2192
2182
2203
2199
2182
2184
2203
2192
2183
2225
2195
2183
2183
2195
2203
2204
2182
2200
2191
2183
2206
2210
2182
2183
2193
2202
2186
2210
2202
2182
2183
2202
2198
2183
2201
2191
2182
2184
2212
2199
2182
2183
2202
2184
2206
2193
2192
2203
2183
2199
2276
2182
2183
2195
2193
2225
2183
2192
2193
2183
2183
2236
2191
2183
2214
2198
2189
2199
2198
2192
2182
2183
2195
2192
2183
2195
2201
2182
2202
2200
2195
2183
2204
2191
2199
2183
2203
2193
2183
2186
2209
2205
2182
2192
2200
2187
2183
2195
2198
2184
2183
2217
2194
2185
2202
2191
2190
2183
2183
2233
2210
2183
2212
2202
2194
2183
2201
2193
2226
2190
2201
2199
2185
2221
2200
2196
2184
2182
2191
2201
2194
2183
2195
2190
2185
2183
2195
2202
2184
2192
2213
2183
2185
2201
2182
2182
2197
2196
2182
2182
2199
2195
2182
2197
2198
2183
2208
2193
2193
2194
2193
2191
2184
2183
2199
2199
2184
2182
2194
2183
2184
2203
2192
2183
2184
2202
2188
2183
2196
2205
2183
2193
2208
2182
2182
2207
2193
2198
2196
2191
2189
2183
2209
2192
2186
2183
2197
2194
2190
2191
2199
2182
2183
2193
2199
2187
2185
2190
2200
2182
2191
2198
2183
2183
2199
2193
2183
2187
2196
2205
2183
2194
2192
2182
2182
2191
2203
2183
2188
2194
2199
2183
2192
2193
2190
2183
2193
2200
2183
2192
2207
2183
2189
2195
2199
2183
2182
2194
2187
2183
2204
2196
2183
2183
2200
2195
2182
2189
2210
2190
2182
2196
2189
2188
2183
2190
2201
2182
2194
2196
2183
2184
2190
2190
2188
2183
2193
2190
2183
2193
2197
2183
2182
2191
2190
2182
2205
2191
2183
2183
2190
2219
2184
2190
2221
2196
2195
2186
2193
2196
2182
2183
2192
2202
2183
2191
2191
2182
2183
2197
2194
2182
2197
2192
2187
2182
2189
2193
2183
2183
2198
2192
2183
2192
2196
2182
2187
2195
2196
2183
2193
2212
2186
2183
2207
2183
2183
2190
2196
2183
2183
2200
2183
2182
2195
2196
2183
2184
2214
2196
2183
2198
2191
2183
2183
2203
2195
2183
2192
2204
2182
2187
2204
2193
2183
2211
2188
2188
2182
2193
2192
2184
2197
2192
2201
2184
2194
2197
2192
2184
2200
2197
2183
2193
2197
2183
2182
2194
2201
2183
2187
2205
2191
2191
2184
2200
2192
2183
2196
2194
2183
2186
2196
2201
2183
2193
2200
2188
2183
2192
2191
2184
2202
2195
2183
2183
2194
2200
2183
2187
2187
2200
2183
2200
2207
2182
2182
2198
2192
2182
2189
2193
2195
2182
2192
2192
2188
2183
2194
2198
2182
2193
2202
2184
2186
2200
2192
2190
2183
2190
2204
2183
2194
2206
2182
2184
2194
2192
2183
2195
2201
2182
2183
2194
2202
2197
2183
2205
2191
2222
2192
2193
2194
2182
2200
2196
2193
2183
2191
2191
2184
2200
2195
2183
2182
2192
2218
2183
2183
2196
2194
2183
2194
2202
2183
2183
2200
2191
2183
2215
2196
2195
2207
2191
2192
2188
2183
2191
2205
2182
2191
2192
2182
2182
2192
2215
2187
2183
2198
2195
2183
2218
2195
2183
2183
2199
2193
2184
2203
2192
2182
2183
2198
2198
2183
2185
2197
2190
2183
2207
2195
2182
2183
2193
2204
2187
2183
2192
2190
2183
2208
2195
2182
2183
2197
2190
2182
2202
2198
2200
2183
2196
2197
2188
2183
2192
2192
2189
2203
2196
2198
2189
2193
2199
2185
2182
2192
2199
2183
2193
2191
2182
2183
2191
2198
2186
2191
2196
2182
2183
2191
2200
2184
2182
2202
2189
2199
2209
2251
2192
2183
2193
2197
2183
2182
2192
2195
2184
2190
2193
2191
2183
2195
2191
2192
2183
2192
2192
2183
2200
2192
2183
2183
2191
2201
2182
2183
2196
2183
2183
2204
2197
2183
2183
2191
2197
2189
2420
2193
2187
2182
2195
2227
2185
2183
2194
2191
2184
2194
2195
2191
2183
2196
2191
2186
2183
2192
2190
2183
2206
2195
2182
2182
2195
2192
2183
