2311
2332
2320
2377
2355
2311
2343
2321
2314
2311
2330
2321
2313
2311
2353
2341
2312
2320
2330
2357
2318
2334
2318
2327
2320
2343
2311
2326
2331
2320
2311
2312
2325
2334
2313
2311
2328
2323
2313
2315
2333
2322
2313
2311
2322
2331
2312
2327
2327
2318
2322
2312
2331
2317
2311
2322
2317
2319
2324
2311
2322
2330
2320
2311
2327
2320
2330
2311
2312
2330
2321
2312
2316
2320
2326
2312
2312
2332
2322
2311
2313
2321
2328
2316
2313
2334
2321
2312
2315
2326
2327
2320
2312
2332
2325
2349
2313
2323
2330
2322
2311
2352
2325
2323
2311
2314
2323
2332
2312
2312
2335
2321
2311
2312
2320
2327
2329
2311
2327
2327
2319
2315
2317
2326
2318
2311
2312
2320
2327
2334
2313
2328
2353
2320
2312
2312
2324
2322
2311
2311
2321
2324
2312
2312
2322
2321
2311
2312
2323
2322
2327
2312
2332
2335
2324
2312
2311
2333
2323
2312
2311
2321
2320
2311
2312
2329
2322
2311
2314
2330
2323
2311
2313
2332
2324
2311
2316
2323
2331
2311
2328
2321
2345
2316
2313
2326
2327
2313
2313
2329
2320
2312
2323
2325
2348
2327
2311
2328
2322
2329
2311
2322
2318
2335
2311
2321
2319
2320
2311
2331
2323
2333
2311
2322
2330
2326
2311
2330
2320
2320
2313
2332
2319
2329
2311
2323
2337
2320
2311
2319
2325
2329
2311
2435
2336
2320
2323
2311
2323
2319
2311
2311
2343
2318
2311
2312
2317
2330
2311
2311
2328
2320
2331
2320
2321
2327
2322
2313
2331
2320
2325
2314
2321
2330
2323
2313
2329
2321
2325
2313
2324
2328
2321
2311
2329
2343
2322
2311
2311
2327
2326
2311
2312
2319
2331
2312
2315
2321
2332
2311
2311
2333
2322
2311
2311
2320
2329
2315
2311
2329
2321
2312
2330
2325
2329
2311
2311
2336
2329
2322
2347
2321
2321
2320
2312
2323
2331
2338
2310
2318
2327
2320
2313
2311
2333
2322
2312
2311
2320
2328
2319
2312
2320
2332
2312
2322
2338
2320
2312
2331
2320
2335
2313
2321
2319
2312
2312
2338
2320
2312
2312
2321
2333
2312
2311
2328
2320
2313
2317
2322
2326
2322
2311
2332
2321
2328
2311
2323
2331
2328
2311
2329
2320
2331
2311
2327
2329
2322
2311
2331
2326
2328
2311
2311
2330
2321
2318
2311
2320
2330
2311
2366
2338
2333
2311
2311
2329
2323
2311
2310
2336
2322
2331
2311
2323
2316
2318
2312
2320
2318
2326
2312
2326
2329
2311
2311
2329
2321
2311
2311
2327
2319
2311
2315
2321
2318
2326
2311
2328
2327
2320
2312
2330
2321
2328
2311
2320
2325
2323
2314
2327
2318
2323
2311
2323
2329
2319
2311
2325
2322
2324
2311
2321
2327
2321
2311
2331
2321
2326
2312
2317
2363
2330
2331
2312
2321
2327
2334
2311
2311
2322
2328
2318
2311
2340
2323
2311
2311
2326
2325
2312
2311
2328
2327
2312
2312
2322
2326
2312
2328
2330
2323
2312
2311
2321
2338
2311
2311
2330
2320
2317
2312
2325
2325
2312
2312
2337
2324
2311
2312
2321
2332
2311
2311
2329
2322
2319
2328
2325
2327
2320
2314
2332
2325
2331
2347
2311
2334
2324
2320
2311
2334
2320
2328
2311
2322
2330
2334
2312
2311
2322
2329
2311
2332
2332
2320
2327
2311
2325
2327
2311
2342
2320
2328
2320
2328
2319
2330
2325
2321
2475
2323
2332
2334
2311
2324
2322
2328
2311
2311
2327
2327
2311
2312
2328
2322
2316
2311
2322
2331
2312
2328
2325
2358
2322
2313
2330
2324
2318
2311
2312
2337
2323
2311
2312
2324
2321
2328
2311
2319
2327
2312
2312
2348
2320
2326
2312
2320
2346
2318
2311
2328
2320
2312
2329
2324
2328
2318
2312
2351
2321
2325
2311
2322
2332
2337
2311
2313
2320
2327
2313
2312
2328
2319
2311
2311
2338
2326
2311
2312
2321
2332
2312
2312
2326
2331
2314
2312
2321
2319
2312
2311
2321
2326
2321
2311
2336
2323
2342
2311
2311
2331
2319
2329
2312
2328
2325
2311
2316
2329
2320
2311
2311
2321
2323
2325
2311
2321
2326
2329
2312
2331
2319
2323
2313
2355
2330
2323
2313
2311
2325
2341
2313
2312
2320
2330
2331
2311
2312
2333
2328
2317
2311
2330
2322
2312
2311
2328
2332
2311
2311
2322
2330
2311
2311
2332
2324
2311
2316
2320
2319
2318
2311
2338
2323
2331
2312
2324
2337
2348
2312
2312
2318
2326
2313
2312
2329
2320
2312
2312
2340
2333
2313
2311
2318
2323
2328
2311
2318
2324
2311
2329
2336
2322
2312
2311
2326
2338
2317
2312
2321
2330
2329
2311
2316
2321
2311
2320
2324
2330
2321
2311
2340
2326
2330
2312
2325
2313
2323
2325
2335
2381
2343
2318
2327
2311
2321
2328
2321
2311
2314
2330
2319
2314
2312
2319
2321
2311
2311
2317
2325
2312
2311
2318
2335
2322
2311
2322
2325
2312
2312
2329
2319
2333
2313
2329
2319
2326
2312
2320
2331
2322
2312
2327
2320
2326
2317
2324
2320
2328
2312
2320
2332
2323
2311
2331
2320
2334
2312
2334
2332
2322
2312
2334
2325
2326
2315
2316
2335
2325
2311
2313
2321
2328
2318
2313
2328
2320
2312
2317
2324
2324
2311
2312
2321
2338
2311
2312
2329
2320
2314
2311
2321
2324
2312
2312
2336
2322
2313
2311
2321
2329
2312
2311
2328
2321
2313
2318
2322
2324
2312
2311
2329
2325
2317
2312
2320
2327
2318
2311
2326
2321
2311
2311
2326
2324
2311
2312
2330
2324
2311
2311
2319
2328
2313
2322
2322
2322
2311
2314
2338
2368
2327
2312
2332
2357
2338
2311
2321
2321
2319
2312
2323
2335
2318
2311
2313
2322
2327
2311
2313
2328
2323
2311
2313
2319
2325
2316
2323
2333
2320
2314
2314
2320
2325
2311
2311
2321
2338
2319
2312
2322
2320
2313
2311
2320
2326
2313
2311
2336
2326
2314
2311
2325
2331
2329
2317
2321
2334
2314
2329
2334
2320
2311
2312
2331
2341
2317
2311
2321
2331
2329
2326
2333
2323
2311
2335
2341
2334
2311
2318
2320
2318
2311
2311
2317
2331
2311
2311
2326
2320
2311
2312
2342
2322
2312
2311
2321
2326
2312
2314
2323
2318
2311
2331
2320
2335
2311
2327
2322
2319
2313
2335
2321
2318
2311
2330
2327
2320
2312
2332
2322
2330
2311
2322
2320
2319
2311
2335
2317
2325
2311
2317
2322
2320
2311
2313
2319
2318
2315
2313
2319
2324
2311
2313
2330
2322
2311
2312
2320
2329
2313
2312
2316
2317
2311
2312
2318
2328
2312
2312
2356
2320
2317
2311
2322
2326
2329
2312
2320
2330
2322
2317
2327
2318
2323
2311
2322
2327
2320
2311
2312
2325
2324
2311
2311
2323
2318
2311
2311
2321
2326
2319
2311
2330
2319
2319
2311
2311
2326
2322
2317
2311
2319
2318
2315
2311
2327
2320
2313
2311
2321
2330
2312
2313
2316
2325
2328
2311
2324
2320
2327
2311
2321
2331
2322
2314
2336
2322
2324
2311
2320
2322
2322
2311
2312
2320
2326
2317
2311
2328
2319
2311
2312
2333
2323
2311
2317
2321
2322
2311
2314
2335
2318
2311
2316
2320
2325
2328
2326
2322
2328
2321
2311
2312
2321
2332
2311
2311
2329
2323
2320
2311
2321
2327
2311
2311
2336
2323
2312
2311
2321
2327
2311
2311
2319
2328
2311
2315
2323
2327
2311
2311
2331
2322
2312
2311
2321
2330
2315
2311
2331
2320
2311
2315
2323
2332
2311
2311
2328
2323
2311
2311
2321
2324
2312
2312
2323
2319
2311
2312
2324
2328
2310
2313
2324
2339
2323
2317
2331
2319
2338
2317
2315
2321
2321
2323
2317
2331
2320
2327
2312
2320
2334
2320
2311
2327
2320
2334
2311
2311
2327
2318
2312
2317
2322
2326
2311
2312
2335
2320
2312
2311
2344
2320
2316
2312
2320
2319
2311
2315
2323
2326
2311
2312
2325
2324
2312
2311
2320
2323
2312
2311
2323
2322
2311
2312
2330
2331
2313
2311
2330
2330
2333
2311
2322
2325
2323
2390
2336
2321
2327
2311
2323
2317
2332
2311
2311
2320
2324
2311
2312
2318
2319
2311
2311
2325
