2449
2441
2452
2480
2486
2450
2479
2445
2451
2449
2447
2469
2440
2444
2467
2481
2459
2440
2447
2459
2482
2458
2442
2456
2459
2465
2442
2439
2456
2457
2452
2439
2440
2468
2450
2445
2440
2446
2457
2449
2452
2452
2439
2440
2452
2447
2453
2440
2452
2454
2447
2442
2441
2448
2457
2449
2440
2440
2451
2447
2450
2440
2442
2456
2448
2459
2441
2440
2451
2452
2451
2440
2465
2453
2457
2444
2440
2447
2458
2450
2440
2465
2455
2470
2450
2439
2458
2450
2474
2451
2440
2461
2450
2472
2444
2448
2458
2450
2447
2440
2440
2455
2449
2452
2440
2440
2448
2455
2457
2440
2448
2453
2457
2439
2440
2446
2455
2448
2440
2465
2450
2450
2449
2443
2439
2449
2451
2451
2443
2440
2448
2449
2446
2445
2452
2448
2458
2440
2440
2458
2448
2447
2440
2441
2454
2455
2451
2441
2459
2457
2456
2440
2440
2453
2449
2446
2440
2440
2450
2627
2454
2445
2493
2441
2449
2477
2458
2441
2440
2462
2460
2440
2440
2450
2454
2453
2440
2440
2449
2441
2440
2447
2468
2451
2440
2483
2447
2449
2451
2440
2452
2452
2449
2440
2441
2469
2459
2448
2440
2440
2453
2450
2439
2440
2453
2461
2451
2440
2440
2462
2447
2471
2440
2440
2466
2450
2461
2440
2448
2452
2448
2440
2442
2449
2464
2445
2440
2464
2452
2456
2440
2439
2453
2465
2449
2440
2440
2474
2457
2459
2439
2440
2445
2469
2450
2442
2439
2461
2452
2461
2439
2440
2447
2455
2440
2439
2449
2454
2457
2444
2442
2458
2447
2464
2445
2440
2458
2449
2449
2442
2452
2463
2449
2439
2440
2455
2453
2455
2439
2442
2452
2461
2450
2440
2454
2454
2461
2440
2440
2455
2450
2460
2440
2451
2447
2453
2443
2441
2455
2447
2453
2445
2440
2447
2446
2442
2440
2459
2459
2447
2440
2439
2456
2449
2453
2440
2453
2454
2448
2440
2440
2448
2458
2454
2440
2440
2448
2453
2444
2439
2459
2451
2460
2444
2440
2459
2449
2459
2442
2451
2454
2448
2440
2439
2454
2460
2450
2440
2440
2455
2457
2449
2440
2442
2449
2455
2442
2439
2458
2448
2453
2440
2440
2452
2458
2444
2439
2456
2452
2455
2440
2457
2456
2451
2440
2441
2454
2455
2451
2442
2440
2453
2459
2453
2440
2448
2457
2450
2440
2440
2451
2447
2451
2440
2462
2447
2468
2456
2447
2440
2460
2448
2458
2456
2441
2456
2449
2440
2440
2464
2477
2479
2439
2440
2462
2459
2451
2440
2440
2459
2457
2450
2440
2440
2460
2449
2456
2442
2453
2450
2454
2442
2440
2460
2453
2459
2440
2440
2450
2460
2452
2441
2442
2449
2459
2442
2444
2458
2770
2455
2452
2444
2445
2448
2449
2451
2444
2441
2450
2457
2460
2443
2440
2458
2450
2450
2440
2464
2461
2461
2449
2442
2462
2451
2460
2449
2440
2462
2452
2456
2440
2440
2453
2459
2452
2440
2442
2448
2456
2442
2440
2457
2448
2518
2486
2440
2458
2448
2466
2440
2443
2459
2451
2457
2442
2440
2454
2451
2457
2440
2440
2452
2452
2457
2442
2442
2453
2449
2458
2442
2440
2454
2450
2440
2442
2464
2450
2447
2440
2439
2451
2449
2488
2442
2440
2466
2453
2459
2440
2440
2457
2449
2459
2445
2442
2468
2458
2448
2442
2450
2453
2465
2440
2440
2448
2455
2459
2440
2449
2464
2452
2443
2440
2462
2449
2460
2440
2440
2461
2448
2471
2439
2444
2441
2448
2450
2440
2445
2449
2456
2458
2453
2440
2449
2576
2489
2455
2477
2440
2439
2465
2455
2450
2439
2441
2451
2448
2457
2439
2440
2453
2449
2443
2439
2448
2459
2451
2444
2441
2445
2459
2449
2441
2440
2453
2451
2448
2440
2464
2450
2455
2440
2439
2460
2453
2447
2440
2441
2443
2463
2451
2440
2440
2448
2454
2448
2440
2440
2448
2462
2440
2442
2455
2450
2464
2441
2440
2451
2448
2484
2441
2445
2449
2445
2454
2458
2446
2450
2453
2448
2454
2440
2460
2448
2449
2442
2439
2450
2468
2440
2440
2452
2450
2451
2440
2440
2475
2447
2448
2440
2439
2451
2458
2448
2440
2440
2456
2464
2454
2440
2440
2453
2468
2440
2440
2445
2448
2473
2440
2440
2449
2448
2444
2440
2450
2456
2447
2440
2457
2450
2459
2450
2440
2467
2459
2449
2439
2440
2451
2461
2449
2440
2440
2451
2448
2447
2441
2458
2448
2477
2440
2439
2454
2452
2459
2440
2440
2456
2448
2452
2456
2442
2448
2459
2452
2456
2440
2448
2452
2447
2452
2449
2448
2455
2440
2445
2445
2456
2451
2440
2445
2449
2457
2448
2440
2440
2457
2455
2447
2440
2455
2458
2456
2440
2440
2444
2453
2452
2440
2439
2466
2463
2448
2460
2443
2467
2454
2462
2440
2440
2451
2452
2451
2440
2440
2450
2466
2449
2440
2440
2449
2457
2440
2439
2464
2449
2459
2440
2440
2460
2447
2451
2439
2446
2448
2446
2457
2446
2440
2447
2447
2446
2452
2450
2449
2453
2439
2445
2448
2455
2450
2440
2445
2448
2450
2448
2440
2440
2454
2454
2447
2440
2456
2452
2457
2440
2442
2469
2694
2449
2448
2440
2456
2499
2450
2440
2440
2451
2489
2455
2439
2439
2452
2481
2458
2440
2440
2444
2466
2460
2440
2448
2458
2447
2456
2441
2448
2458
2450
2458
2444
2448
2449
2441
2456
2448
2450
2447
2440
2440
2452
2455
2447
2439
2465
2464
2461
2440
2441
2457
2467
2453
2440
2440
2448
2456
2440
2440
2466
2451
2447
2457
2463
2449
2451
2440
2458
2460
2465
2447
2441
2439
2466
2458
2449
2439
2457
2464
2455
2440
2440
2451
2473
2453
2440
2463
2455
2446
2456
2440
2454
2455
2468
2457
2444
2458
2447
2472
2455
2451
2466
2446
2440
2442
2448
2451
2448
2441
2440
2464
2457
2448
2439
2452
2451
2454
2440
2440
2454
2462
2456
2445
2442
2448
2456
2452
2439
2440
2458
2450
2457
2444
2454
2457
2450
2440
2443
2453
2452
2456
2442
2440
2456
2448
2452
2440
2440
2456
2454
2450
2440
2462
2451
2454
2440
2445
2463
2565
2457
2443
2440
2449
2464
2449
2452
2440
2463
2481
2452
2446
2440
2447
2480
2458
2439
2440
2466
2465
2459
2440
2449
2450
2451
2440
2441
2446
2454
2446
2457
2455
2465
2458
2440
2447
2447
2453
2456
2440
2440
2455
2448
2463
2440
2449
2462
2450
2441
2440
2450
2463
2461
2439
2440
2460
2448
2463
2448
2441
2465
2446
2451
2441
2440
2443
2452
2477
2443
2440
2447
2447
2466
2443
2466
2455
2446
2439
2444
2453
2454
2449
2440
2457
2462
2451
2446
2440
2476
2450
2464
2440
2441
2468
2465
2444
2441
2440
2450
2448
2448
2440
2440
2447
2449
2448
2440
2440
2451
2446
2441
2440
2449
2456
2450
2440
2440
2445
2455
2439
2440
2467
2449
2453
2440
2441
2451
2464
2448
2442
2456
2448
2454
2442
2440
2455
2447
2461
2440
2440
2448
2453
2442
2440
2456
2453
2452
2440
2442
2455
2447
2440
2442
2450
2455
2449
2440
2441
2496
2451
2459
2440
2440
2453
2463
2447
2442
2441
2446
2455
2456
2439
2440
2447
2461
2455
2440
2453
2455
2453
2440
2442
2448
2455
2440
2442
2454
2447
2451
2441
2446
2447
2448
2453
2440
2453
2460
2445
2440
2440
2447
2453
2449
2440
2448
2457
2453
2441
2440
2449
2455
2448
2440
2453
2446
2456
2440
2443
2453
2448
2453
2441
2457
2454
2446
2440
2440
2450
2456
2446
2440
2440
2446
2460
2440
2440
2444
2456
2452
2440
2440
2456
2445
2445
2445
2449
2458
2447
2441
2440
2446
2500
2467
2446
2442
2451
2456
2473
2453
2440
2448
2452
2447
2455
2441
2446
2449
2449
2440
2440
2450
2456
2451
2439
2456
2458
2457
2448
2440
2477
2451
2456
2440
2439
2468
2451
2458
2440
2440
2453
2463
2449
2440
2451
2461
2464
2445
2441
2449
2459
2440
2444
2459
2448
2457
2440
2456
2463
2449
2458
2440
2465
2458
2448
2439
2440
2448
2475
2452
2444
2440
2450
2493
2446
2439
2446
2450
2459
2460
