2569
2569
2582
2597
2585
2575
2602
2569
2604
2580
2618
2590
2568
2573
2580
2581
2584
2576
2571
2569
2577
2580
2584
2582
2569
2568
2577
2585
2576
2569
2568
2593
2581
2576
2580
2569
2584
2581
2592
2577
2582
2584
2568
2583
2578
2592
2578
2568
2568
2579
2589
2576
2571
2568
2588
2577
2587
2575
2568
2573
2579
2582
2579
2586
2571
2569
2582
2577
2578
2570
2571
2584
2577
2577
2588
2569
2569
2589
2576
2578
2570
2568
2576
2584
2582
2585
2568
2569
2582
2585
2576
2571
2569
2576
2585
2580
2590
2681
2571
2583
2577
2577
2576
2569
2570
2579
2576
2582
2577
2573
2569
2576
2585
2577
2569
2568
2579
2591
2576
2577
2568
2569
2593
2608
2579
2579
2569
2569
2578
2583
2579
2582
2569
2578
2588
2582
2578
2571
2569
2580
2582
2589
2578
2569
2590
2581
2585
2578
2568
2569
2581
2585
2576
2587
2570
2581
2582
2575
2588
2569
2578
2583
2593
2587
2574
2590
2569
2570
2581
2593
2582
2579
2570
2568
2587
2583
2584
2569
2569
2574
2584
2578
2615
2608
2576
2603
2580
2595
2584
2568
2607
2580
2586
2577
2597
2588
2569
2587
2578
2581
2590
2570
2592
2577
2613
2598
2577
2569
2579
2584
2612
2589
2570
2569
2585
2582
2578
2590
2569
2568
2583
2579
2583
2568
2568
2578
2585
2578
2586
2570
2569
2578
2588
2579
2569
2570
2580
2577
2583
2592
2568
2569
2589
2575
2593
2568
2568
2577
2584
2576
2578
2584
2569
2576
2578
2576
2592
2569
2568
2577
2586
2598
2568
2569
2576
2584
2598
2590
2570
2580
2586
2598
2580
2585
2568
2587
2580
2575
2590
2568
2568
2583
2592
2577
2568
2569
2579
2581
2590
2578
2568
2572
2576
2618
2585
2581
2573
2569
2576
2580
2593
2580
2569
2569
2576
2578
2583
2587
2568
2576
2589
2582
2605
2569
2570
2579
2577
2607
2575
2568
2568
2576
2577
2574
2569
2569
2576
2598
2577
2585
2568
2568
2597
2578
2594
2570
2568
2604
2575
2578
2578
2569
2590
2582
2583
2578
2568
2589
2577
2583
2576
2590
2588
2569
2580
2577
2598
2588
2576
2568
2576
2579
2583
2585
2575
2569
2575
2603
2582
2575
2574
2569
2587
2575
2581
2583
2568
2574
2577
2581
2578
2569
2573
2576
2587
2575
2583
2572
2570
2585
2585
2582
2571
2569
2580
2577
2580
2581
2570
2569
2588
2579
2580
2570
2568
2587
2582
2569
2583
2577
2614
2569
2569
2578
2595
2582
2579
2569
2569
2577
2590
2576
2568
2570
2578
2581
2577
2585
2568
2578
2592
2578
2588
2568
2569
2589
2577
2586
2578
2568
2571
2578
2583
2577
2570
2584
2593
2576
2583
2585
2569
2591
2578
2583
2579
2583
2569
2568
2585
2581
2576
2570
2568
2568
2578
2580
2580
2569
2573
2582
2585
2581
2578
2568
2569
2579
2581
2584
2568
2570
2583
2583
2576
2595
2569
2568
2590
2578
2585
2576
2571
2572
2578
2578
2584
2569
2572
2579
2586
2578
2584
2572
2568
2576
2578
2585
2575
2569
2580
2586
2578
2598
2568
2568
2586
2579
2592
2579
2571
2584
2576
2584
2581
2569
2569
2580
2586
2578
2577
2571
2568
2581
2588
2578
2568
2569
2584
2591
2578
2569
2569
2581
2593
2580
2584
2568
2569
2587
2578
2603
2586
2573
2572
2597
2586
2578
2568
2574
2581
2587
2592
2580
2571
2568
2577
2581
2580
2600
2569
2568
2576
2584
2584
2569
2568
2577
2576
2583
2580
2568
2570
2569
2577
2627
2584
2577
2568
2570
2589
2583
2581
2570
2568
2578
2597
2578
2586
2568
2570
2592
2584
2585
2578
2568
2584
2585
2581
2582
2577
2575
2577
2575
2580
2569
2573
2578
2584
2577
2592
2569
2569
2579
2576
2579
2570
2571
2579
2576
2576
2585
2573
2569
2575
2578
2583
2573
2569
2575
2580
2574
2620
2568
2569
2576
2583
2577
2586
2569
2569
2582
2581
2589
2569
2583
2570
2586
2583
2576
2575
2569
2575
2584
2579
2585
2568
2570
2579
2581
2581
2585
2570
2568
2578
2580
2584
2571
2569
2586
2577
2591
2580
2569
2572
2578
2581
2585
2584
2568
2569
2581
2593
2577
2568
2570
2582
2580
2576
2579
2569
2568
2578
2586
2573
2577
2574
2568
2580
2576
2575
2568
2568
2603
2585
2576
2576
2568
2600
2581
2585
2576
2576
2588
2585
2628
2575
2589
2582
2568
2570
2578
2583
2582
2585
2569
2569
2587
2581
2586
2568
2570
2577
2590
2580
2584
2568
2569
2591
2581
2584
2569
2568
2582
2589
2579
2583
2568
2579
2589
2577
2584
2570
2572
2587
2576
2578
2568
2572
2584
2582
2576
2575
2571
2569
2578
2582
2577
2569
2592
2576
2593
2593
2572
2572
2584
2589
2573
2576
2568
2569
2584
2574
2582
2581
2568
2574
2577
2588
2575
2569
2573
2582
2578
2579
2609
2578
2569
2575
2577
2574
2571
2568
2569
2575
2578
2581
2568
2568
2577
2582
2582
2569
2569
2578
2582
2582
2576
2569
2568
2582
2596
2579
2569
2568
2579
2583
2579
2586
2568
2569
2600
2586
2577
2581
2568
2590
2578
2585
2575
2568
2573
2575
2575
2575
2577
2569
2568
2576
2578
2580
2569
2569
2588
2575
2586
2580
2573
2569
2576
2578
2575
2572
2568
2589
2576
2585
2582
2569
2571
2579
2584
2585
2617
2569
2569
2586
2584
2586
2568
2570
2583
2581
2600
2577
2569
2568
2605
2577
2576
2571
2568
2580
2586
2578
2568
2569
2597
2577
2577
2587
2570
2569
2578
2583
2577
2569
2569
2602
2655
2581
2589
2578
2583
2604
2590
2577
2576
2579
2569
2586
2577
2585
2583
2568
2568
2579
2582
2584
2571
2568
2574
2576
2589
2580
2568
2570
2576
2582
2584
2570
2569
2583
2584
2583
2577
2568
2571
2580
2586
2620
2568
2569
2583
2587
2581
2584
2568
2591
2577
2583
2578
2581
2585
2568
2591
2576
2582
2576
2568
2568
2580
2575
2582
2569
2570
2576
2584
2577
2579
2568
2569
2589
2579
2589
2568
2570
2576
2576
2597
2576
2568
2569
2576
2591
2580
2570
2692
2580
2589
2578
2589
2568
2571
2584
2581
2582
2580
2568
2571
2578
2582
2576
2569
2572
2583
2578
2584
2576
2571
2568
2578
2576
2582
2571
2571
2581
2578
2585
2579
2568
2569
2577
2580
2577
2570
2569
2584
2575
2587
2576
2568
2570
2579
2583
2576
2570
2569
2576
2584
2577
2588
2568
2571
2575
2588
2575
2568
2568
2576
2699
2580
2583
2575
2568
2572
2583
2579
2575
2595
2571
2569
2576
2592
2576
2571
2568
2584
2575
2592
2578
2570
2568
2578
2580
2583
2588
2569
2570
2582
2581
2587
2570
2569
2582
2577
2587
2575
2568
2569
2590
2577
2577
2584
2568
2578
2585
2577
2575
2570
2570
2581
2581
2577
2568
2570
2580
2582
2576
2584
2570
2569
2579
2583
2576
2576
2568
2571
2577
2576
2581
2569
2569
2578
2587
2579
2588
2569
2569
2585
2580
2591
2569
2569
2582
2580
2587
2576
2570
2569
2580
2589
2579
2585
2568
2570
2582
2584
2576
2571
2568
2581
2583
2578
2588
2568
2573
2585
2576
2588
2576
2572
2585
2578
2586
2585
2574
2569
2578
2579
2583
2569
2568
2585
2579
2582
2576
2571
2568
2579
2582
2577
2585
2569
2571
2582
2577
2587
2570
2569
2582
2576
2587
2579
2569
2571
2577
2579
2588
2569
2569
2582
2628
2581
2619
2568
2568
2599
2581
2576
2575
2569
2589
2605
2580
2583
2576
2608
2578
2591
2578
2576
2569
2573
2577
2585
2576
2569
2569
2586
2582
2576
2596
2569
2568
2593
2577
2586
2569
2568
2581
2578
2575
2588
2571
2568
2584
2576
2578
2569
2569
2579
2583
2588
2580
2569
2569
2577
2585
2580
2568
2568
2577
2585
2579
2568
2571
2578
2582
2581
2577
2568
2569
2580
2586
2578
2569
2569
2587
2580
2577
2581
2568
2578
2577
2578
2586
2575
2568
2587
2577
2587
2584
2574
2570
2578
2577
2585
2581
2569
2569
2584
2579
2587
2570
2571
2588
2577
2588
2580
2569
2569
2579
2586
2581
2570
2568
2578
2584
