254
254
254
253
254
254
253
253
254
254
254
257
266
253
254
255
265
253
254
253
254
255
254
254
253
265
253
254
253
253
254
254
253
253
269
254
253
253
253
254
253
253
254
254
254
253
253
255
254
253
254
254
257
254
254
254
254
254
254
254
255
254
253
254
254
261
254
253
253
253
254
254
254
255
254
254
253
254
254
254
254
253
253
254
253
254
254
253
254
255
254
254
262
253
254
253
254
253
253
254
253
253
254
253
254
272
253
256
253
254
253
254
254
267
254
255
253
253
254
254
254
253
254
253
254
254
262
253
254
254
253
253
254
254
254
253
253
254
254
275
254
254
254
256
254
253
253
254
267
256
254
254
254
254
253
253
254
263
254
253
253
253
254
253
254
253
254
254
253
254
269
253
253
254
254
256
254
253
254
253
253
253
254
254
254
254
254
263
254
254
259
265
254
254
253
253
254
254
253
253
256
254
254
253
264
253
254
253
254
254
254
254
254
264
254
254
253
254
254
254
254
254
254
254
254
253
254
254
254
254
254
284
254
253
253
254
254
255
254
253
291
254
253
253
253
254
253
254
254
254
253
254
254
253
254
254
254
254
254
254
254
254
254
259
253
254
254
253
254
254
254
254
253
253
253
253
253
253
254
253
254
253
254
254
254
254
263
254
254
254
254
254
254
254
254
253
254
253
253
253
254
254
253
254
254
254
254
253
254
253
253
253
253
254
253
253
256
254
254
253
253
253
254
254
254
254
254
254
254
254
255
253
254
253
253
254
254
254
254
254
254
253
253
254
254
321
253
253
254
254
254
254
254
254
282
254
255
254
253
253
254
253
254
253
254
254
253
253
254
253
254
262
254
254
254
253
264
254
254
253
253
254
253
253
254
284
254
254
254
254
254
254
254
254
254
254
254
254
253
253
254
254
254
253
253
254
253
253
257
254
266
253
254
254
254
253
253
254
258
282
253
254
254
254
253
253
253
253
254
253
253
253
264
254
253
253
253
254
254
253
254
268
253
254
253
256
253
254
254
253
254
254
254
253
254
253
254
254
254
302
254
253
254
253
253
254
270
254
265
256
254
254
254
253
254
253
254
268
254
254
254
254
254
253
254
254
253
253
253
253
283
254
254
254
254
254
254
253
253
266
254
261
253
284
253
253
254
256
254
254
254
254
283
254
253
254
253
254
253
254
254
254
253
253
254
264
253
253
254
253
253
254
253
255
253
254
254
253
254
254
270
254
253
254
253
253
254
253
283
253
254
253
253
254
254
254
254
287
253
253
254
253
254
254
253
254
254
253
254
254
254
254
253
253
254
256
253
253
254
282
253
254
254
253
253
254
253
253
253
253
254
253
254
259
254
253
254
254
253
254
254
254
253
256
254
254
254
253
254
254
253
253
253
253
254
254
254
254
254
253
254
254
259
255
253
254
253
254
254
253
254
254
254
254
254
253
254
253
253
254
253
305
253
254
253
253
254
253
254
254
254
254
253
254
254
254
253
254
253
264
254
253
256
254
253
253
254
253
275
254
254
254
254
254
254
254
256
253
254
254
253
253
253
254
254
254
254
254
253
254
254
253
254
254
254
253
253
254
253
254
254
253
257
254
289
254
254
254
254
254
254
253
254
297
253
254
253
253
254
253
254
254
254
254
254
254
267
253
254
253
253
254
253
254
256
254
254
254
254
254
253
253
253
300
253
254
254
253
254
254
253
254
254
254
254
254
267
254
254
254
254
253
253
254
253
266
254
254
254
254
260
253
254
253
254
254
256
253
253
254
255
254
253
253
253
253
253
253
258
254
258
265
255
254
253
253
253
254
253
254
254
253
254
254
253
253
253
254
253
254
253
253
254
263
254
254
253
254
255
254
254
253
254
259
254
253
253
254
253
254
254
253
254
254
253
254
254
253
253
254
253
254
259
254
253
253
253
253
254
254
253
253
254
253
253
253
254
253
260
254
254
255
253
254
254
254
253
253
254
254
253
253
268
253
253
253
254
253
254
253
259
253
254
254
253
254
253
254
253
254
254
253
253
254
253
266
254
254
254
255
254
254
253
254
260
262
253
254
254
254
254
253
254
254
253
255
268
254
254
253
253
253
254
254
253
253
277
266
253
253
264
254
254
254
253
254
254
253
254
254
254
254
254
253
253
254
254
254
254
254
253
253
264
253
253
254
254
253
254
253
254
253
253
253
253
264
254
254
254
254
254
253
254
253
267
253
253
253
254
253
253
254
253
254
253
254
253
254
253
253
254
253
253
253
253
253
283
254
254
256
254
253
253
253
254
254
253
253
254
259
254
253
253
253
254
254
254
254
253
279
254
253
253
253
253
254
254
254
254
254
253
253
254
254
253
254
254
254
254
254
254
254
254
254
254
254
254
258
253
254
254
305
255
253
253
254
254
253
253
253
254
253
254
253
254
281
254
254
253
253
253
253
253
253
286
253
253
254
254
256
253
254
253
253
253
253
253
254
254
254
259
254
254
256
254
254
254
264
253
254
253
254
254
253
253
257
256
253
253
253
253
313
254
254
253
254
254
254
253
254
256
254
253
253
255
253
253
253
253
253
254
254
254
253
254
254
254
254
254
253
254
254
254
265
254
253
254
254
254
253
253
253
253
254
253
254
254
267
254
254
253
254
260
253
254
253
254
253
263
253
254
254
253
253
254
253
253
255
253
254
254
254
254
257
256
254
254
253
253
254
254
253
253
254
254
255
254
254
257
253
266
254
253
254
253
254
253
253
254
254
254
254
254
253
254
254
254
254
289
253
253
254
253
254
254
253
253
267
254
253
254
254
254
253
254
253
255
253
253
254
254
286
254
254
253
254
253
254
254
253
264
253
254
254
254
254
253
253
253
266
254
253
253
255
253
254
253
254
254
253
254
253
254
255
253
255
254
254
254
254
254
253
253
253
253
253
254
254
254
264
266
254
254
254
254
254
254
254
254
254
253
254
254
254
264
253
253
254
254
254
254
256
254
284
255
254
253
253
254
254
254
254
279
253
254
254
254
254
254
253
258
253
253
254
254
253
253
