391
388
382
383
393
382
382
383
382
388
383
382
383
387
383
392
382
423
383
382
382
382
383
385
382
382
382
382
381
382
382
382
382
382
397
382
382
382
382
383
382
382
383
383
382
382
382
382
385
415
382
383
382
397
382
383
382
382
382
382
383
382
383
383
384
382
382
382
416
382
382
382
394
383
382
382
433
382
382
383
396
382
383
382
382
382
382
382
382
382
382
383
382
383
382
383
386
382
382
394
382
382
383
382
382
382
382
383
382
382
383
382
385
382
382
382
382
382
395
382
382
383
424
382
382
382
383
383
383
382
382
382
382
383
382
382
382
381
382
382
382
414
382
382
386
394
382
382
382
419
383
383
382
399
382
382
383
415
382
383
382
395
382
383
382
382
382
382
382
383
382
383
382
382
383
382
383
382
382
383
382
383
382
382
382
382
383
392
383
393
382
383
382
382
388
385
382
382
390
382
382
383
392
382
382
382
382
382
382
382
382
382
382
410
382
382
383
392
382
382
382
408
383
383
382
392
384
382
383
391
382
382
382
411
382
382
381
383
382
382
383
383
382
382
382
382
383
382
382
383
382
382
383
382
382
382
398
383
381
382
382
382
382
382
383
382
382
383
387
382
382
391
383
384
384
382
393
383
383
383
382
382
382
382
382
382
382
382
382
382
397
383
382
383
392
382
382
382
382
382
383
383
382
382
382
383
384
382
382
382
382
382
382
394
382
382
382
386
382
382
382
382
384
382
387
382
382
382
382
382
382
383
388
381
382
382
382
382
384
383
392
382
382
383
391
382
382
383
445
383
382
383
382
383
384
382
383
383
382
382
382
383
382
405
383
382
382
402
382
382
382
383
383
383
381
383
382
382
387
383
382
382
391
383
382
382
414
387
382
383
382
382
383
382
382
382
382
391
383
382
383
433
415
383
382
382
382
382
382
382
412
382
382
381
382
382
388
390
385
383
383
417
383
381
382
396
382
382
382
409
382
382
383
394
383
382
382
396
382
382
383
417
383
382
382
395
382
382
382
382
382
384
382
399
382
382
382
383
382
383
382
382
383
382
383
382
382
383
383
382
382
381
382
382
382
382
382
382
382
383
382
382
382
382
412
383
382
382
393
382
382
383
417
382
383
382
393
382
382
383
414
382
382
383
394
382
382
383
412
382
382
382
393
385
384
383
382
382
383
382
382
382
382
382
384
383
382
412
382
383
382
403
382
382
389
396
382
398
381
382
382
382
393
382
382
382
413
382
384
381
413
382
382
382
383
382
382
382
383
382
382
404
382
382
383
382
382
382
381
383
382
382
382
383
383
381
382
382
382
381
382
382
383
383
393
382
382
383
413
392
385
382
382
382
382
425
382
389
383
382
382
385
382
383
383
382
385
382
381
382
382
382
382
385
383
382
382
382
393
382
382
382
411
382
382
382
383
382
382
382
382
382
382
383
383
382
382
389
382
382
382
382
382
382
382
382
382
382
382
382
383
383
383
383
382
382
383
396
383
382
382
411
382
382
383
382
382
383
382
388
382
382
382
381
382
382
413
382
382
382
397
382
382
382
408
386
382
383
383
383
382
383
382
382
383
382
382
382
382
382
382
383
388
382
382
382
382
429
382
383
382
412
383
382
383
383
382
387
382
382
383
382
382
383
382
382
395
383
382
382
410
383
382
385
398
382
389
383
382
382
382
382
382
383
382
382
383
384
382
382
382
382
382
393
382
382
382
412
383
383
383
393
382
383
382
397
382
382
382
409
382
382
382
382
382
382
382
382
382
382
384
382
382
382
382
383
383
385
382
382
404
393
383
382
382
391
382
383
383
392
382
382
382
395
382
383
382
394
382
382
382
394
383
382
382
411
382
415
382
392
383
383
382
405
383
382
383
392
382
381
381
395
382
382
382
426
382
381
381
392
382
382
382
382
382
382
382
393
382
382
383
382
382
384
382
382
382
382
382
382
382
382
382
383
382
382
383
383
383
382
381
383
382
383
383
382
382
383
382
382
382
383
382
383
383
382
384
382
382
382
382
382
382
382
382
383
382
382
391
382
387
382
420
382
382
382
396
383
382
382
408
382
382
382
391
382
383
383
429
382
382
382
383
383
382
382
382
383
382
382
382
382
383
382
382
384
382
382
382
383
382
382
382
382
382
382
382
382
381
383
383
382
382
382
382
382
383
382
383
382
382
382
383
383
382
382
382
382
383
382
381
382
381
382
382
382
382
390
382
382
382
382
382
382
382
436
382
382
382
390
382
382
382
390
383
382
382
390
382
383
382
438
382
382
382
390
383
382
383
391
382
382
382
434
383
382
383
391
382
382
382
394
383
382
382
383
382
382
383
382
382
383
383
382
383
382
383
382
382
382
383
383
382
382
382
382
382
382
383
382
382
384
383
382
382
382
384
382
382
382
383
383
382
383
382
382
382
382
384
382
382
382
383
382
382
382
382
382
382
385
382
382
383
383
386
382
383
382
382
382
383
385
383
382
382
382
383
382
383
382
382
382
384
382
381
382
382
382
382
382
381
382
382
382
382
382
382
398
381
382
422
382
384
389
382
382
382
382
382
382
413
394
382
382
382
385
382
382
382
382
382
382
382
382
382
382
383
383
382
382
387
382
382
382
393
381
382
382
382
383
382
382
382
382
382
383
383
382
382
388
382
382
382
382
382
382
382
382
382
382
384
436
382
382
382
413
382
382
382
405
382
383
384
391
382
382
382
411
383
383
382
392
382
383
382
393
382
383
382
410
382
382
383
391
383
382
382
408
382
382
382
391
382
382
382
394
383
382
382
382
384
382
382
382
382
382
382
382
382
382
409
382
381
382
393
382
388
383
382
382
382
382
382
382
382
382
382
382
382
392
390
382
387
410
383
382
382
392
382
382
382
407
383
383
383
382
382
382
388
383
383
382
382
382
382
382
409
382
382
381
393
382
382
382
395
382
382
382
408
383
382
382
394
382
382
382
425
382
383
383
420
382
383
383
392
382
382
382
412
383
382
382
392
382
382
382
395
382
384
382
403
382
382
382
393
382
382
