510
542
511
511
511
510
511
511
545
519
511
511
518
511
511
511
511
510
526
511
510
516
511
510
511
542
512
511
524
511
511
511
511
511
511
522
511
517
510
511
511
510
511
510
511
522
511
510
511
511
511
511
520
510
510
513
510
511
511
510
511
510
521
510
510
511
511
511
510
511
510
511
540
511
510
510
511
510
511
511
511
511
524
511
513
510
511
510
510
541
510
511
510
510
510
511
519
511
511
511
510
511
511
511
513
511
519
511
511
511
511
512
510
522
510
510
510
511
511
511
544
510
510
510
512
513
511
511
510
511
522
512
511
511
511
511
511
538
511
511
511
510
511
510
540
511
511
511
511
511
510
545
511
512
517
510
510
511
521
511
510
511
510
511
510
524
511
510
511
511
511
511
522
511
511
510
511
511
511
510
510
510
511
510
511
510
511
527
511
511
541
511
510
535
510
511
511
510
511
511
521
511
511
510
510
511
511
537
510
510
511
543
511
512
546
511
516
511
511
511
511
541
511
512
511
511
511
511
542
511
511
511
510
510
510
540
511
510
511
510
510
511
511
518
511
524
511
511
510
511
510
510
520
510
511
511
511
511
510
522
510
510
510
513
510
511
511
511
511
533
510
511
510
511
513
511
520
511
511
511
511
510
510
521
511
511
511
511
513
511
520
511
511
513
511
511
511
518
511
511
511
511
511
512
522
511
511
511
511
511
511
519
511
511
511
515
510
514
549
510
510
511
510
510
511
522
511
510
510
511
510
510
511
511
511
522
511
511
511
511
511
510
520
511
512
511
515
511
511
534
510
511
510
510
510
511
510
511
510
520
517
526
511
512
511
511
520
510
511
511
511
511
511
530
511
511
510
511
510
511
510
510
511
542
510
510
511
511
510
510
540
510
511
511
513
511
511
511
511
510
522
511
511
511
511
510
511
520
511
510
511
511
510
511
521
520
512
525
510
514
528
510
513
511
511
510
511
511
510
511
536
511
511
511
511
511
544
533
510
510
511
510
510
511
542
511
513
511
510
510
511
511
511
511
522
510
511
510
516
510
510
522
511
513
511
513
511
510
511
511
511
511
510
511
511
511
511
515
537
527
511
510
511
511
511
540
510
511
511
511
511
511
537
511
510
511
511
511
511
540
511
511
511
511
511
510
538
511
510
511
511
511
511
522
511
511
510
511
511
511
512
511
510
521
510
511
511
510
511
511
511
510
511
511
510
510
511
511
511
511
520
510
510
511
511
513
510
511
511
511
536
510
510
511
511
513
511
516
511
511
511
511
511
522
523
513
510
510
511
511
511
550
511
511
511
511
512
511
542
511
511
510
511
547
517
511
510
510
514
510
534
511
511
512
511
511
523
511
512
514
510
510
510
519
511
510
511
511
511
511
537
510
511
511
511
510
511
511
511
511
530
510
511
511
511
510
512
511
511
511
521
511
511
511
511
511
511
520
510
511
516
510
513
510
511
510
511
548
554
512
523
513
511
510
519
511
511
539
511
510
511
511
511
511
538
511
511
511
510
511
510
513
511
511
542
510
511
511
510
511
511
520
510
511
511
511
510
511
511
510
510
526
511
510
510
511
511
514
522
511
510
511
511
511
511
546
510
511
511
511
511
516
511
511
511
521
511
511
511
511
511
511
520
511
511
510
511
510
511
510
510
511
536
511
510
511
511
511
511
521
511
513
510
510
511
510
511
510
510
521
511
511
511
544
511
511
511
511
510
521
511
511
511
511
511
510
510
515
510
551
513
511
510
511
511
510
542
511
553
511
511
510
510
514
511
515
516
510
511
511
510
522
511
511
510
511
511
514
539
511
510
511
511
511
511
523
511
511
511
511
511
510
556
510
511
511
511
510
511
512
511
511
511
521
510
516
511
511
511
510
511
511
510
510
513
515
516
510
511
512
516
511
510
534
510
511
511
511
511
511
524
511
511
511
511
513
510
520
511
512
510
511
511
511
519
511
511
511
510
510
511
519
511
510
510
510
510
511
516
510
510
510
511
510
515
540
511
510
510
511
512
511
518
510
511
510
511
511
511
539
512
511
511
510
510
510
515
511
511
511
510
511
511
524
511
510
511
511
511
511
550
511
511
511
510
511
511
535
511
510
512
510
511
511
552
511
511
511
511
511
511
544
512
510
510
511
510
511
529
511
511
511
511
511
511
552
511
517
511
510
511
510
521
510
510
510
511
511
511
539
510
519
511
510
511
510
521
511
510
511
511
511
510
526
511
510
517
511
510
511
511
511
510
511
511
510
520
511
510
510
518
511
510
511
510
511
548
510
510
510
511
511
511
522
517
510
532
511
517
511
510
510
511
540
510
512
525
518
510
511
511
511
510
511
514
511
538
511
511
513
511
514
511
511
511
511
547
511
510
511
511
510
510
536
511
511
513
511
511
518
555
511
511
510
510
511
510
537
510
513
521
510
511
511
511
511
510
521
511
511
510
511
511
511
514
510
511
535
513
511
511
511
510
511
523
511
512
510
515
511
510
529
510
511
511
511
511
511
513
510
512
527
520
511
510
510
511
510
520
515
511
510
510
510
510
520
511
511
513
511
510
511
525
511
511
510
510
510
510
556
511
516
511
510
511
510
520
511
511
511
511
511
511
543
511
511
520
511
511
511
534
511
511
511
510
511
511
520
511
512
510
511
510
510
525
511
511
511
511
511
513
521
511
527
511
510
511
510
521
511
511
510
511
511
511
521
511
511
511
510
515
511
530
510
510
511
511
511
511
522
513
511
511
511
510
511
556
511
511
510
511
510
510
522
511
511
511
511
511
517
523
511
510
511
511
511
511
510
510
511
511
522
511
511
515
511
510
510
535
511
511
513
510
511
510
523
511
511
519
511
511
513
548
511
510
510
511
511
511
540
511
529
511
517
511
511
522
511
511
511
511
511
511
523
511
510
511
511
515
510
521
511
513
511
511
511
511
525
510
511
526
511
513
510
560
510
511
511
511
510
511
523
511
511
511
510
511
517
521
510
511
511
511
510
511
511
511
511
511
511
511
511
516
510
510
510
511
