644
639
639
639
639
647
639
641
642
639
639
639
639
642
639
640
641
639
639
640
640
640
639
639
650
639
640
688
639
639
639
641
640
639
646
639
640
639
640
642
639
643
643
639
642
640
645
639
641
640
639
639
639
640
639
639
639
650
639
640
648
639
640
666
640
639
651
639
639
639
639
639
639
639
639
640
640
640
640
648
640
639
665
640
640
648
639
639
663
639
639
639
639
641
640
639
640
639
640
639
640
639
639
640
651
639
640
662
640
639
650
639
639
640
639
640
639
639
639
640
639
640
640
640
640
640
647
639
640
661
639
640
649
639
640
669
639
639
639
639
639
639
639
640
640
640
639
640
641
639
640
652
640
640
674
639
639
646
640
639
668
639
640
640
640
640
641
639
644
639
640
641
640
639
640
642
664
639
639
647
639
639
666
639
639
652
641
647
650
639
639
648
639
639
653
640
639
647
639
639
647
640
640
651
639
639
639
639
639
639
639
639
640
640
673
639
639
639
639
639
639
639
640
640
639
640
649
639
664
640
639
647
639
639
677
639
640
649
640
643
687
640
639
648
639
639
639
639
639
639
641
640
643
640
639
639
646
639
640
672
639
639
647
639
639
643
639
639
644
640
640
639
639
639
639
640
639
639
650
640
640
651
640
639
648
640
640
682
639
640
640
643
639
639
639
640
639
639
639
639
640
640
639
655
643
640
648
639
639
680
639
639
647
639
639
639
640
643
640
639
639
639
639
639
640
639
639
644
654
639
639
639
645
640
639
640
639
639
640
640
639
639
642
648
653
640
639
639
639
640
639
639
639
639
639
647
639
639
640
639
639
639
639
641
640
639
639
639
639
640
640
639
641
660
640
639
652
640
639
648
639
642
670
639
639
649
639
639
663
640
639
651
640
645
671
639
639
639
640
639
639
639
639
640
641
639
641
639
639
639
639
639
644
639
639
647
639
639
639
669
642
639
639
639
639
639
639
639
639
639
644
639
639
639
641
639
639
639
639
639
639
639
639
640
654
640
639
641
640
639
639
640
640
639
650
641
639
688
639
639
648
639
639
663
640
641
639
640
639
640
656
639
639
640
640
640
640
640
639
664
640
640
653
640
639
665
639
639
649
640
639
640
641
639
639
640
655
639
639
639
639
640
639
639
667
640
639
652
639
647
668
639
640
650
639
640
640
639
640
639
640
639
654
639
639
639
640
639
640
639
639
639
666
640
639
666
639
641
668
639
639
651
639
639
639
639
640
640
655
639
639
639
639
639
639
639
639
639
639
647
640
639
639
640
640
639
640
639
639
648
639
640
649
639
639
647
639
639
639
639
639
639
658
639
643
671
639
647
651
649
640
642
638
639
640
639
648
639
639
639
639
639
640
639
639
639
640
639
639
656
640
640
649
640
639
660
639
639
649
640
640
642
639
640
651
644
640
639
639
639
649
640
640
666
646
646
639
639
639
639
639
639
639
640
639
650
645
640
661
639
639
664
641
639
649
639
639
664
639
643
653
639
639
664
639
639
651
639
639
672
640
639
668
639
639
639
640
640
639
640
639
640
640
639
639
653
640
639
650
639
640
664
639
639
654
639
639
672
639
639
651
640
639
656
640
639
650
640
639
673
648
639
651
639
641
639
640
640
639
639
639
640
640
644
639
639
639
648
639
640
639
639
640
640
640
640
639
639
639
639
639
641
639
639
639
640
640
639
645
639
639
639
639
639
639
640
639
639
639
640
639
640
639
639
639
639
639
666
640
640
653
639
639
675
639
639
645
640
639
654
639
639
676
656
639
655
639
642
650
640
640
652
639
639
658
640
640
650
639
640
671
639
640
652
640
639
639
639
639
640
640
639
639
639
639
639
652
640
641
665
639
639
649
639
644
639
639
639
640
639
640
639
639
639
640
680
639
645
650
639
639
668
640
639
639
642
640
640
655
639
645
639
639
640
642
639
639
650
639
640
662
656
640
654
639
639
652
639
640
639
639
640
641
640
656
639
663
639
639
639
643
640
640
639
639
639
640
660
655
639
639
640
639
639
639
639
639
640
639
670
639
641
639
640
639
639
651
639
639
663
639
639
683
639
643
673
639
640
651
640
640
661
639
639
640
655
640
643
640
639
639
640
639
640
640
641
640
664
656
640
656
639
640
649
639
639
662
639
639
639
639
654
639
644
640
640
640
639
639
672
639
639
651
640
656
658
643
639
651
639
640
640
639
640
639
639
640
656
639
641
641
640
640
639
649
639
639
662
639
642
640
639
639
640
640
639
640
639
640
640
642
639
640
655
639
645
639
641
639
639
640
640
639
640
640
654
655
639
654
640
639
673
639
639
651
641
640
639
640
656
639
645
640
639
639
640
640
673
639
639
654
640
656
674
645
639
651
639
640
640
639
639
639
642
639
655
639
644
639
639
640
639
649
639
640
677
639
639
666
639
641
665
639
639
639
639
639
639
639
639
641
655
640
641
639
639
640
665
639
639
653
640
639
666
639
640
647
639
640
647
639
639
648
643
643
651
645
640
680
639
639
648
640
639
644
639
640
666
640
639
639
639
640
639
640
639
639
640
639
639
639
639
639
663
644
639
639
639
639
654
639
639
649
640
639
656
639
647
649
639
640
639
640
639
639
639
639
639
640
639
651
639
639
639
639
639
639
639
639
640
640
640
639
665
640
640
650
640
641
648
639
639
639
639
639
639
643
639
639
639
640
640
639
646
639
666
640
655
651
641
640
677
639
639
652
642
640
639
640
639
639
640
639
640
670
641
640
653
639
640
669
639
639
651
639
645
649
639
639
639
639
639
639
640
640
639
647
638
645
639
639
639
639
639
639
639
639
639
640
639
640
655
640
639
672
639
640
648
639
639
639
639
640
639
648
639
639
639
644
654
640
639
649
639
640
652
648
646
698
639
639
650
639
640
639
639
640
642
639
641
639
639
640
640
639
641
640
639
639
639
649
639
640
651
639
639
671
639
640
640
639
639
639
639
639
639
639
639
639
652
640
639
651
640
639
660
640
640
640
640
639
639
639
639
640
639
639
