779
768
767
795
769
770
768
797
778
768
768
780
768
767
768
768
768
768
767
777
768
768
795
768
768
768
768
774
773
767
780
767
767
785
767
768
768
768
768
768
768
777
768
768
794
768
768
779
768
768
786
767
768
768
768
768
768
768
783
768
768
790
774
768
768
769
768
772
770
795
767
768
777
772
768
768
768
770
768
768
784
767
767
796
768
774
779
768
768
768
768
768
768
769
768
768
768
801
768
768
781
770
768
797
768
768
768
768
768
768
768
781
768
767
791
768
768
777
768
768
773
767
768
768
767
799
769
768
778
768
768
768
769
767
768
768
768
783
768
778
768
767
778
768
768
768
768
768
768
768
769
768
768
778
768
776
796
768
769
778
784
768
768
768
768
768
768
771
767
767
779
768
784
796
768
768
779
768
768
769
768
791
767
768
778
768
779
769
768
784
768
768
797
768
768
770
768
768
768
768
776
802
767
800
767
768
768
768
768
768
768
775
774
768
791
768
768
777
768
768
768
768
768
768
769
790
768
769
778
768
768
780
768
768
768
769
768
768
768
768
767
768
785
768
769
799
770
769
779
768
768
768
768
768
768
768
792
768
768
780
770
768
768
768
768
768
768
801
768
768
779
768
768
793
768
768
769
768
768
767
768
793
769
768
782
768
768
768
768
768
768
768
770
768
769
791
770
768
798
768
768
768
768
768
768
773
790
767
770
782
768
768
790
768
768
768
768
772
768
768
781
768
768
791
768
768
779
768
768
774
768
768
768
770
768
767
767
779
768
767
796
770
768
768
768
768
768
768
768
770
768
794
774
768
783
768
768
794
768
768
768
768
768
768
768
784
768
768
794
768
768
768
768
768
768
772
768
768
768
776
768
768
777
768
768
778
769
774
768
768
770
768
768
768
767
768
777
768
769
803
768
768
779
768
768
768
769
768
791
768
768
777
769
768
807
768
771
789
768
779
768
774
782
774
769
774
768
767
780
768
792
770
768
771
775
767
768
768
778
768
767
794
768
767
768
768
771
768
768
769
768
767
768
768
768
778
768
767
779
768
768
779
768
768
768
770
768
768
768
797
768
768
778
770
768
791
768
768
782
768
768
793
769
768
768
768
767
768
768
768
770
768
776
774
768
777
767
767
768
768
768
768
768
768
768
769
778
768
768
798
768
768
775
768
768
798
768
768
783
768
768
768
768
770
768
768
768
767
768
769
768
768
779
768
768
790
768
768
776
768
769
799
767
768
768
768
768
767
769
768
768
768
779
768
768
790
768
768
777
768
768
814
768
768
768
768
768
767
767
789
768
768
779
769
768
779
768
768
788
768
768
767
768
768
768
768
768
779
771
769
782
768
768
776
767
769
768
767
767
767
768
781
768
769
795
768
768
768
768
768
768
769
768
768
768
773
767
768
795
768
768
780
768
774
784
768
768
768
768
768
768
768
804
768
768
787
783
768
780
768
768
778
768
768
768
768
768
773
785
778
768
768
797
768
768
780
768
768
806
771
784
769
768
768
767
768
768
768
768
783
768
768
779
767
767
797
768
768
778
768
768
768
768
768
768
768
777
768
767
797
768
768
782
768
772
794
768
768
768
767
768
768
770
768
768
768
800
784
768
787
768
768
794
768
768
768
768
768
774
784
768
768
768
793
768
768
781
768
768
794
774
783
779
768
768
769
768
768
768
768
768
768
770
796
767
768
796
768
768
783
768
768
768
768
768
768
768
800
768
768
781
768
768
794
768
773
784
768
769
768
768
781
768
769
778
768
770
768
768
769
805
775
768
778
781
768
768
768
769
768
768
777
793
768
778
768
769
768
768
768
768
768
768
768
773
768
768
768
778
768
768
780
768
768
810
768
768
768
767
768
769
767
778
768
768
780
768
768
793
769
768
779
768
768
767
768
767
769
768
768
768
767
793
768
768
779
768
768
778
768
767
774
767
769
768
768
780
768
770
778
768
768
800
773
768
778
768
768
783
768
777
768
768
796
768
768
779
767
769
768
768
768
768
768
768
768
768
777
768
768
798
768
768
777
768
770
781
768
770
768
767
767
768
768
794
768
768
774
767
767
777
767
768
767
768
774
767
768
790
775
768
771
768
768
768
767
767
768
775
778
768
768
793
771
768
774
768
768
768
768
768
768
768
770
768
772
788
768
768
776
768
768
792
768
767
788
768
772
768
768
770
768
768
768
768
768
768
768
768
776
768
768
795
768
768
784
768
768
799
768
768
780
768
768
768
768
768
768
768
768
768
767
778
770
768
795
767
768
785
768
768
792
768
768
767
768
767
768
768
768
770
768
791
768
767
776
768
768
780
768
767
768
768
768
768
768
778
767
773
779
767
767
781
768
770
768
768
768
784
768
773
767
767
777
768
768
791
768
768
778
784
770
783
768
768
801
768
768
768
768
769
768
784
774
790
768
783
768
768
780
768
768
767
769
781
771
767
768
768
768
771
771
779
770
768
768
770
767
768
768
777
767
768
777
768
768
781
768
771
779
768
768
768
767
768
768
768
780
767
767
788
768
768
768
768
768
768
768
768
768
768
769
768
768
781
768
767
774
768
767
768
768
770
770
768
773
767
768
789
768
774
768
768
768
768
768
781
768
770
793
768
768
776
768
768
768
773
768
768
768
795
768
768
778
768
767
790
768
771
768
768
768
768
768
768
768
768
775
768
768
782
768
768
794
768
768
780
768
767
780
768
768
768
768
768
767
768
792
768
768
780
768
768
794
768
767
768
768
767
768
768
779
768
770
779
777
768
768
768
768
768
768
768
768
768
778
768
768
799
768
768
768
768
768
768
768
768
768
772
795
768
768
778
768
768
768
768
768
768
768
772
768
768
791
768
768
777
768
768
768
768
768
782
767
795
768
768
779
838
768
768
768
780
769
767
778
768
768
768
768
768
768
768
782
771
770
791
768
768
768
768
768
768
768
796
768
768
780
768
768
768
768
767
768
768
768
768
771
779
768
770
792
768
768
768
768
768
768
768
782
768
768
790
768
768
778
770
768
768
768
768
768
768
793
769
768
777
