898
897
909
896
898
922
904
911
920
897
967
896
907
896
896
955
897
897
896
897
907
900
897
897
896
943
896
896
896
897
911
903
935
896
897
897
901
907
896
897
897
902
907
897
896
899
897
903
896
896
896
896
903
897
916
896
896
910
897
896
896
897
938
897
896
897
897
937
896
897
905
897
897
900
896
905
896
896
897
896
905
896
896
906
900
897
897
897
906
896
896
897
896
904
902
897
922
896
897
899
896
927
897
897
896
897
906
897
896
896
896
909
896
896
907
896
902
896
897
905
896
897
896
896
916
897
896
901
896
907
896
897
897
897
934
897
897
908
897
897
897
896
906
896
897
896
897
907
900
896
897
903
905
897
896
897
896
904
896
896
925
896
896
897
897
905
896
897
896
900
902
896
896
897
897
906
896
897
896
906
897
897
915
896
896
910
908
909
896
907
896
897
905
900
906
897
896
907
896
896
903
896
926
906
896
897
896
905
896
896
897
896
905
897
896
901
896
909
896
896
897
897
915
900
900
896
901
917
896
899
896
896
905
896
899
937
912
923
897
896
896
897
921
896
898
897
896
934
897
896
896
898
906
896
897
896
897
907
897
898
922
896
897
897
896
908
902
897
897
897
924
896
897
906
896
896
896
901
907
897
897
898
896
907
897
896
925
897
898
897
897
907
897
896
897
897
911
897
897
896
897
905
897
897
923
896
897
896
897
905
897
897
896
896
906
897
896
906
897
897
900
897
906
896
897
906
896
896
896
896
917
900
897
897
897
905
897
896
896
897
897
896
901
908
897
896
897
896
908
898
897
918
901
900
896
897
926
896
896
896
896
926
896
897
911
896
897
896
896
919
897
896
896
897
918
896
896
897
896
922
896
896
905
897
897
899
897
905
897
896
896
897
901
896
897
897
896
906
896
897
896
898
908
896
897
915
897
896
898
897
934
897
897
909
900
929
896
897
897
896
906
897
900
928
897
900
896
897
906
896
898
896
897
905
896
897
897
896
914
896
896
897
896
905
897
898
919
897
906
896
897
917
896
897
902
896
918
902
905
897
896
917
897
896
896
896
896
897
898
905
897
897
897
897
902
899
896
917
897
897
896
896
914
898
896
896
897
923
902
897
906
896
897
896
897
903
896
897
897
896
896
896
897
904
897
896
896
896
901
897
897
925
897
905
896
897
913
896
896
896
897
911
899
897
938
896
897
897
898
921
896
897
896
899
923
897
898
905
897
896
897
897
906
897
898
897
897
902
897
897
917
898
897
896
897
917
896
896
898
896
923
896
897
897
897
904
896
896
917
897
897
896
896
903
897
896
924
897
904
896
924
896
896
896
896
908
909
896
897
897
925
898
910
902
897
897
896
913
896
896
897
896
913
896
896
898
896
909
899
896
899
900
922
896
896
897
896
919
896
896
897
900
908
896
897
896
897
932
897
896
896
897
911
910
896
896
896
941
897
896
896
896
920
897
898
912
896
897
897
896
904
896
899
929
897
908
897
897
922
897
897
897
897
905
900
897
896
897
902
897
897
896
896
907
897
896
910
896
908
896
896
896
896
914
897
902
897
896
908
897
896
923
896
897
897
897
927
896
897
896
897
921
897
896
897
897
925
897
896
908
897
896
896
896
908
896
896
902
897
909
897
896
897
897
921
896
897
896
897
919
896
896
896
913
907
896
897
897
902
909
896
897
896
897
908
896
896
924
897
907
897
897
918
897
897
896
896
922
896
902
897
897
921
897
897
896
897
910
896
897
897
896
920
897
897
914
900
897
896
897
897
905
898
902
897
896
944
897
898
898
898
914
906
896
897
897
907
896
896
897
897
906
897
896
913
897
906
897
897
921
897
898
897
907
914
896
897
896
896
904
897
896
921
896
900
897
897
912
897
896
905
896
896
896
898
929
897
897
897
897
897
897
897
906
897
896
994
897
910
897
896
897
896
914
897
919
918
897
945
896
897
896
896
928
896
898
896
902
913
897
896
898
897
896
896
897
906
897
898
897
896
902
897
897
917
897
898
897
896
905
896
896
896
898
916
897
897
906
897
896
897
898
906
896
897
896
896
905
896
896
902
896
906
896
897
897
903
912
896
896
919
901
908
898
896
907
896
896
896
896
908
902
896
897
896
906
897
897
922
897
905
897
902
906
897
896
897
897
919
896
896
896
896
928
897
897
906
896
897
897
897
907
896
897
900
896
909
896
896
923
897
897
896
896
907
897
898
897
897
905
897
896
916
896
897
896
897
909
897
897
905
898
896
896
896
907
900
897
897
896
906
896
896
927
896
896
897
902
909
897
897
897
897
906
896
896
897
896
915
896
896
929
897
896
896
896
906
896
896
897
896
918
896
897
897
905
911
896
896
903
896
906
897
898
897
897
898
897
897
908
902
897
896
896
905
896
896
922
901
897
896
897
905
897
896
897
897
926
897
897
910
896
896
896
897
906
896
897
897
896
927
897
902
897
896
919
896
896
897
896
925
896
897
912
896
896
897
896
906
896
896
897
896
897
897
897
908
896
896
896
896
911
897
896
897
897
907
896
898
920
897
896
896
897
919
902
898
896
896
905
897
896
897
898
918
897
903
907
896
897
896
898
909
897
925
896
902
896
896
920
897
896
897
897
920
896
896
909
897
916
896
896
909
897
896
896
897
974
897
896
896
897
913
896
909
897
932
913
896
903
896
897
896
896
906
896
897
897
896
907
896
901
897
896
905
896
897
921
897
896
901
897
915
896
896
908
897
896
897
896
906
896
897
897
897
918
896
896
908
897
896
897
896
905
897
897
905
897
897
896
896
920
897
896
897
897
906
903
896
896
896
910
909
896
897
896
914
896
897
905
896
897
898
897
905
897
896
897
897
905
896
896
904
897
897
897
899
904
896
897
897
896
905
897
899
923
897
896
896
896
915
896
897
896
896
928
896
897
896
898
896
896
896
918
897
896
900
897
916
896
896
907
896
897
897
896
902
900
896
896
896
906
896
896
896
897
905
896
896
924
896
896
896
896
921
896
896
897
899
906
897
897
897
897
908
896
897
