1025
1033
1025
1034
1026
1030
1025
1025
1084
1025
1046
1025
1025
1025
1025
1026
1025
1050
1030
1025
1026
1025
1025
1025
1033
1025
1025
1029
1026
1038
1025
1050
1024
1025
1025
1026
1035
1027
1054
1025
1026
1025
1025
1025
1025
1036
1025
1025
1024
1026
1025
1025
1047
1025
1025
1026
1025
1025
1025
1042
1025
1026
1026
1025
1025
1025
1038
1025
1025
1027
1025
1025
1025
1053
1025
1039
1025
1025
1030
1024
1036
1025
1037
1025
1024
1025
1026
1056
1031
1026
1024
1025
1046
1025
1036
1025
1026
1025
1031
1037
1025
1025
1025
1026
1037
1025
1055
1025
1031
1025
1027
1048
1025
1034
1025
1026
1051
1026
1042
1025
1026
1025
1025
1034
1025
1052
1025
1025
1036
1025
1046
1026
1026
1025
1025
1037
1025
1047
1025
1025
1024
1024
1057
1025
1038
1025
1025
1025
1025
1048
1026
1036
1025
1026
1025
1026
1044
1035
1068
1025
1036
1032
1025
1026
1025
1037
1025
1036
1024
1034
1025
1027
1026
1030
1053
1025
1054
1025
1026
1034
1026
1025
1029
1028
1051
1034
1038
1066
1030
1024
1025
1025
1025
1038
1025
1025
1025
1026
1034
1025
1044
1027
1025
1025
1025
1045
1025
1038
1041
1025
1025
1025
1038
1025
1025
1025
1025
1038
1042
1043
1025
1026
1025
1025
1053
1025
1025
1026
1041
1036
1025
1053
1025
1025
1026
1025
1048
1026
1055
1025
1025
1055
1027
1035
1025
1025
1025
1025
1035
1025
1052
1024
1025
1025
1024
1044
1027
1031
1041
1025
1054
1025
1036
1026
1025
1025
1025
1054
1025
1040
1026
1025
1046
1025
1034
1025
1025
1031
1041
1039
1026
1025
1025
1025
1036
1024
1049
1030
1042
1025
1025
1046
1024
1025
1025
1025
1047
1030
1054
1025
1025
1025
1026
1035
1025
1030
1037
1031
1025
1029
1039
1024
1047
1025
1025
1025
1026
1086
1054
1036
1025
1025
1025
1025
1034
1026
1025
1056
1025
1025
1026
1049
1026
1025
1025
1025
1037
1059
1047
1027
1025
1025
1025
1041
1025
1025
1029
1042
1025
1025
1034
1025
1025
1027
1025
1037
1027
1073
1025
1025
1035
1025
1046
1025
1025
1026
1026
1071
1025
1035
1026
1025
1046
1025
1037
1025
1026
1042
1025
1049
1025
1027
1025
1026
1051
1025
1035
1025
1025
1025
1026
1035
1025
1025
1026
1026
1035
1041
1036
1025
1025
1025
1025
1038
1025
1025
1025
1025
1049
1025
1048
1026
1041
1047
1033
1031
1025
1025
1025
1034
1025
1025
1025
1026
1029
1025
1035
1036
1045
1024
1025
1024
1028
1057
1031
1038
1025
1025
1025
1025
1038
1031
1061
1025
1025
1025
1025
1044
1025
1035
1025
1025
1027
1025
1034
1025
1025
1025
1025
1033
1025
1033
1025
1025
1025
1025
1049
1025
1026
1025
1025
1044
1025
1039
1025
1025
1025
1025
1065
1025
1039
1026
1027
1026
1025
1037
1025
1025
1025
1025
1036
1025
1052
1025
1025
1025
1027
1049
1025
1036
1025
1028
1025
1027
1038
1025
1046
1037
1033
1025
1025
1039
1025
1036
1025
1026
1025
1025
1035
1026
1025
1027
1025
1039
1025
1044
1025
1025
1035
1025
1046
1028
1025
1025
1025
1047
1025
1025
1027
1025
1040
1026
1035
1026
1026
1026
1025
1037
1025
1025
1024
1026
1036
1025
1032
1025
1025
1034
1025
1049
1024
1027
1025
1026
1031
1025
1028
1026
1025
1055
1025
1037
1025
1025
1025
1026
1032
1025
1025
1024
1052
1025
1025
1025
1024
1033
1025
1045
1025
1035
1024
1025
1034
1061
1025
1025
1035
1024
1025
1025
1027
1037
1029
1076
1025
1025
1025
1025
1055
1024
1035
1025
1025
1025
1025
1025
1024
1033
1025
1025
1027
1028
1041
1025
1048
1025
1025
1030
1024
1025
1025
1037
1040
1047
1025
1025
1026
1025
1046
1026
1025
1027
1025
1025
1025
1033
1024
1026
1025
1025
1034
1026
1039
1025
1025
1025
1025
1035
1025
1045
1031
1042
1025
1025
1031
1025
1048
1025
1027
1025
1030
1060
1025
1037
1025
1026
1025
1025
1049
1025
1039
1026
1026
1025
1037
1043
1024
1048
1024
1025
1026
1025
1049
1024
1036
1025
1025
1025
1025
1049
1041
1035
1035
1025
1024
1025
1030
1026
1055
1029
1039
1041
1025
1093
1025
1039
1025
1025
1025
1024
1025
1025
1062
1025
1033
1025
1024
1025
1037
1067
1025
1053
1025
1025
1025
1025
1039
1024
1038
1025
1025
1025
1024
1034
1025
1035
1025
1026
1025
1031
1038
1025
1035
1025
1025
1025
1026
1037
1025
1032
1024
1025
1025
1025
1032
1024
1033
1038
1041
1025
1025
1034
1025
1033
1026
1025
1037
1047
1025
1038
1025
1028
1025
1036
1036
1025
1035
1027
1027
1025
1028
1025
1025
1052
1030
1036
1025
1025
1028
1025
1036
1027
1037
1030
1025
1031
1025
1034
1030
1026
1025
1025
1051
1025
1036
1027
1025
1025
1029
1035
1025
1025
1027
1026
1052
1025
1034
1024
1027
1027
1025
1039
1025
1025
1025
1025
1054
1025
1038
1026
1025
1025
1026
1044
1025
1025
1025
1025
1056
1026
1038
1026
1024
1026
1025
1048
1025
1027
1027
1025
1054
1025
1034
1025
1027
1026
1025
1035
1028
1025
1026
1027
1035
1025
1047
1025
1026
1025
1027
1051
1030
1025
1025
1025
1047
1027
1035
1025
1032
1025
1025
1035
1025
1046
1025
1024
1025
1025
1047
1025
1025
1025
1030
1047
1025
1035
1025
1025
1025
1026
1036
1025
1025
1025
1025
1035
1025
1051
1025
1039
1026
1025
1024
1025
1052
1025
1048
1026
1049
1025
1024
1025
1026
1034
1025
1057
1032
1025
1026
1032
1036
1025
1032
1025
1025
1089
1030
1034
1025
1025
1025
1025
1034
1027
1025
1041
1026
1065
1025
1034
1026
1025
1025
1025
1036
1041
1025
1027
1025
1037
1024
1033
1024
1025
1027
1025
1034
1025
1041
1025
1025
1026
1025
1043
1024
1033
1029
1030
1026
1025
1039
1024
1025
1025
1026
1025
1029
1051
1025
1025
1025
1025
1035
1025
1036
1024
1025
1025
1027
1052
1025
1035
1025
1025
1047
1027
1037
1026
1025
1025
1025
1039
1027
1025
1026
1025
1035
1025
1048
1027
1025
1025
1026
1042
1025
1025
1028
1026
1053
1025
1042
1025
1026
1049
1025
1037
1026
1025
1025
1025
1040
1025
1025
1026
1025
1047
1026
1037
1025
1025
1025
1025
1036
1025
1047
1025
1025
1025
1025
1039
1025
1035
1025
1026
1026
1025
1036
1025
1025
1025
1025
1036
1025
1035
1026
1025
1025
1039
1039
1025
1035
1025
1025
1025
1027
1041
1025
1038
1025
1025
1025
1025
1052
1025
1037
1029
1025
1025
1025
1034
1025
1035
1025
1025
1025
1028
1039
1025
1025
1025
1025
1025
1026
1061
1025
1025
1024
1025
1033
1024
1034
1025
1024
1025
1025
1035
1025
1030
1025
1025
1030
1025
1024
1025
1041
1025
1025
1025
1025
1030
1025
1046
1025
1025
1027
1025
1046
1025
1034
1025
1024
1025
1025
1037
1027
1060
1025
1025
1025
1025
1035
1025
1044
1032
1025
1025
1025
1034
1025
1034
1026
1025
1026
1030
1033
1025
1024
1025
1024
1025
1025
1033
1025
1032
1026
1025
1041
1025
1034
1025
1025
1057
1025
1041
1025
1025
1026
1025
1030
1025
1052
1025
1025
1048
1025
1035
1027
1052
1026
1025
1033
1027
1052
1026
1033
1026
1025
1025
1027
1035
1024
1052
1024
1025
1025
1025
1049
1024
1043
1024
1025
1058
1028
1039
1025
1036
1025
1025
1059
1025
1042
1026
1029
1025
1026
1043
1025
1026
1025
1025
1048
1041
1039
1025
1025
1025
1025
1038
1025
1027
1025
1041
1040
1025
1048
1026
1026
1025
1025
1033
1032
1034
1031
1031
1025
1024
1033
1025
1025
1025
1027
1033
1026
1026
1025
1025
1033
1027
1032
1025
1025
1025
1025
1034
1025
1025
1026
1025
1035
1025
1054
1031
1025
1024
1025
1034
1025
1050
1026
1025
1039
1025
1048
1026
1026
1026
1025
1034
1025
1025
1025
1025
1052
1025
1036
1025
1025
