1153
1153
1182
1153
1163
1170
1172
1153
1163
1153
1165
1154
1154
1153
1153
1160
1154
1155
1154
1176
1153
1164
1153
1162
1166
1163
1154
1153
1168
1153
1154
1153
1164
1156
1177
1153
1164
1169
1179
1153
1154
1154
1157
1154
1154
1154
1169
1164
1154
1178
1153
1169
1153
1154
1154
1169
1154
1153
1176
1154
1168
1153
1176
1153
1170
1154
1154
1154
1162
1174
1154
1173
1154
1182
1154
1197
1154
1155
1156
1154
1153
1154
1180
1153
1174
1153
1166
1155
1174
1154
1154
1169
1154
1155
1154
1167
1155
1177
1153
1165
1170
1175
1153
1154
1154
1154
1156
1154
1164
1153
1162
1153
1174
1153
1159
1153
1153
1153
1153
1176
1153
1166
1161
1163
1154
1173
1154
1178
1153
1153
1159
1154
1160
1154
1154
1155
1180
1165
1166
1160
1163
1161
1165
1155
1164
1154
1154
1154
1154
1162
1156
1166
1154
1162
1154
1153
1153
1153
1154
1156
1154
1154
1182
1154
1164
1154
1168
1154
1168
1154
1154
1153
1154
1154
1154
1165
1155
1171
1154
1169
1155
1153
1168
1153
1179
1154
1165
1161
1166
1154
1153
1154
1153
1154
1154
1163
1154
1177
1153
1175
1154
1154
1153
1153
1154
1154
1165
1153
1182
1154
1162
1154
1154
1154
1154
1167
1153
1168
1154
1162
1154
1154
1154
1154
1163
1156
1163
1153
1171
1153
1153
1154
1154
1153
1154
1164
1161
1163
1158
1163
1154
1172
1154
1155
1154
1154
1154
1154
1162
1160
1163
1154
1177
1153
1153
1153
1154
1154
1153
1163
1153
1166
1153
1182
1153
1154
1153
1153
1153
1153
1167
1153
1167
1154
1181
1153
1153
1153
1153
1172
1154
1168
1154
1182
1153
1154
1153
1153
1154
1160
1170
1154
1181
1154
1165
1153
1169
1154
1155
1154
1154
1177
1155
1180
1154
1173
1153
1157
1153
1154
1154
1154
1164
1154
1173
1153
1170
1154
1154
1165
1153
1156
1153
1165
1153
1177
1154
1154
1153
1153
1154
1153
1180
1153
1168
1154
1176
1154
1154
1154
1154
1154
1153
1169
1156
1163
1154
1175
1153
1154
1154
1154
1154
1160
1164
1154
1177
1154
1163
1153
1159
1154
1158
1158
1154
1154
1153
1153
1153
1174
1154
1169
1159
1165
1154
1179
1154
1153
1154
1154
1166
1154
1177
1153
1163
1153
1181
1154
1154
1157
1153
1155
1154
1164
1154
1183
1153
1165
1157
1164
1154
1154
1153
1156
1154
1154
1176
1155
1166
1157
1154
1155
1186
1154
1165
1153
1195
1159
1169
1156
1179
1154
1153
1153
1153
1175
1159
1169
1154
1191
1154
1153
1155
1154
1153
1159
1178
1153
1163
1154
1189
1154
1153
1154
1154
1180
1153
1170
1154
1208
1153
1167
1154
1184
1154
1154
1154
1154
1154
1153
1164
1154
1167
1154
1165
1154
1154
1153
1153
1153
1154
1182
1154
1161
1154
1163
1154
1154
1154
1154
1154
1156
1154
1153
1167
1153
1164
1153
1176
1153
1157
1154
1154
1154
1153
1162
1154
1177
1153
1166
1154
1154
1153
1154
1153
1153
1162
1153
1179
1153
1162
1154
1153
1153
1154
1154
1153
1164
1154
1175
1154
1177
1154
1167
1158
1163
1157
1154
1167
1154
1154
1153
1153
1156
1166
1160
1164
1153
1166
1156
1163
1154
1154
1154
1157
1164
1154
1184
1153
1164
1153
1154
1156
1156
1154
1154
1176
1153
1165
1153
1174
1153
1164
1153
1153
1154
1154
1153
1154
1163
1154
1174
1154
1165
1154
1153
1153
1154
1165
1153
1159
1168
1153
1162
1154
1185
1154
1183
1154
1155
1153
1153
1155
1154
1163
1153
1169
1154
1164
1153
1170
1153
1154
1154
1154
1154
1154
1166
1153
1162
1154
1176
1154
1153
1153
1153
1157
1156
1154
1154
1164
1154
1178
1155
1164
1157
1154
1153
1154
1163
1153
1174
1154
1162
1157
1154
1156
1154
1154
1153
1170
1154
1164
1154
1175
1153
1154
1154
1153
1155
1154
1153
1153
1174
1154
1167
1153
1175
1154
1153
1154
1153
1167
1153
1163
1154
1162
1153
1184
1153
1153
1154
1154
1153
1154
1154
1154
1163
1153
1162
1154
1169
1153
1153
1153
1153
1154
1155
1176
1156
1165
1154
1177
1156
1154
1154
1153
1153
1156
1165
1154
1176
1153
1166
1153
1154
1155
1157
1154
1154
1165
1154
1178
1154
1153
1154
1154
1153
1154
1182
1154
1169
1154
1173
1154
1167
1155
1154
1154
1154
1154
1153
1173
1153
1166
1154
1175
1159
1162
1153
1163
1154
1154
1153
1154
1154
1153
1154
1153
1178
1160
1166
1154
1179
1154
1164
1155
1154
1154
1153
1154
1155
1163
1154
1168
1153
1163
1154
1170
1153
1159
1170
1153
1155
1154
1162
1154
1154
1153
1179
1154
1164
1169
1182
1154
1165
1153
1181
1154
1154
1153
1157
1154
1153
1154
1154
1162
1154
1168
1154
1164
1153
1154
1154
1155
1154
1153
1178
1153
1162
1156
1171
1154
1153
1153
1153
1160
1171
1178
1154
1170
1154
1162
1158
1174
1153
1154
1155
1154
1155
1153
1177
1154
1164
1161
1174
1156
1166
1153
1154
1154
1153
1153
1153
1161
1156
1174
1154
1166
1154
1176
1154
1154
1153
1158
1162
1153
1172
1153
1164
1153
1155
1154
1155
1153
1154
1171
1155
1161
1154
1173
1154
1153
1154
1160
1154
1153
1161
1153
1163
1155
1163
1154
1164
1153
1153
1156
1153
1154
1154
1230
1153
1172
1154
1163
1154
1174
1154
1154
1154
1154
1154
1154
1163
1153
1173
1154
1163
1153
1166
1153
1154
1153
1154
1154
1154
1163
1154
1165
1154
1169
1154
1154
1153
1155
1154
1153
1177
1153
1163
1154
1163
1154
1154
1153
1153
1183
1156
1167
1158
1182
1154
1165
1161
1177
1160
1179
1153
1154
1155
1154
1154
1154
1163
1159
1181
1154
1163
1153
1154
1154
1153
1156
1159
1176
1154
1162
1153
1172
1154
1153
1154
1160
1154
1154
1166
1154
1165
1154
1163
1154
1158
1154
1153
1153
1154
1184
1153
1164
1154
1165
1154
1163
1154
1155
1154
1154
1163
1155
1181
1153
1165
1154
1164
1154
1153
1154
1154
1154
1155
1164
1154
1163
1154
1163
1154
1153
1154
1157
1166
1154
1172
1153
1165
1153
1154
1153
1155
1154
1153
1184
1154
1163
1153
1177
1154
1164
1154
1154
1153
1154
1154
1153
1180
1153
1163
1153
1176
1154
1153
1154
1154
1170
1160
1163
1153
1184
1154
1154
1154
1221
1154
1153
1154
1156
1163
1153
1168
1154
1165
1153
1153
1153
1157
1163
1154
1185
1154
1164
1154
1154
1154
1157
1154
1153
1166
1153
1163
1153
1169
1154
1154
1154
1154
1153
1153
1166
1153
1183
1154
1170
1154
1178
1153
1154
1153
1154
1181
1155
1167
1153
1177
1154
1153
1153
1155
1154
1154
1180
1158
1167
1154
1176
1154
1154
1154
1153
1154
1157
1167
1153
1176
1153
1164
1155
1154
1154
1157
1154
1154
1174
1155
1165
1153
1189
1153
1154
1155
1153
1154
1154
1163
1154
1162
1171
1164
1154
1154
1154
1153
1156
1154
1163
1170
1173
1154
1164
1153
1174
1154
1153
1154
1154
1173
1160
1165
1154
1161
1154
1155
1154
1154
1189
1159
1169
1153
1174
1154
1154
1154
1154
1198
1155
1158
1154
1163
1153
1175
1153
1154
1153
1154
1154
1154
1153
1154
1190
1153
1162
1154
1166
1156
1164
1155
1166
1154
1164
1159
1180
1175
1153
1154
1154
1156
1153
1163
1153
1220
1160
1171
1154
1154
1154
1153
1154
1153
1202
1159
1182
1153
1162
1154
1177
1154
1154
1170
1156
1169
1156
1171
1154
1179
1154
1154
1170
1155
1154
1153
1164
1153
1163
1156
1154
1154
1153
1159
1153
1184
1155
1174
1154
1167
1154
1170
1159
1154
1153
1153
1173
1154
1166
1154
1192
1156
1154
1153
1153
1159
1153
1154
1154
1162
1156
1173
1153
1164
1154
1153
1153
1153
1154
1155
1173
1154
1163
1154
1182
1154
1154
1154
1153
1154
1154
1173
1154
1162
1154
1161
1153
1153
1153
1154
1153
1154
1176
1155
1164
1154
1180
1157
1167
1155
1154
1154
1154
1175
1154
