125
125
125
125
126
125
126
125
126
125
125
125
125
125
125
125
125
125
125
125
125
125
125
126
125
125
126
125
125
137
128
125
129
126
126
125
125
125
125
185
126
125
128
125
125
124
125
125
124
125
125
126
125
125
125
142
125
125
126
125
125
125
125
125
125
125
125
125
125
125
125
138
125
125
125
125
125
125
124
125
125
125
127
125
125
125
125
125
125
125
125
125
125
126
125
125
140
127
125
125
125
125
125
125
125
125
124
124
125
125
125
125
125
125
125
125
125
125
125
125
125
125
125
125
128
125
125
125
125
125
125
128
125
125
125
125
125
125
124
128
125
125
125
125
125
124
125
125
125
125
125
140
126
127
126
125
125
125
125
125
125
125
125
125
125
125
125
179
124
125
125
125
125
125
125
125
125
124
125
125
124
125
125
125
124
125
125
126
125
125
125
124
129
125
125
125
124
181
128
126
125
125
128
125
125
125
126
125
125
125
125
125
125
124
125
125
125
124
125
125
125
125
125
125
125
125
125
125
125
126
125
125
125
125
125
125
125
125
125
126
125
125
125
125
140
125
125
125
125
125
125
125
124
124
125
125
125
125
125
125
126
125
126
125
125
142
125
125
125
125
125
125
126
125
125
128
137
125
125
124
125
126
124
130
125
125
125
125
125
125
125
126
125
125
125
125
135
125
126
125
125
125
127
126
140
125
140
125
125
125
125
135
125
126
125
125
125
125
125
125
125
126
132
129
126
125
125
125
125
125
125
125
180
125
125
126
124
125
124
125
125
125
125
125
125
125
124
125
125
125
125
125
125
125
126
131
125
125
125
125
125
125
126
125
125
125
126
125
125
125
138
126
125
125
125
125
125
126
125
125
125
125
125
125
125
127
125
125
126
125
125
125
125
126
125
125
125
125
125
125
125
126
125
125
125
125
126
125
126
125
125
125
125
125
125
125
125
125
125
125
127
125
125
125
125
125
126
126
125
125
125
125
124
125
125
125
126
125
141
125
125
126
125
125
125
125
125
125
126
125
124
127
125
125
150
125
126
125
125
125
126
124
125
124
125
125
126
126
125
126
134
125
125
125
126
125
125
125
125
125
125
137
125
125
125
124
125
125
125
125
125
125
125
125
126
125
125
125
125
126
125
125
125
125
124
124
125
125
140
125
125
125
125
125
126
125
125
125
125
125
125
125
125
125
125
125
125
125
125
126
125
125
125
126
125
125
125
126
126
125
125
126
125
125
125
125
125
124
125
124
125
124
126
125
125
125
125
125
125
125
125
127
126
125
125
125
125
125
125
125
125
125
125
140
125
125
125
125
125
125
126
125
126
126
177
124
125
125
125
139
126
126
125
125
125
125
124
125
128
126
125
127
125
125
124
125
125
125
125
125
126
125
125
126
125
125
125
125
125
125
125
125
125
125
125
125
125
126
125
125
125
125
125
125
125
125
125
125
125
125
125
126
125
125
125
125
125
125
125
125
125
125
126
125
125
125
125
125
125
125
125
128
125
125
125
125
125
125
125
125
125
125
125
125
126
125
127
125
124
125
124
125
125
125
125
125
125
125
126
125
125
125
126
125
125
125
125
127
125
125
125
125
126
125
126
125
125
125
137
125
125
125
125
125
125
125
125
126
127
125
125
125
124
125
125
125
125
125
124
125
125
124
124
125
174
126
125
127
125
125
130
126
126
125
126
125
125
125
125
125
166
125
125
125
125
126
125
125
125
125
125
125
125
126
125
125
125
125
125
125
126
138
125
125
125
125
125
124
125
125
125
125
125
125
126
126
125
125
124
125
126
126
125
125
124
126
128
125
128
166
125
125
124
125
137
126
125
125
126
125
125
125
125
125
125
125
124
125
125
125
125
125
125
125
126
125
125
126
125
125
125
125
125
125
125
125
125
125
125
125
125
126
125
124
124
124
125
124
125
125
125
125
124
124
127
125
137
125
125
125
125
125
125
126
125
125
125
147
128
126
126
125
139
125
125
125
125
125
125
125
125
125
125
125
126
125
125
125
125
125
126
125
125
125
124
125
125
125
125
125
126
125
125
126
125
125
125
125
125
125
124
127
126
125
125
125
125
125
125
125
125
125
125
125
125
125
125
125
125
125
125
125
126
125
125
124
125
125
125
125
125
125
125
125
126
125
126
125
125
125
125
125
125
125
125
125
165
125
124
124
125
138
125
125
125
126
125
125
125
125
125
124
126
125
125
127
125
125
125
125
125
126
125
125
124
125
125
138
125
125
125
127
125
125
125
125
125
125
125
125
125
125
125
125
124
125
125
125
125
124
125
125
125
126
125
125
125
125
125
125
125
125
126
125
124
125
125
125
125
125
125
125
125
134
125
127
126
125
125
126
125
127
125
125
125
125
126
125
125
125
124
125
125
125
125
125
125
125
125
125
125
125
125
125
134
128
125
126
125
125
125
126
125
125
125
125
125
125
125
125
125
125
125
125
131
125
125
125
125
125
169
126
126
126
125
125
125
125
125
125
125
125
125
125
126
125
125
125
125
126
125
125
125
126
125
125
125
125
125
125
125
138
126
125
125
125
126
125
125
125
125
125
125
125
125
126
125
125
125
125
125
168
125
125
125
129
125
125
125
125
125
160
127
125
125
125
138
125
125
125
124
125
125
125
124
125
125
125
126
126
125
125
125
125
126
125
125
152
125
125
124
125
124
125
126
125
125
125
125
125
125
126
125
125
125
125
125
125
124
125
125
124
125
125
171
126
125
125
125
125
125
125
125
125
125
125
125
125
124
124
136
125
125
125
124
125
125
125
125
125
126
147
125
125
125
125
125
125
124
124
125
125
125
125
125
125
125
135
126
125
125
125
125
125
125
126
125
125
174
131
125
125
125
127
125
125
124
125
125
125
125
125
125
124
135
125
125
124
127
125
125
125
124
125
125
125
125
126
125
125
135
125
126
125
125
125
125
124
124
124
125
125
124
125
125
125
137
125
125
125
125
125
126
126
125
125
125
135
125
125
125
125
125
125
125
125
127
125
125
125
126
125
125
125
125
125
125
