1296
1282
1318
1282
1291
1294
1294
1282
1291
1282
1293
1282
1290
1283
1302
1284
1292
1282
1293
1284
1294
1282
1291
1283
1305
1283
1291
1282
1282
1282
1283
1287
1289
1282
1282
1283
1283
1282
1282
1283
1282
1283
1282
1296
1283
1293
1282
1299
1283
1294
1282
1303
1283
1291
1282
1304
1282
1298
1283
1302
1282
1294
1283
1303
1282
1296
1283
1306
1292
1294
1323
1305
1282
1297
1283
1301
1283
1292
1286
1306
1282
1296
1283
1305
1283
1293
1282
1303
1282
1283
1283
1289
1282
1294
1282
1304
1282
1296
1282
1283
1288
1282
1283
1282
1282
1282
1281
1281
1288
1282
1282
1282
1282
1283
1282
1282
1282
1282
1282
1283
1283
1283
1282
1283
1282
1288
1282
1282
1305
1283
1297
1284
1303
1282
1292
1282
1301
1284
1295
1282
1302
1283
1296
1283
1304
1282
1294
1282
1283
1283
1284
1288
1283
1282
1283
1284
1282
1282
1282
1283
1282
1293
1282
1297
1283
1301
1282
1293
1289
1305
1282
1294
1282
1305
1282
1291
1283
1302
1281
1288
1294
1282
1311
1282
1315
1282
1294
1289
1293
1282
1291
1282
1294
1283
1292
1282
1330
1282
1291
1283
1302
1282
1293
1283
1290
1300
1299
1282
1291
1282
1282
1283
1282
1285
1282
1282
1283
1284
1282
1282
1282
1283
1299
1283
1283
1283
1282
1290
1282
1309
1286
1293
1282
1298
1282
1293
1282
1306
1282
1308
1283
1306
1282
1294
1282
1304
1282
1295
1282
1302
1282
1290
1282
1308
1282
1282
1298
1282
1283
1283
1283
1283
1282
1282
1285
1282
1291
1282
1311
1282
1290
1283
1302
1302
1294
1282
1302
1282
1288
1283
1308
1282
1307
1282
1293
1374
1294
1281
1290
1282
1321
1282
1291
1282
1312
1281
1298
1283
1293
1283
1293
1282
1290
1282
1282
1282
1284
1299
1283
1282
1282
1282
1284
1282
1282
1286
1283
1282
1283
1282
1283
1303
1282
1295
1300
1305
1282
1292
1283
1310
1283
1296
1287
1320
1282
1291
1283
1306
1282
1295
1282
1287
1283
1282
1282
1282
1283
1282
1283
1282
1300
1283
1282
1282
1294
1282
1306
1282
1296
1282
1301
1282
1303
1282
1296
1282
1303
1299
1294
1282
1306
1283
1295
1283
1304
1285
1293
1283
1302
1282
1282
1282
1282
1282
1300
1282
1282
1282
1282
1283
1282
1296
1287
1282
1282
1284
1282
1283
1282
1282
1282
1346
1296
1283
1320
1283
1282
1299
1282
1294
1282
1307
1299
1293
1283
1302
1289
1294
1282
1296
1283
1305
1282
1293
1283
1304
1282
1296
1285
1306
1282
1292
1282
1286
1282
1282
1283
1282
1282
1282
1284
1282
1284
1282
1306
1282
1294
1282
1304
1282
1295
1282
1310
1282
1292
1282
1303
1283
1293
1286
1306
1283
1291
1283
1303
1282
1283
1282
1282
1282
1285
1282
1282
1282
1282
1283
1295
1283
1282
1282
1282
1283
1285
1282
1282
1303
1283
1294
1285
1303
1282
1293
1283
1318
1283
1293
1282
1301
1282
1292
1284
1322
1281
1293
1284
1314
1282
1296
1282
1305
1285
1297
1282
1293
1282
1299
1290
1302
1286
1294
1282
1307
1283
1295
1282
1305
1282
1285
1283
1284
1282
1282
1282
1283
1282
1286
1282
1282
1282
1282
1305
1286
1295
1282
1307
1283
1293
1284
1300
1282
1294
1282
1301
1284
1300
1282
1290
1282
1282
1284
1282
1285
1282
1282
1282
1284
1282
1282
1282
1282
1283
1284
1282
1283
1282
1282
1282
1292
1285
1313
1294
1282
1342
1297
1295
1286
1332
1282
1299
1282
1333
1287
1283
1282
1316
1283
1320
1282
1282
1282
1282
1282
1282
1282
1283
1282
1291
1289
1308
1282
1291
1283
1300
1289
1290
1282
1293
1282
1288
1283
1290
1282
1302
1282
1297
1299
1290
1284
1298
1282
1291
1283
1314
1299
1295
1282
1307
1289
1291
1282
1297
1283
1291
1283
1294
1281
1303
1282
1293
1284
1316
1282
1291
1288
1310
1282
1291
1282
1282
1282
1283
1282
1282
1282
1283
1282
1284
1298
1282
1283
1282
1282
1283
1293
1282
1298
1283
1282
1283
1282
1282
1282
1283
1285
1299
1282
1283
1306
1282
1289
1282
1306
1299
1293
1282
1297
1302
1292
1281
1291
1285
1316
1282
1296
1282
1302
1282
1291
1283
1319
1282
1290
1282
1307
1282
1295
1282
1298
1282
1299
1282
1305
1282
1282
1284
1290
1283
1282
1282
1282
1360
1297
1282
1290
1284
1293
1282
1298
1282
1293
1282
1306
1292
1293
1282
1294
1282
1282
1284
1282
1282
1281
1282
1282
1284
1282
1282
1282
1282
1286
1284
1282
1306
1283
1292
1282
1309
1282
1294
1282
1305
1282
1293
1282
1305
1282
1299
1295
1285
1306
1282
1292
1295
1309
1323
1322
1284
1296
1282
1302
1283
1292
1282
1296
1282
1298
1282
1293
1282
1291
1282
1301
1281
1295
1282
1301
1283
1293
1287
1302
1283
1294
1282
1306
1282
1292
1282
1302
1282
1299
1286
1305
1282
1293
1282
1302
1282
1282
1284
1283
1282
1283
1282
1282
1282
1282
1282
1295
1282
1282
1283
1282
1303
1283
1291
1282
1315
1282
1295
1282
1292
1282
1291
1282
1307
1282
1291
1282
1299
1283
1290
1283
1304
1282
1294
1282
1300
1282
1291
1282
1307
1290
1293
1282
1283
1282
1283
1282
1283
1282
1283
1282
1282
1282
1282
1282
1282
1283
1284
1283
1282
1283
1282
1302
1283
1293
1283
1292
1282
1303
1283
1291
1282
1295
1282
1305
1283
1292
1283
1305
1282
1296
1282
1331
1283
1295
1289
1305
1282
1297
1282
1332
1282
1311
1282
1291
1282
1319
1282
1292
1288
1297
1283
1302
1282
1309
1282
1296
1284
1303
1282
1291
1282
1303
1282
1297
1282
1317
1283
1294
1282
1298
1281
1296
1283
1285
1282
1283
1283
1282
1283
1282
1283
1283
1286
1282
1284
1282
1282
1283
1283
1282
1286
1283
1308
1282
1292
1282
1297
1282
1311
1286
1294
1283
1301
1282
1296
1283
1305
1286
1294
1283
1301
1283
1295
1282
1303
1282
1295
1283
1301
1282
1305
1282
1292
1298
1314
1282
1290
1283
1282
1282
1282
1282
1282
1288
1282
1282
1282
1283
1282
1282
1282
1285
1283
1284
1282
1282
1282
1290
1282
1290
1285
1308
1282
1290
1283
1302
1282
1292
1288
1310
1282
1295
1282
1302
1282
1292
1282
1314
1282
1298
1282
1292
1282
1293
1282
1288
1283
1282
1282
1284
1282
1282
1283
1283
1288
1283
1282
1282
1282
1282
1282
1284
1289
1282
1295
1282
1303
1282
1293
1282
1304
1288
1297
1282
1314
1283
1291
1282
1301
1287
1297
1282
1298
1282
1293
1283
1307
1282
1302
1282
1311
1282
1293
1282
1304
1282
1293
1283
1282
1282
1283
1283
1282
1282
1282
1288
1282
1282
1283
1282
1282
1283
1282
1313
1283
1294
1282
1304
1282
1293
1283
1307
1289
1306
1282
1304
1284
1293
1282
1306
1285
1293
1282
1303
1282
1293
1282
1306
1283
1298
1282
1283
1282
1283
1283
1282
1282
1282
1282
1282
1282
1282
1292
1283
1303
1282
1330
1282
1292
1289
1291
1282
1294
1282
1301
1284
1329
1282
1318
1282
1298
1282
1305
1293
1307
1282
1291
1282
1301
1281
1291
1283
1291
1283
1314
1284
1295
1282
1307
1283
1295
1284
1308
1282
1294
1282
1304
1284
1287
1283
1282
1282
1283
1282
1282
1282
1283
1287
1283
1285
1282
1282
1283
1283
1282
1309
1283
1292
1282
1304
1282
1293
1282
1304
1286
1291
1282
1306
1282
1291
1281
1301
1286
1292
1282
1304
1282
1290
1284
1301
1282
1295
1282
1304
1284
1292
1282
1301
1282
1286
1284
1282
1282
1283
1282
1282
1284
1282
1286
1282
1283
1282
1284
1282
1282
1281
1296
1282
1312
1282
1291
1282
1301
1282
1292
1286
1307
1283
1291
1282
1303
1282
1291
1284
1306
1282
1293
1282
1303
1282
1291
1282
1300
1282
1303
1282
1282
1282
1284
1282
1282
1282
1282
1283
1282
1287
1284
1282
1283
1287
1283
1282
1282
1282
1282
1284
1282
1287
1282
1282
1282
1302
1282
1291
1283
