1431
1411
1419
1410
1435
1418
1450
1411
1410
1420
1411
1428
1410
1426
1410
1435
1412
1410
1410
1411
1417
1420
1411
1411
1437
1411
1439
1423
1420
1413
1432
1411
1421
1410
1424
1412
1411
1411
1413
1416
1411
1427
1411
1431
1411
1420
1411
1431
1410
1421
1410
1421
1413
1411
1410
1411
1410
1410
1429
1410
1430
1410
1434
1411
1420
1411
1420
1411
1474
1413
1421
1413
1411
1422
1411
1411
1417
1419
1411
1420
1411
1432
1413
1420
1416
1428
1411
1421
1412
1439
1411
1426
1416
1413
1411
1411
1411
1411
1410
1411
1425
1411
1432
1411
1421
1410
1431
1411
1425
1411
1421
1411
1438
1411
1419
1411
1437
1410
1421
1411
1411
1413
1411
1410
1417
1411
1410
1413
1411
1422
1411
1450
1416
1430
1417
1420
1416
1411
1411
1411
1416
1411
1421
1414
1425
1410
1422
1410
1432
1411
1420
1443
1411
1411
1413
1411
1411
1420
1410
1426
1411
1419
1411
1429
1411
1423
1410
1425
1410
1419
1413
1415
1410
1411
1411
1411
1413
1411
1424
1417
1411
1415
1421
1414
1439
1410
1441
1410
1427
1442
1413
1416
1411
1411
1411
1412
1417
1454
1410
1424
1410
1420
1411
1428
1414
1421
1416
1432
1411
1421
1410
1423
1414
1412
1411
1416
1411
1410
1425
1411
1424
1411
1419
1411
1433
1411
1422
1411
1431
1411
1420
1411
1431
1410
1421
1411
1434
1411
1420
1410
1413
1411
1410
1411
1412
1412
1411
1411
1411
1411
1411
1412
1410
1428
1411
1424
1410
1419
1410
1429
1411
1438
1413
1416
1411
1435
1411
1410
1417
1411
1411
1411
1411
1412
1432
1410
1420
1410
1434
1413
1419
1410
1433
1411
1422
1410
1430
1411
1419
1411
1433
1410
1413
1411
1411
1418
1411
1419
1411
1418
1410
1433
1411
1419
1410
1430
1412
1421
1411
1424
1410
1422
1411
1428
1411
1411
1415
1411
1413
1411
1411
1411
1417
1413
1421
1411
1429
1410
1418
1412
1423
1411
1427
1411
1420
1410
1429
1410
1418
1410
1437
1411
1411
1411
1410
1411
1411
1418
1411
1436
1411
1420
1411
1434
1411
1420
1411
1434
1411
1421
1411
1427
1411
1420
1411
1419
1411
1431
1413
1411
1411
1411
1411
1413
1413
1410
1419
1411
1422
1411
1430
1413
1431
1410
1429
1412
1420
1411
1442
1415
1420
1412
1430
1411
1419
1411
1433
1415
1411
1410
1410
1411
1413
1410
1431
1414
1412
1410
1411
1411
1410
1411
1420
1443
1413
1422
1410
1421
1410
1437
1410
1425
1411
1411
1411
1411
1410
1411
1429
1411
1423
1411
1453
1411
1420
1421
1418
1411
1433
1451
1411
1422
1413
1422
1416
1427
1410
1426
1411
1437
1411
1410
1414
1411
1411
1411
1411
1411
1410
1410
1423
1411
1420
1410
1432
1411
1423
1411
1432
1411
1420
1411
1434
1411
1419
1411
1433
1411
1411
1411
1411
1411
1411
1410
1414
1416
1410
1420
1410
1428
1411
1419
1415
1430
1411
1419
1411
1432
1411
1419
1414
1430
1411
1423
1411
1411
1410
1411
1414
1412
1417
1410
1421
1410
1428
1411
1422
1411
1419
1411
1432
1411
1418
1411
1421
1411
1411
1411
1410
1411
1411
1417
1414
1434
1410
1419
1410
1421
1411
1427
1413
1421
1413
1429
1411
1411
1411
1411
1413
1411
1410
1411
1428
1412
1418
1410
1424
1410
1432
1411
1421
1411
1428
1411
1421
1410
1421
1411
1411
1411
1413
1410
1418
1416
1411
1434
1411
1421
1411
1423
1410
1431
1411
1411
1414
1429
1421
1438
1433
1411
1421
1411
1430
1410
1428
1410
1424
1411
1411
1411
1411
1411
1411
1411
1411
1411
1411
1430
1411
1421
1410
1436
1410
1425
1411
1432
1410
1421
1411
1430
1411
1424
1411
1411
1410
1411
1416
1411
1433
1411
1424
1411
1429
1411
1458
1411
1424
1414
1410
1411
1411
1411
1414
1422
1410
1420
1412
1420
1411
1422
1414
1435
1413
1421
1411
1425
1411
1421
1414
1411
1410
1411
1410
1413
1422
1411
1438
1411
1422
1410
1429
1411
1421
1411
1438
1425
1423
1411
1431
1411
1423
1411
1416
1411
1410
1411
1410
1421
1411
1432
1415
1422
1410
1427
1411
1421
1411
1435
1412
1411
1411
1415
1411
1410
1411
1411
1420
1411
1430
1411
1420
1411
1431
1410
1423
1411
1430
1411
1419
1412
1441
1412
1432
1411
1419
1411
1410
1411
1411
1411
1416
1411
1411
1411
1410
1410
1411
1420
1415
1439
1411
1420
1411
1422
1411
1430
1414
1422
1411
1438
1411
1411
1412
1411
1415
1411
1411
1411
1424
1411
1429
1411
1423
1412
1427
1411
1423
1411
1429
1412
1420
1410
1411
1411
1411
1410
1411
1433
1411
1413
1411
1413
1426
1410
1434
1410
1430
1411
1419
1411
1420
1410
1453
1419
1411
1411
1411
1411
1411
1411
1426
1414
1410
1429
1411
1419
1411
1429
1432
1420
1411
1440
1410
1420
1410
1433
1426
1424
1410
1426
1410
1411
1411
1410
1426
1419
1432
1411
1422
1412
1430
1411
1436
1414
1430
1412
1420
1411
1432
1411
1436
1414
1411
1411
1411
1412
1411
1421
1427
1433
1411
1422
1410
1415
1410
1433
1427
1728
1410
1410
1411
1411
1412
1411
1483
1417
1478
1413
1423
1411
1419
1411
1420
1414
1411
1411
1411
1411
1412
1411
1411
1414
1427
1423
1411
1419
1411
1434
1411
1426
1411
1424
1411
1423
1410
1445
1411
1424
1411
1419
1410
1412
1410
1411
1410
1415
1413
1410
1443
1411
1418
1411
1432
1414
1420
1419
1419
1415
1419
1410
1435
1410
1410
1410
1411
1410
1411
1431
1410
1422
1419
1420
1410
1419
1411
1421
1418
1419
1411
1411
1411
1411
1411
1411
1411
1411
1411
1411
1418
1411
1419
1411
1429
1411
1419
1410
1420
1411
1419
1410
1441
1410
1422
1410
1425
1411
1411
1411
1411
1411
1411
1410
1410
1411
1411
1411
1411
1423
1411
1419
1410
1429
1410
1420
1411
1423
1411
1419
1411
1410
1411
1411
1416
1411
1411
1412
1431
1411
1426
1412
1435
1410
1420
1411
1423
1411
1424
1411
1414
1411
1411
1411
1411
1411
1411
1411
1414
1423
1411
1418
1411
1435
1410
1420
1413
1431
1411
1422
1411
1435
1411
1419
1411
1431
1413
1421
1410
1411
1411
1422
1413
1410
1419
1410
1433
1413
1420
1410
1433
1411
1420
1411
1430
1411
1422
1411
1435
1411
1411
1410
1410
1410
1413
1410
1413
1411
1411
1421
1411
1427
1411
1420
1411
1429
1411
1422
1411
1420
1411
1450
1416
1419
1410
1427
1412
1411
1410
1412
1418
1410
1429
1411
1419
1411
1418
1411
1480
1410
1420
1417
1420
1412
1428
1417
1417
1411
1412
1411
1410
1430
1411
1421
1422
1433
1410
1419
1410
1429
1411
1419
1416
1430
1411
1412
1411
1411
1411
1412
1417
1410
1410
1410
1419
1411
1421
1411
1436
1410
1425
1411
1429
1411
1420
1411
1442
1411
1423
1411
1430
1411
1420
1412
1437
1411
1424
1410
1411
1411
1410
1411
1411
1411
1413
1411
1410
1420
1411
1419
1413
1433
1411
1420
1411
1430
1411
1426
1419
1436
1411
1412
1410
1411
1411
1411
1415
1410
1418
1411
1430
1411
1421
1412
1432
1411
1420
1413
1419
1411
1434
1411
1415
1412
1411
1411
1411
1411
1411
1436
1414
1421
1411
1432
1412
1420
1410
1435
1414
1421
1411
1430
1410
1411
1411
1411
1414
1411
1411
1410
1427
1412
1430
1412
1436
1411
1420
1410
1423
1416
1411
1412
1415
1410
1410
1430
1411
1423
1411
1432
1413
1421
1411
1430
1411
1423
1411
1419
1417
1432
1411
1419
1410
1411
1413
1411
1414
1411
1411
1411
1411
1410
1429
1411
1426
1417
1432
1410
1423
1411
1430
1411
1422
1410
1411
1411
1416
1410
1411
1420
1411
1430
1411
1431
1410
1420
1411
1440
1414
1422
1410
1411
1410
1411
1411
1421
1435
1411
1426
1411
1434
1410
1424
1416
1420
1411
1426
1411
1419
1412
1449
1416
1411
1411
1411
1413
1410
1422
1411
1440
1412
1424
1411
1422
1411
1420
1412
1465
1410
