1541
1559
1541
1548
1554
1539
1564
1541
1591
1539
1561
1541
1541
1564
1539
1556
1539
1550
1541
1559
1540
1539
1549
1544
1549
1539
1552
1539
1540
1539
1549
1560
1539
1548
1540
1559
1539
1547
1548
1539
1582
1540
1551
1540
1540
1539
1539
1564
1556
1548
1539
1561
1540
1539
1563
1556
1549
1539
1561
1541
1551
1539
1539
1556
1539
1551
1539
1548
1539
1560
1539
1551
1539
1539
1550
1541
1565
1539
1565
1539
1542
1546
1541
1560
1541
1577
1543
1538
1539
1541
1551
1539
1563
1540
1551
1540
1539
1552
1539
1549
1555
1552
1539
1565
1542
1539
1558
1539
1553
1539
1568
1542
1541
1540
1539
1568
1541
1559
1539
1551
1539
1541
1540
1544
1551
1539
1565
1539
1553
1539
1555
1548
1541
1559
1541
1549
1539
1577
1539
1540
1558
1539
1552
1540
1561
1557
1550
1540
1540
1542
1540
1563
1540
1550
1539
1557
1539
1541
1542
1540
1564
1540
1557
1539
1553
1539
1557
1539
1539
1560
1539
1548
1542
1553
1540
1574
1540
1540
1539
1572
1539
1555
1539
1562
1544
1609
1558
1539
1550
1539
1548
1540
1542
1548
1539
1589
1539
1547
1540
1547
1546
1539
1550
1539
1549
1541
1549
1540
1539
1549
1541
1552
1540
1553
1545
1563
1539
1540
1558
1539
1551
1540
1550
1539
1553
1538
1540
1550
1539
1566
1539
1555
1540
1561
1539
1540
1560
1555
1554
1540
1548
1539
1548
1539
1541
1553
1539
1547
1539
1556
1539
1550
1546
1539
1550
1539
1558
1541
1557
1549
1539
1539
1539
1592
1540
1550
1542
1568
1539
1540
1556
1539
1554
1539
1559
1539
1549
1540
1559
1540
1540
1559
1539
1550
1540
1556
1540
1548
1539
1561
1539
1539
1554
1539
1550
1539
1556
1540
1539
1539
1540
1554
1540
1550
1542
1557
1540
1573
1546
1542
1559
1539
1552
1539
1564
1541
1539
1539
1539
1552
1540
1549
1539
1558
1540
1552
1539
1540
1551
1539
1563
1539
1550
1539
1563
1539
1546
1556
1539
1549
1539
1569
1540
1548
1540
1539
1545
1540
1556
1542
1553
1539
1561
1539
1541
1554
1539
1553
1540
1568
1539
1549
1541
1539
1542
1539
1552
1540
1549
1539
1554
1539
1542
1540
1540
1555
1540
1548
1539
1555
1540
1539
1539
1541
1549
1539
1557
1542
1550
1539
1540
1540
1539
1550
1542
1559
1539
1547
1539
1557
1546
1548
1561
1555
1549
1539
1540
1540
1555
1545
1539
1579
1539
1549
1543
1560
1539
1540
1540
1539
1548
1544
1555
1541
1560
1539
1540
1547
1539
1574
1555
1556
1539
1546
1539
1539
1561
1556
1552
1541
1560
1539
1539
1539
1546
1567
1540
1562
1539
1550
1539
1570
1539
1539
1554
1540
1551
1540
1557
1543
1570
1540
1539
1550
1539
1568
1543
1552
1539
1560
1541
1539
1548
1539
1554
1556
1567
1539
1549
1539
1540
1551
1540
1553
1539
1549
1542
1567
1539
1542
1568
1541
1648
1540
1553
1548
1545
1607
1539
1550
1540
1549
1540
1539
1551
1539
1566
1539
1548
1539
1551
1556
1539
1553
1539
1547
1539
1550
1544
1540
1539
1539
1551
1539
1548
1540
1557
1540
1539
1540
1540
1551
1539
1567
1540
1550
1539
1562
1540
1555
1563
1545
1550
1540
1558
1539
1539
1562
1545
1551
1540
1557
1540
1549
1540
1539
1556
1540
1559
1539
1548
1539
1555
1545
1540
1561
1539
1550
1540
1559
1540
1554
1539
1539
1539
1540
1549
1540
1567
1540
1554
1539
1559
1539
1582
1539
1543
1549
1543
1550
1539
1549
1539
1539
1548
1541
1551
1539
1552
1539
1560
1540
1539
1543
1539
1558
1540
1548
1539
1564
1542
1540
1539
1539
1550
1540
1563
1539
1554
1540
1555
1540
1540
1539
1540
1550
1539
1551
1539
1549
1539
1539
1539
1543
1563
1541
1549
1539
1558
1539
1543
1563
1539
1548
1539
1564
1539
1549
1541
1539
1559
1540
1553
1539
1558
1540
1546
1539
1539
1546
1539
1548
1539
1555
1539
1556
1546
1539
1539
1539
1572
1546
1550
1543
1539
1539
1539
1554
1550
1582
1540
1600
1539
1539
1549
1548
1550
1539
1546
1540
1539
1554
1542
1583
1540
1566
1539
1541
1539
1539
1555
1539
1554
1539
1549
1539
1539
1541
1539
1562
1539
1550
1539
1550
1539
1540
1553
1540
1559
1540
1549
1539
1560
1541
1539
1548
1539
1549
1541
1559
1541
1553
1539
1541
1552
1539
1549
1549
1565
1539
1540
1540
1539
1547
1540
1550
1539
1552
1539
1541
1540
1539
1552
1555
1557
1539
1551
1540
1540
1539
1541
1547
1539
1548
1539
1558
1540
1540
1549
1540
1559
1539
1605
1539
1549
1543
1540
1540
1544
1541
1558
1559
1553
1551
1545
1548
1539
1555
1539
1556
1542
1573
1539
1539
1558
1539
1551
1542
1563
1539
1540
1540
1539
1544
1539
1568
1539
1555
1540
1547
1542
1539
1541
1539
1556
1542
1549
1540
1549
1540
1573
1541
1540
1555
1539
1549
1541
1563
1546
1555
1552
1540
1539
1539
1551
1543
1561
1539
1552
1540
1560
1539
1540
1545
1539
1559
1540
1553
1539
1559
1543
1540
1541
1539
1544
1539
1560
1540
1553
1540
1558
1540
1540
1548
1540
1560
1539
1549
1541
1547
1539
1539
1539
1544
1568
1539
1548
1540
1561
1542
1551
1540
1540
1548
1541
1549
1539
1559
1548
1551
1540
1539
1539
1540
1560
1539
1550
1539
1559
1540
1542
1539
1539
1567
1539
1553
1539
1571
1540
1539
1563
1541
1552
1539
1560
1541
1550
1540
1547
1550
1539
1565
1540
1549
1540
1557
1543
1540
1539
1540
1550
1541
1549
1542
1558
1539
1552
1539
1539
1540
1539
1553
1539
1567
1539
1550
1540
1562
1541
1540
1574
1539
1550
1539
1559
1539
1553
1540
1539
1548
1540
1552
1540
1551
1540
1553
1540
1540
1542
1539
1562
1543
1553
1541
1549
1540
1562
1540
1540
1571
1540
1549
1539
1566
1542
1549
1543
1540
1540
1541
1561
1539
1551
1539
1571
1540
1540
1539
1539
1548
1539
1592
1540
1551
1542
1541
1548
1539
1583
1539
1555
1540
1540
1563
1540
1556
1543
1550
1539
1559
1541
1539
1556
1541
1548
1541
1564
1539
1539
1539
1540
1560
1540
1550
1540
1560
1541
1551
1540
1540
1547
1541
1559
1539
1551
1540
1566
1540
1539
1539
1540
1564
1542
1548
1539
1557
1539
1550
1539
1539
1539
1543
1550
1539
1560
1539
1551
1540
1539
1543
1539
1547
1540
1562
1540
1550
1543
1539
1542
1539
1551
1539
1560
1542
1555
1539
1559
1539
1539
1546
1540
1548
1539
1564
1539
1551
1540
1540
1540
1545
1549
1539
1566
1539
1550
1540
1560
1539
1539
1539
1541
1548
1540
1561
1542
1548
1539
1539
1539
1539
1546
1539
1567
1540
1551
1540
1562
1539
1539
1543
1540
1553
1540
1560
1544
1550
1544
1542
1552
1540
1556
1540
1548
1539
1550
1540
1540
1547
1539
1557
1540
1546
1543
1563
1540
1539
1539
1542
1548
1542
1563
1539
1550
1539
1539
1539
1539
1563
1540
1547
1539
1556
1540
1546
1540
1540
1547
1540
1549
1539
1557
1539
1554
1541
1539
1539
1539
1558
1539
1552
1539
1548
1539
1557
1542
1545
1540
1543
1548
1542
1562
1539
1547
1540
1541
1542
1540
1559
1540
1548
1539
1559
1543
1548
1540
1542
1547
1539
1551
1540
1553
1539
1559
1540
1539
1539
1540
1559
1540
1560
1547
1539
1539
1539
1610
1540
1598
1539
1549
1539
1539
1557
1547
1559
1539
1548
1539
1540
1539
1539
1545
1539
1550
1539
1556
1539
1540
1545
1539
1549
1539
1555
1540
1548
1539
1558
1540
1540
1548
1540
1557
1540
1554
1539
1552
1539
1540
1540
1539
1544
1545
1565
1539
1562
1540
1558
1539
1547
1557
1539
1547
1539
1549
1539
1539
1547
1540
1544
1539
1551
1539
1550
1543
1549
1539
1540
1547
1540
1551
1540
1562
1540
1550
1540
1561
1539
1539
1566
1539
1549
1540
1559
1538
1550
1539
1543
1548
1539
1562
1539
1549
1540
1556
1541
1539
1539
1540
