1681
1678
1674
1677
1693
1668
1673
1674
1668
1677
1670
1677
1694
1668
1685
1668
1704
1678
1668
1697
1668
1687
1686
1668
1682
1668
1688
1668
1672
1678
1668
1693
1669
1668
1670
1670
1688
1668
1679
1670
1668
1677
1670
1694
1669
1678
1668
1668
1676
1671
1688
1668
1668
1690
1670
1681
1668
1678
1676
1668
1693
1668
1678
1668
1668
1678
1668
1681
1668
1668
1693
1668
1679
1668
1668
1686
1667
1694
1673
1668
1682
1668
1677
1669
1689
1675
1667
1681
1669
1685
1668
1668
1686
1669
1681
1668
1668
1686
1669
1674
1667
1668
1686
1668
1678
1668
1668
1682
1668
1685
1668
1668
1690
1668
1685
1668
1668
1678
1668
1686
1667
1668
1686
1668
1682
1668
1669
1683
1668
1686
1668
1668
1685
1668
1678
1668
1686
1668
1668
1685
1667
1674
1669
1668
1679
1667
1687
1668
1668
1677
1667
1679
1667
1668
1682
1667
1686
1668
1668
1686
1667
1680
1667
1668
1677
1668
1689
1668
1668
1684
1667
1679
1668
1668
1677
1668
1675
1668
1680
1675
1667
1695
1668
1676
1683
1673
1677
1668
1671
1689
1673
1690
1669
1668
1677
1672
1713
1667
1668
1695
1669
1688
1668
1668
1678
1669
1676
1667
1668
1679
1669
1678
1667
1668
1677
1668
1699
1672
1668
1676
1668
1677
1668
1669
1681
1668
1679
1667
1695
1677
1684
1678
1667
1676
1674
1668
1676
1668
1682
1669
1668
1687
1668
1677
1669
1668
1672
1668
1675
1668
1667
1695
1667
1672
1669
1668
1675
1668
1680
1668
1686
1668
1668
1690
1667
1695
1667
1668
1679
1668
1688
1668
1668
1681
1667
1681
1667
1668
1689
1668
1681
1668
1668
1678
1668
1687
1670
1681
1723
1668
1680
1668
1687
1675
1668
1676
1668
1685
1671
1668
1695
1670
1677
1668
1687
1668
1667
1693
1668
1679
1668
1668
1686
1668
1684
1667
1668
1678
1668
1696
1668
1685
1685
1668
1677
1668
1683
1668
1672
1690
1668
1679
1668
1668
1687
1672
1679
1668
1686
1668
1668
1689
1672
1679
1668
1668
1686
1675
1676
1668
1669
1673
1680
1677
1668
1668
1675
1670
1676
1668
1677
1668
1670
1676
1668
1691
1668
1678
1685
1668
1675
1673
1691
1668
1668
1675
1668
1677
1673
1686
1668
1668
1686
1668
1795
1675
1673
1690
1667
1693
1668
1668
1684
1681
1685
1706
1668
1690
1668
1694
1668
1669
1681
1668
1677
1667
1671
1681
1668
1668
1677
1694
1694
1691
1668
1688
1668
1678
1668
1670
1682
1668
1687
1667
1668
1683
1668
1682
1668
1668
1676
1668
1686
1668
1678
1668
1667
1681
1668
1679
1668
1668
1680
1667
1677
1667
1668
1680
1668
1688
1672
1668
1677
1668
1686
1670
1683
1675
1668
1678
1673
1668
1678
1668
1685
1668
1680
1668
1668
1678
1668
1685
1668
1677
1668
1668
1678
1668
1685
1668
1676
1682
1668
1682
1667
1673
1668
1667
1683
1668
1685
1668
1680
1668
1668
1675
1668
1699
1668
1668
1683
1668
1676
1668
1689
1670
1668
1689
1668
1681
1668
1692
1671
1668
1681
1668
1676
1668
1668
1679
1668
1693
1668
1676
1668
1668
1681
1668
1675
1668
1675
1682
1668
1679
1668
1691
1683
1668
1679
1670
1679
1698
1703
1696
1674
1668
1694
1671
1679
1668
1668
1676
1668
1685
1680
1669
1685
1668
1685
1669
1668
1684
1669
1691
1670
1679
1668
1668
1700
1669
1682
1668
1688
1668
1669
1678
1667
1683
1668
1670
1677
1667
1678
1668
1694
1679
1668
1677
1670
1672
1687
1667
1710
1667
1685
1674
1668
1676
1668
1669
1676
1668
1703
1674
1668
1684
1684
1678
1668
1667
1673
1668
1709
1683
1668
1677
1668
1690
1668
1670
1697
1668
1678
1668
1691
1668
1668
1701
1667
1677
1668
1668
1677
1668
1694
1668
1669
1677
1668
1683
1668
1684
1684
1669
1677
1668
1668
1680
1668
1681
1668
1668
1697
1668
1676
1683
1681
1676
1668
1690
1668
1682
1683
1668
1676
1668
1702
1668
1668
1679
1668
1676
1667
1668
1674
1668
1679
1668
1668
1675
1668
1681
1667
1669
1680
1668
1679
1667
1668
1688
1675
1680
1672
1668
1673
1670
1701
1680
1668
1687
1668
1683
1668
1672
1681
1668
1678
1668
1668
1677
1671
1686
1668
1668
1687
1668
1678
1668
1680
1669
1668
1676
1668
1704
1668
1684
1674
1668
1681
1669
1668
1682
1668
1677
1670
1668
1675
1668
1675
1669
1668
1675
1668
1681
1668
1671
1675
1668
1688
1668
1676
1684
1668
1679
1668
1693
1667
1668
1687
1667
1678
1668
1668
1690
1668
1678
1667
1684
1687
1668
1678
1668
1668
1689
1684
1682
1668
1676
1668
1688
1675
1676
1697
1667
1676
1674
1670
1685
1668
1677
1670
1668
1677
1667
1687
1669
1668
1678
1669
1685
1671
1680
1688
1668
1682
1668
1688
1668
1669
1692
1670
1681
1668
1668
1677
1669
1678
1668
1668
1676
1670
1686
1668
1679
1668
1668
1676
1668
1687
1672
1668
1680
1668
1679
1670
1668
1680
1668
1694
1670
1678
1668
1668
1677
1669
1695
1668
1668
1685
1670
1678
1668
1692
1668
1670
1686
1668
1682
1668
1670
1677
1668
1699
1668
1679
1691
1668
1678
1668
1691
1668
1668
1693
1668
1680
1668
1668
1675
1668
1694
1668
1677
1668
1668
1687
1668
2004
1689
1678
1679
1668
1688
1684
1673
1690
1668
1681
1668
1670
1733
1672
1679
1668
1669
1677
1668
1680
1671
1669
1691
1667
1677
1668
1670
1684
1668
1688
1668
1677
1668
1668
1684
1668
1676
1668
1677
1668
1668
1693
1668
1680
1668
1668
1673
1668
1680
1668
1674
1680
1668
1676
1668
1680
1669
1668
1692
1668
1680
1669
1668
1677
1668
1694
1669
1676
1668
1669
1677
1669
1676
1667
1668
1675
1667
1683
1667
1668
1689
1668
1677
1669
1695
1669
1668
1674
1668
1694
1668
1671
1682
1669
1679
1668
1694
1668
1671
1676
1667
1677
1668
1668
1675
1669
1690
1669
1678
1668
1667
1683
1667
1681
1668
1670
1708
1668
1688
1668
1683
1675
1668
1692
1701
1681
1679
1668
1679
1668
1669
1675
1674
1681
1668
1683
1680
1668
1677
1668
1680
1668
1668
1678
1667
1689
1668
1668
1678
1668
1674
1668
1668
1676
1668
1686
1668
1668
1675
1675
1685
1668
1668
1682
1670
1676
1668
1668
1675
1669
1689
1667
1677
1682
1669
1676
1669
1699
1668
1670
1683
1668
1677
1668
1668
1677
1668
1677
1668
1668
1678
1668
1686
1669
1668
1688
1668
1679
1668
1668
1684
1668
1678
1670
1668
1680
1668
1690
1669
1678
1692
1670
1682
1677
1668
1677
1668
1690
1668
1668
1676
1668
1676
1668
1687
1668
1668
1684
1668
1685
1668
1668
1692
1667
1674
1668
1668
1677
1668
1685
1668
1668
1679
1668
1681
1668
1668
1682
1668
1676
1667
1668
1681
1669
1680
1668
1684
1670
1667
1676
1670
1686
1671
1674
1676
1668
1676
1668
1668
1676
1668
1676
1668
1668
1679
1668
1678
1668
1668
1672
1673
1678
1667
1668
1676
1668
1685
1668
1668
1673
1668
1698
1667
1668
1679
1668
1681
1667
1668
1676
1668
1684
1669
1679
1668
1668
1678
1668
1701
1670
1668
1682
1668
1678
1668
1708
1685
1667
1680
1667
1689
1668
1684
1692
1668
1683
1668
1668
1691
1685
1687
1668
1679
1668
1668
1680
1689
1701
1667
1668
1681
1668
1678
1684
1669
1680
1668
1689
1668
1678
1669
1669
1679
1668
1688
1669
1679
1668
1668
1678
1669
1689
1667
1668
1688
1669
1677
1668
1668
1678
1669
1688
1668
1668
1677
1669
1678
1668
1668
1677
1668
1694
1667
1678
1668
1669
1677
1668
1688
1669
1667
1680
1668
1688
1668
1668
1678
1668
1682
1674
1668
1673
1668
1679
1669
1668
1677
1668
1684
1669
1668
1692
1668
1681
1685
1668
1689
1668
1683
1670
1687
2036
1668
1681
1668
1668
1688
1696
1687
1679
1667
1705
1668
1689
1751
1678
1678
1668
1689
1668
1668
1729
1672
1692
1668
1668
1676
1668
1700
1672
