1819
1798
1807
1802
1812
1842
1831
1796
1805
1796
1798
1806
1797
1811
1811
1796
1810
1796
1796
1820
1796
1816
1806
1801
1814
1796
1813
1803
1796
1875
1814
1802
1864
1809
1811
1812
1850
1796
1814
1799
1796
1804
1798
1796
1808
1829
1805
1804
1797
1815
1796
1797
1837
1796
1804
1796
1802
1810
1796
1827
1808
1798
1806
1796
1796
1805
1804
1796
1805
1802
1809
1808
1797
1805
1797
1799
1810
1797
1812
1796
1797
1814
1796
1806
1807
1796
1806
1796
1796
1812
1796
1796
1808
1798
1813
1796
1801
1814
1798
1797
1807
1797
1816
1798
1797
1816
1797
1797
1810
1802
1816
1796
1798
1802
1797
1796
1812
1797
1808
1797
1797
1822
1802
1796
1819
1797
1806
1797
1796
1809
1796
1798
1808
1797
1804
1798
1804
1801
1797
1804
1811
1797
1826
1796
1797
1814
1800
1797
1807
1802
1808
1808
1797
1806
1798
1796
1810
1797
1818
1806
1796
1813
1799
1799
1819
1797
1806
1797
1799
1810
1796
1817
1805
1797
1816
1796
1801
1818
1796
1801
1796
1824
1805
1833
1814
1798
1796
1808
1796
1796
1806
1800
1815
1806
1797
1811
1796
1804
1828
1798
1806
1799
1796
1823
1796
1796
1809
1796
1808
1796
1797
1808
1796
1806
1805
1803
1810
1797
1820
1808
1798
1809
1809
1797
1817
1812
1797
1816
1803
1799
1806
1798
1822
1797
1797
1810
1796
1796
1825
1797
1808
1796
1796
1806
1796
1813
1804
1797
1810
1796
1796
1817
1802
1797
1808
1797
1805
1798
1815
1808
1797
1810
1797
1797
1808
1816
1798
1810
1802
1806
1797
1798
1823
1797
1874
1814
1802
1825
1797
1804
1819
1797
1797
1806
1797
1824
1796
1796
1807
1796
1824
1807
1813
1822
1798
1796
1806
1811
1802
1812
1796
1817
1796
1796
1820
1813
1797
1805
1797
1820
1797
1799
1836
1798
1797
1819
1796
1806
1800
1797
1807
1797
1799
1805
1796
1841
1797
1799
1831
1796
1796
1822
1812
1809
1796
1796
1808
1797
1825
1815
1796
1814
1796
1797
1818
1815
1809
1815
1797
1808
1798
1797
1825
1796
1806
1807
1796
1862
1798
1803
1816
1796
1797
1807
1798
1867
1811
1797
1805
1796
1796
1811
1800
1823
1805
1796
1827
1796
1835
1808
1796
1797
1805
1796
1821
1797
1796
1811
1796
1796
1807
1802
1828
1804
1797
1806
1803
1796
1812
1797
1806
1801
1796
1814
1796
1797
1815
1808
1797
1830
1822
1803
1826
1796
1797
1819
1802
1800
1816
1796
1812
1796
1796
1817
1798
1797
1812
1796
1805
1811
1812
1823
1797
1797
1814
1796
1813
1813
1796
1807
1797
1816
1797
1804
1822
1796
1796
1806
1798
1821
1796
1796
1816
1798
1808
1818
1802
1829
1796
1797
1806
1796
1821
1811
1812
1815
1814
1797
1812
1797
1806
1810
1796
1805
1796
1796
1817
1796
1809
1805
1796
1819
1796
1809
1811
1804
1808
1807
1796
1806
1797
1806
1806
1795
1812
1806
1797
1814
1796
1797
1814
1797
1806
1798
1798
1810
1797
1814
1805
1797
1817
1796
1801
1816
1796
1807
1818
1797
1813
1796
1797
1805
1797
1821
1809
1796
1811
1798
1807
1813
1803
1810
1798
1796
1805
1796
1813
1803
1798
1805
1796
1815
1806
1797
1819
1796
1799
1815
1796
1805
1802
1799
1806
1796
1797
1804
1799
1823
1797
1797
1806
1796
1806
1815
1797
1803
1796
1987
1806
1815
1808
1821
1797
1797
1813
1797
1809
1796
1801
1807
1796
1807
1796
1823
1868
1796
1813
1796
1796
1805
1804
1797
1806
1797
1812
1798
1796
1810
1796
1812
1808
1796
1831
1799
1799
1804
1797
1812
1803
1796
1820
1797
1797
1818
1797
1809
1824
1797
1807
1796
1796
1819
1797
1812
1815
1796
1806
1797
1797
1806
1800
1815
1798
1796
1808
1796
1806
1801
1797
1807
1797
1819
1806
1796
1823
1796
1798
1818
1796
1806
1800
1798
1821
1797
1812
1827
1798
1809
1797
1796
1825
1797
1807
1797
1800
1807
1796
1827
1804
1797
1815
1800
1797
1820
1796
1807
1797
1797
1805
1801
1796
1803
1796
1820
1816
1796
1811
1797
1797
1803
1796
1820
1796
1798
1825
1796
1796
1813
1816
1796
1836
1796
1819
1805
1807
1836
1809
1797
1805
1803
1806
1812
1796
1797
1815
1796
1806
1807
1797
1813
1796
1797
1808
1799
1815
1806
1798
1830
1796
1796
1819
1797
1808
1797
1797
1807
1797
1824
1807
1796
1817
1796
1797
1813
1803
1808
1797
1797
1805
1797
1813
1797
1797
1809
1796
1817
1805
1802
1815
1797
1796
1815
1796
1806
1802
1797
1809
1797
1815
1805
1797
1823
1797
1796
1817
1796
1805
1796
1830
1797
1806
1839
1859
1829
1797
1796
1811
1796
1805
1818
1796
1802
1796
1803
1802
1796
1810
1814
1800
1809
1796
1796
1805
1800
1796
1803
1797
1817
1796
1797
1809
1796
1805
1804
1797
1827
1800
1796
1810
1797
1806
1804
1796
1825
1796
1796
1810
1796
1804
1797
1797
1803
1796
1797
1804
1798
1817
1797
1797
1815
1802
1801
1808
1800
1806
1796
1797
1804
1797
1806
1800
1796
1805
1797
1796
1819
1797
1806
1796
1797
1806
1797
1812
1813
1796
1811
1796
1806
1815
1815
1802
1808
1797
1817
1824
1797
1818
1797
1797
1819
1797
1807
1830
1802
1808
1796
1797
1806
1796
1829
1802
1796
1815
1797
1806
1796
1813
1806
1796
1797
1804
1796
1813
1799
1797
1808
1796
1815
1806
1813
1821
1796
1796
1815
1797
1806
1813
1803
1809
1796
1816
1804
1797
1832
1802
1796
1819
1796
1806
1799
1796
1818
1796
1808
1813
1796
1823
1802
1798
1806
1796
1814
1805
1814
1824
1796
1797
1813
1798
1805
1835
1810
1811
1807
1797
1808
1838
1819
1843
1803
1796
1805
1801
1822
1813
1796
1829
1796
1796
1839
1806
1806
1811
1796
1806
1798
1812
1809
1796
1817
1806
1797
1808
1813
1798
1805
1797
1814
1797
1798
1822
1797
1808
1796
1798
1810
1814
1820
1807
1798
1817
1796
1796
1824
1802
1816
1797
1797
1821
1796
1855
1807
1797
1805
1796
1797
1805
1803
1867
1804
1796
1811
1798
1797
1817
1797
1805
1796
1797
1805
1797
1819
1806
1796
1814
1797
1797
1802
1796
1816
1804
1798
1819
1797
1802
1819
1796
1808
1796
1796
1806
1803
1813
1805
1796
1829
1796
1797
1820
1796
1806
1797
1796
1801
1797
1804
1803
1796
1811
1798
1797
1814
1797
1797
1805
1797
1817
1797
1803
1818
1797
1806
1816
1798
1806
1797
1797
1814
1797
1811
1814
1803
1808
1796
1796
1808
1797
1815
1802
1796
1816
1796
1797
1804
1797
1819
1812
1796
1806
1796
1796
1821
1796
1807
1816
1797
1807
1797
1802
1806
1798
1815
1796
1796
1813
1801
1797
1814
1796
1805
1797
1796
1808
1796
1817
1804
1796
1813
1801
1798
1815
1797
1805
1797
1797
1810
1797
1797
1804
1797
1814
1797
1822
1812
1804
1808
1807
1796
1802
1811
1797
1806
1798
1796
1809
1802
1796
1802
1796
1817
1796
1801
1802
1797
1797
1809
1797
1805
1802
1796
1823
1797
1796
1815
1797
1810
1796
1796
1815
1796
1801
1826
1796
1807
1821
1796
1805
1796
1808
1807
1796
1816
1806
1796
1813
1796
1797
1805
1797
1805
1805
1801
1806
1799
1797
1804
1796
1813
1810
1797
1813
1797
1798
1812
1797
1809
1797
1799
1804
1797
1822
1797
1799
1804
1797
1815
1804
1799
1817
1797
1797
1820
1797
1806
1797
1800
1803
1796
1820
1803
1796
1815
1800
1797
1804
1799
1811
1797
1797
1818
1798
1808
1815
1796
1805
1798
1796
1804
1796
1853
1821
1803
1817
1797
1797
1810
1796
1796
1813
1800
1807
1797
1796
1805
1797
1806
1806
1796
1812
1797
1797
1817
1800
1805
1804
1796
1817
1797
1813
1812
1796
1796
1805
1797
1827
1800
1796
1809
1796
1797
1804
1818
1826
1796
1796
1809
1797
1814
1820
1798
1822
1796
1796
1802
1796
1802
1805
1797
1816
1797
1797
1831
1805
1807
1804
1796
1825
