1962
1938
1925
1949
1955
1963
1965
1936
1925
1934
1943
1925
1934
1935
1925
1933
1944
1924
1937
1936
1926
1941
1939
1925
1935
1942
1924
1937
1946
1926
1937
1948
1925
1937
1973
1925
1938
1946
1925
1936
1938
1929
1950
1949
1925
1936
1945
1953
1938
1968
1953
1937
1956
1929
1932
1952
1955
1934
1934
1926
1947
1943
1958
1936
1939
1925
1938
1931
1926
1972
1926
1976
1935
1932
1925
1958
1925
1926
1936
1925
1925
1964
1925
1925
1932
1929
1925
1942
1925
1925
1933
1929
1944
1935
1941
1933
1931
1925
1937
1934
1940
1956
1932
1927
1953
1934
1925
1939
1953
1925
1947
1934
1926
1956
1938
1925
1950
1936
1926
1957
1938
1927
1943
1929
1925
1945
1925
1925
1941
1928
1927
1942
1941
1938
1944
1925
1931
1941
1940
1940
1933
1925
1952
1935
1925
1942
1933
1925
1947
1925
1925
1962
1927
1925
1954
1925
1925
1962
1925
1925
1953
1931
1925
1934
1925
1926
1933
1931
1925
1934
1925
1925
1932
1928
1925
1943
1925
1924
1935
1925
1935
1941
1929
1997
1938
1925
1935
1935
1925
1952
1933
1925
1936
1933
1925
1940
1933
1926
1933
1946
1925
1935
1932
1925
1934
1925
1926
1942
1931
1934
1931
1925
1940
1934
1925
1941
1925
1925
1931
1925
1925
1948
1926
1925
1941
1925
1934
1947
1925
1933
1942
1927
1933
1924
1930
1944
1925
1938
1935
1925
1935
1931
1925
1926
1935
1926
1925
1946
1925
1935
1944
1926
1934
1949
1925
1934
1925
1925
1944
1925
1925
1935
1927
1925
1936
1925
1941
1935
1925
1949
1936
1926
1936
1964
1926
1939
1925
1925
1951
1931
1937
1953
1925
1924
1948
1931
1943
1947
1925
1936
1934
1925
1950
1926
1925
1939
1925
1925
1947
1925
1925
1946
1927
1925
1946
1925
1938
1943
1925
1935
1942
1932
1939
1925
1925
1934
1927
1927
1944
1925
1926
1941
1925
1942
1953
1933
1926
1943
1925
1926
1951
1928
1925
1944
1925
1925
1947
1928
1926
1950
1925
1934
1945
1925
1935
1946
1925
1934
1937
1939
1935
1932
1925
1936
1925
1931
1938
1925
1925
1933
1925
1925
1941
1931
1948
1935
1925
1936
1947
1925
1941
1933
1925
1942
1936
1925
1951
1925
1926
1944
1925
1931
1947
1925
1925
1942
1925
1931
1944
1926
1933
1941
1925
1935
1937
1925
1935
1940
1928
1938
1951
1925
1936
1925
1925
1935
1932
1925
1925
1936
1941
1929
1937
1925
1927
1934
1931
1927
1948
1925
1925
1935
1925
1931
1930
1925
1925
1946
1925
1926
1948
1925
1927
1945
1926
1936
1935
1925
1938
1934
1925
1942
1944
1926
1950
1926
1925
1949
1927
1925
1941
1925
1925
1937
1927
1925
1949
1924
1926
1942
1925
1926
1934
1926
1925
1945
1925
1938
1944
1926
1938
1948
1926
1938
1945
1925
1940
1925
1925
1935
1926
1926
1937
1926
1925
1944
1925
1926
1946
1926
1935
1943
1925
1930
1934
1925
1949
1933
1927
1940
1944
1925
1938
1927
1925
1948
1925
1928
1937
1925
1925
1942
1931
1933
1949
1925
1935
1942
1931
1934
1933
1925
1942
1925
1926
1940
1925
1925
1931
1925
1925
1939
1926
1941
1934
1925
1943
1935
1925
1952
1925
1924
1929
1927
1931
1941
1926
1925
1938
1925
1938
1949
1927
1932
1948
1925
1932
1930
1925
1930
1925
1927
1935
1930
1925
1933
1925
1939
1931
1925
1947
1930
1925
1939
1934
1924
1937
1941
1925
1933
1925
1925
1940
1930
1936
1939
1937
1930
1952
1933
1925
1959
1947
1935
1937
1935
1924
1936
1925
1929
1940
1925
1926
1944
1925
1926
1946
1925
1926
1949
1925
1935
1949
1925
1934
1946
2038
1938
1951
1927
1936
1942
1925
1936
1946
1929
1936
1925
1926
1935
1925
1929
1935
1926
1925
1933
1925
1943
1934
1925
1942
1934
1925
1944
1939
1926
1942
1925
1925
1937
1925
1941
1942
1925
1925
1947
1925
1931
1947
1927
1925
1944
1925
1940
1946
1925
1935
1944
1926
1935
1941
1925
1934
1939
1925
1935
1929
1927
1936
1926
1924
1935
1928
1925
1949
1925
1926
1943
1925
1925
1936
1924
1926
1935
1925
1950
1939
1932
1925
1937
1925
1929
1957
1926
1929
1936
1925
1930
1970
1925
1925
1934
1926
1925
1936
1924
1925
1938
1925
1926
1939
1926
1925
1934
1925
1952
1945
1925
1931
1950
1927
1935
1938
1931
1943
1933
1925
1942
1932
1930
1952
1925
1925
1943
1925
1929
1944
1925
1925
1954
1925
1929
1942
1925
1935
1939
1925
1933
1949
1925
1934
1927
1925
1935
1927
1926
1944
1925
1925
1942
1927
1929
1953
1925
1937
1944
1925
1925
1940
1945
1926
1945
1992
1932
1928
1939
1925
1925
1935
1924
1925
2240
1936
1932
1935
1944
1925
1952
1930
1925
1933
1965
1925
1936
1931
1926
1945
1934
1925
1957
1933
1925
1938
1951
1924
1949
1943
1925
1934
1925
1926
1938
1928
1925
1938
1925
1924
1943
1940
1931
1934
1927
1925
1933
1941
1928
1946
1925
1963
1933
1930
1935
1933
1925
1946
1933
1925
1955
1935
1925
1935
1925
1925
1935
1927
1925
1935
1924
1927
1948
1940
1925
1931
1925
1925
1935
1925
1946
1934
1925
1933
1938
1925
1939
1926
1925
1939
1925
1925
1934
1928
1925
1934
1925
1925
1939
1939
1925
1936
1929
1925
1933
1931
1925
1937
1925
1930
1951
1932
1933
1943
1924
1933
1932
1933
1948
1933
1925
1944
1932
1925
1946
1938
1924
1944
1925
1925
1931
1926
1925
1936
1925
1925
1952
1933
1925
1961
1925
1925
1948
1931
1938
1941
1927
1936
1944
1925
1941
1927
1926
1936
1925
1926
1940
1925
1925
1934
1927
1943
1934
1928
1959
1935
1926
1945
1925
1932
1945
1925
1925
1948
1925
1926
1946
1925
1936
1942
1925
1935
1954
1926
1935
1925
1925
1936
1927
1925
1934
1927
1925
1934
1925
1972
1935
1930
1968
1936
1927
1941
1937
1925
1936
1935
1925
1941
1937
1925
1950
1933
1925
1939
1937
1924
1934
1963
1925
1935
1950
1925
1937
1940
1925
1949
1931
1925
1941
1925
1925
1933
1925
1925
1934
1931
1925
1932
1925
1928
1935
1925
1927
1939
1928
1938
1943
1925
1938
1942
1925
1934
1947
1925
1936
1925
1925
1940
1929
1925
1937
1925
1925
1936
1942
1925
1936
1925
1925
1933
1942
1928
1935
1925
1944
1935
1940
1937
1933
1926
1944
1937
1925
1949
1936
1925
1935
1925
1927
1954
1927
1925
1937
1927
1926
1934
1928
1927
1935
1925
1925
1937
1941
1925
1934
1925
1934
1938
1927
1930
1934
1924
1924
1945
1925
1945
1935
1925
1939
1945
1925
1932
1940
1925
1934
1925
1925
1929
1931
1925
1939
1925
1925
1944
1931
1935
1931
1925
1934
1943
1925
1945
1925
1926
1934
1925
1925
1941
1925
1926
1934
1925
1942
1933
1926
1940
1935
1927
1943
1925
1935
1943
1931
1925
1941
1925
1925
1935
1924
1925
1934
1925
1941
1941
1925
1945
1934
1926
1940
1939
1925
1945
1925
1925
1941
1926
1957
1948
1930
1925
1941
1931
1930
1947
1925
1932
1943
1925
1934
1937
1925
1925
1933
1925
1938
1930
1925
1935
1933
1925
1936
1939
1926
1939
1932
1925
1941
1945
1925
1941
1925
1925
1935
1925
1930
1942
1925
1925
1941
1925
1932
1946
1925
1941
1941
1925
1942
1935
1925
1935
1933
1925
1934
1933
1924
1942
1932
1924
1939
1943
1925
1940
1935
1925
1938
1931
1925
1952
1925
1925
1940
1927
1930
1947
1925
1935
1945
1925
1943
1942
1926
1936
1934
1925
1939
1935
1925
1944
1934
1926
1943
1930
1926
1944
1925
1925
1945
1931
1926
1944
1938
1925
1946
1926
1925
1936
1925
1925
1934
1933
1935
1935
1925
1939
1932
1925
1943
1934
1925
1941
1934
1925
1944
1933
1926
1942
1932
1925
1942
1932
1925
1943
1933
1926
1944
1943
1925
1943
1925
1926
1949
1929
1925
1943
1925
1925
1939
1926
1941
1944
1925
1935
1941
1925
1943
1943
1925
1934
1938
1925
