2054
2054
2073
2081
2054
2071
2064
2055
2054
2064
2054
2054
2081
2061
2053
2069
2064
2054
2083
2062
2056
2053
2062
2054
2054
2073
2058
2054
2071
2063
2058
2064
2059
2054
2054
2062
2054
2054
2060
2061
2053
2072
2065
2055
2053
2069
2053
2053
2062
2055
2054
2059
2061
2053
2126
2067
2065
2078
2073
2062
2057
2065
2063
2087
2053
2061
2057
2054
2067
2064
2056
2072
2065
2053
2065
2074
2054
2054
2073
2053
2054
2071
2053
2054
2069
2064
2053
2110
2060
2054
2066
2065
2054
2054
2061
2055
2054
2123
2060
2055
2069
2060
2061
2056
2063
2054
2053
2060
2055
2054
2061
2053
2055
2077
2061
2055
2078
2061
2054
2068
2061
2054
2053
2061
2053
2057
2059
2062
2054
2074
2061
2054
2071
2064
2053
2054
2063
2055
2059
2064
2067
2055
2061
2069
2054
2077
2062
2053
2054
2061
2055
2057
2067
2062
2055
2069
2060
2058
2066
2071
2057
2053
2061
2062
2054
2072
2061
2053
2062
2074
2054
2054
2063
2053
2054
2065
2054
2054
2061
2054
2064
2062
2075
2064
2104
2087
2054
2063
2054
2056
2067
2086
2053
2064
2061
2054
2072
2080
2053
2065
2070
2053
2065
2059
2053
2169
2078
2066
2062
2088
2074
2053
2072
2063
2058
2070
2067
2054
2054
2064
2053
2071
2068
2072
2054
2068
2071
2074
2068
2072
2053
2065
2070
2076
2054
2071
2053
2054
2070
2077
2054
2063
2070
2054
2066
2095
2053
2064
2075
2053
2053
2098
2055
2053
2071
2054
2054
2071
2071
2053
2064
2070
2054
2073
2072
2056
2054
2071
2054
2061
2074
2062
2053
2073
2066
2059
2070
2061
2056
2053
2083
2057
2058
2063
2065
2053
2074
2067
2059
2054
2064
2054
2053
2099
2080
2054
2072
2064
2055
2070
2064
2054
2054
2064
2054
2059
2063
2055
2054
2062
2070
2060
2063
2074
2053
2064
2066
2060
2069
2062
2053
2054
2073
2059
2071
2062
2054
2053
2077
2063
2069
2064
2062
2053
2077
2062
2054
2054
2077
2054
2053
2078
2054
2053
2065
2064
2053
2063
2067
2055
2053
2076
2054
2055
2062
2053
2054
2062
2054
2053
2076
2062
2055
2074
2058
2054
2082
2066
2053
2071
2062
2054
2056
2074
2054
2055
2071
2053
2056
2063
2054
2119
2065
2063
2061
2063
2061
2055
2061
2068
2057
2055
2073
2054
2053
2059
2057
2054
2062
2069
2055
2063
2077
2070
2067
2069
2054
2068
2055
2069
2091
2054
2095
2061
2104
2059
2068
2089
2080
2054
2060
2066
2056
2065
2074
2053
2063
2076
2054
2062
2077
2053
2054
2068
2054
2055
2065
2054
2053
2072
2074
2054
2061
2071
2053
2068
2075
2053
2054
2070
2054
2060
2063
2073
2053
2063
2070
2059
2063
2091
2059
2054
2069
2060
2060
2061
2068
2054
2065
2067
2054
2121
2064
2054
2054
2070
2053
2054
2065
2053
2053
2071
2073
2055
2063
2069
2053
2067
2072
2054
2054
2061
2053
2059
2062
2053
2053
2072
2070
2059
2062
2074
2054
2059
2072
2057
2054
2065
2054
2054
2060
2054
2054
2060
2061
2054
2062
2068
2067
2064
2074
2054
2053
2060
2054
2054
2088
2054
2054
2058
2075
2053
2066
2060
2054
2076
2066
2054
2054
2079
2054
2053
2079
2053
2054
2064
2054
2053
2076
2063
2053
2078
2062
2054
2081
2063
2053
2074
2062
2054
2059
2064
2053
2053
2062
2053
2059
2064
2073
2053
2063
2075
2059
2065
2072
2054
2064
2071
2058
2053
2069
2075
2053
2075
2067
2062
2057
2074
2063
2053
2055
2064
2059
2053
2065
2054
2053
2063
2078
2053
2065
2071
2055
2064
2074
2053
2065
2072
2054
2054
2070
2054
2054
2073
2063
2055
2074
2064
2054
2074
2064
2053
2074
2065
2054
2053
2060
2054
2069
2077
2071
2054
2068
2068
2058
2069
2076
2054
2054
2070
2061
2069
2072
2065
2055
2075
2067
2069
2054
2062
2054
2054
2066
2070
2059
2073
2065
2053
2073
2081
2054
2062
2062
2053
2054
2063
2054
2054
2059
2064
2053
2079
2061
2054
2062
2063
2054
2054
2064
2054
2053
2065
2068
2070
2054
2102
2054
2053
2073
2083
2054
2110
2061
2059
2067
2066
2064
2053
2065
2065
2060
2065
2087
2055
2058
2068
2059
2056
2065
2053
2053
2073
2068
2054
2074
2069
2059
2103
2076
2054
2055
2063
2054
2054
2069
2070
2054
2062
2073
2053
2070
2075
2055
2058
2072
2054
2057
2073
2071
2053
2068
2068
2056
2054
2071
2053
2053
2062
2055
2055
2073
2063
2054
2070
2063
2069
2059
2061
2054
2054
2066
2069
2054
2065
2069
2054
2066
2064
2053
2084
2069
2054
2056
2067
2055
2053
2072
2065
2070
2053
2082
2064
2053
2061
2066
2056
2053
2062
2073
2056
2065
2069
2053
2065
2074
2053
2054
2070
2053
2053
2071
2054
2063
2073
2061
2054
2054
2086
2053
2058
2065
2079
2054
2109
2064
2053
2055
2063
2055
2063
2065
2054
2053
2063
2071
2057
2065
2066
2053
2065
2072
2055
2053
2067
2053
2055
2068
2053
2059
2065
2083
2053
2062
2069
2053
2054
2063
2054
2056
2064
2055
2053
2064
2068
2054
2091
2074
2054
2065
2073
2055
2065
2094
2054
2054
2071
2054
2053
2077
2056
2054
2073
2058
2054
2066
2071
2053
2054
2070
2053
2056
2075
2054
2053
2067
2054
2056
2067
2066
2053
2067
2062
2056
2068
2061
2054
2064
2069
2056
2064
2057
2053
2054
2073
2057
2053
2070
2055
2176
2075
2069
2056
2054
2069
2054
2056
2073
2053
2053
2069
2057
2054
2065
2063
2054
2065
2061
2054
2066
2067
2053
2053
2064
2053
2088
2065
2072
2053
2066
2061
2054
2054
2063
2054
2054
2065
2072
2053
2064
2071
2053
2062
2064
2056
2054
2062
2054
2053
2061
2054
2054
2064
2063
2054
2064
2090
2056
2054
2070
2054
2055
2072
2054
2053
2072
2063
2053
2074
2064
2053
2070
2063
2054
2069
2068
2060
2054
2063
2126
2054
2055
2062
2054
2058
2067
2072
2053
2063
2068
2055
2054
2069
2053
2056
2062
2054
2053
2061
2064
2053
2063
2061
2061
2054
2065
2053
2055
2062
2053
2054
2070
2062
2054
2066
2066
2054
2054
2062
2114
2054
2061
2064
2053
2070
2058
2054
2073
2066
2053
2053
2058
2059
2070
2064
2062
2059
2073
2064
2053
2069
2062
2054
2054
2067
2054
2054
2065
2064
2054
2071
2063
2053
2055
2062
2053
2054
2064
2062
2054
2070
2067
2054
2073
2066
2053
2053
2065
2053
2069
2078
2062
2054
2070
2066
2070
2073
2062
2056
2070
2061
2087
2059
2063
2053
2054
2072
2069
2054
2065
2065
2054
2065
2063
2055
2054
2063
2053
2053
2063
2055
2054
2065
2054
2054
2064
2054
2054
2065
2070
2053
2064
2081
2053
2054
2071
2053
2054
2075
2054
2054
2070
2054
2054
2076
2064
2054
2070
2063
2055
2075
2064
2054
2073
2062
2054
2067
2065
2054
2054
2071
2053
2054
2070
2060
2054
2064
2062
2069
2054
2078
2053
2054
2065
2055
2065
2061
2067
2054
2054
2093
2054
2058
2077
2064
2054
2079
2067
2054
2053
2067
2056
2060
2075
2053
2056
2062
2070
2060
2065
2069
2053
2061
2073
2054
2064
2068
2054
2056
2070
2054
2056
2070
2054
2054
2070
2064
2053
2054
2062
2057
2054
2061
2067
2054
2059
2073
2054
2065
2064
2053
2054
2062
2056
2060
2065
2069
2059
2063
2068
2054
2074
2058
2054
2053
2065
2062
2054
2060
2071
2053
2063
2060
2054
2054
2061
2053
2054
2069
2054
2053
2059
2069
2054
2062
2068
2053
2054
2071
2054
2054
2067
2053
2053
2061
2063
2054
2060
2061
2060
2162
2067
2057
2053
2064
2068
2054
2063
2071
2053
2053
2061
2054
2054
2061
2070
2053
2059
2061
2054
2065
2068
2053
2054
2060
2054
2053
2069
2059
2053
2067
2059
2054
2070
2058
2053
2054
2061
2053
2053
2074
2061
2053
2071
2060
2054
2061
2076
2053
2054
2060
2056
2053
2065
2054
2053
2067
2070
2053
2059
2083
2054
2060
2076
2054
2053
2069
2053
