2206
2182
2194
2214
2194
2183
2194
2192
2184
2182
2213
2199
2184
2186
2192
2190
2184
2191
2197
2186
2184
2211
2189
2183
2204
2193
2182
2182
2198
2197
2186
2183
2194
2200
2182
2197
2204
2183
2183
2200
2197
2183
2201
2194
2184
2183
2202
2191
2187
2202
2192
2183
2184
2224
2193
2195
2334
2194
2191
2186
2184
2191
2199
2183
2198
2201
2183
2183
2192
2201
2182
2183
2201
2191
2183
2199
2201
2183
2183
2192
2193
2183
2207
2192
2184
2182
2192
2202
2189
2192
2198
2183
2185
2193
2203
2183
2191
2197
2182
2183
2196
2191
2183
2201
2194
2183
2183
2193
2203
2182
2183
2206
2193
2183
2203
2195
2183
2187
2193
2198
2183
2195
2191
2187
2182
2199
2196
2182
2182
2191
2191
2182
2207
2188
2192
2182
2193
2205
2182
2182
2202
2192
2182
2195
2193
2182
2187
2191
2192
2183
2183
2191
2196
2183
2190
2218
2184
2187
2199
2190
2183
2183
2192
2195
2183
2192
2191
2182
2189
2193
2191
2183
2183
2194
2193
2182
2189
2191
2201
2183
2205
2208
2195
2230
2234
2191
2191
2192
2208
2182
2207
2205
2206
2182
2183
2198
2206
2194
2184
2195
2195
2183
2191
2204
2184
2183
2193
2199
2185
2184
2194
2193
2184
2191
2203
2183
2184
2197
2189
2182
2199
2191
2201
2183
2192
2195
2187
2182
2206
2183
2183
2247
2199
2193
2184
2190
2202
2183
2205
2201
2193
2183
2191
2193
2187
2183
2191
2196
2185
2195
2194
2201
2185
2191
2200
2184
2185
2197
2190
2183
2203
2191
2183
2183
2194
2200
2184
2194
2206
2183
2182
2199
2195
2183
2203
2191
2185
2182
2198
2197
2184
2199
2191
2183
2185
2196
2199
2183
2194
2199
2183
2183
2193
2199
2183
2194
2202
2183
2182
2191
2215
2186
2184
2192
2198
2183
2192
2209
2183
2185
2198
2192
2182
2208
2191
2183
2182
2207
2194
2184
2199
2209
2183
2183
2194
2202
2183
2192
2201
2185
2185
2191
2201
2305
2194
2195
2186
2182
2193
2268
2182
2184
2198
2191
2183
2195
2203
2183
2183
2192
2191
2183
2199
2194
2183
2182
2192
2203
2183
2186
2201
2191
2182
2203
2191
2187
2183
2190
2199
2183
2192
2201
2183
2184
2195
2198
2182
2192
2189
2183
2183
2198
2194
2183
2209
2193
2182
2183
2194
2197
2182
2183
2201
2191
2186
2198
2193
2183
2183
2197
2197
2182
2202
2191
2182
2196
2203
2201
2182
2182
2227
2198
2184
2183
2200
2190
2183
2189
2197
2218
2183
2197
2199
2196
2183
2200
2192
2185
2186
2237
2198
2183
2183
2194
2195
2216
2183
2192
2183
2182
2192
2201
2182
2183
2199
2195
2198
2191
2191
2184
2183
2194
2207
2182
2200
2191
2182
2186
2208
2200
2183
2192
2203
2186
2198
2200
2191
2182
2191
2208
2184
2183
2190
2201
2184
2192
2204
2183
2184
2206
2194
2199
2192
2190
2183
2183
2203
2209
2183
2200
2191
2183
2211
2207
2184
2182
2191
2190
2188
2222
2191
2182
2183
2205
2195
2182
2184
2191
2183
2182
2192
2197
2183
2183
2196
2183
2198
2192
2202
2183
2182
2192
2214
2183
2194
2202
2182
2192
2231
2198
2182
2191
2206
2185
2199
2197
2191
2183
2191
2203
2183
2183
2187
2190
2182
2223
2191
2185
2183
2191
2196
2183
2183
2191
2194
2185
2196
2204
2182
2182
2202
2202
2186
2193
2203
2182
2182
2202
2194
2182
2183
2201
2190
2187
2204
2192
2183
2183
2198
2197
2192
2188
2202
2209
2219
2184
2194
2197
2183
2183
2252
2199
2189
2185
2195
2201
2182
2184
2210
2193
2183
2204
2193
2183
2188
2196
2203
2183
2182
2199
2189
2182
2202
2194
2183
2183
2199
2184
2183
2193
2197
2184
2183
2204
2192
2184
2202
2197
2182
2184
2193
2198
2183
2190
2202
2192
2182
2201
2192
2188
2182
2193
2198
2183
2191
2203
2183
2182
2191
2192
2188
2183
2192
2182
2183
2191
2210
2184
2183
2190
2183
2182
2241
2194
2190
2183
2201
2197
2190
2185
2192
2193
2182
2212
2197
2182
2183
2200
2192
2188
2216
2193
2190
2182
2199
2208
2182
2182
2191
2199
2182
2182
2202
2194
2188
2211
2196
2208
2183
2201
2190
2185
2186
2196
2201
2184
2193
2198
2201
2185
2197
2191
2188
2184
2200
2194
2182
2195
2207
2223
2183
2198
2193
2183
2183
2202
2196
2185
2193
2198
2183
2183
2193
2200
2182
2183
2204
2194
2183
2192
2200
2184
2186
2192
2190
2184
2199
2195
2185
2185
2192
2192
2183
2197
2206
2183
2182
2192
2194
2183
2198
2195
2206
2183
2198
2194
2183
2182
2197
2192
2182
2188
2191
2201
2183
2192
2202
2183
2206
2189
2204
2183
2193
2232
2183
2188
2194
2190
2182
2201
2195
2194
2182
2192
2197
2184
2182
2193
2190
2184
2189
2212
2191
2182
2203
2193
2191
2183
2192
2192
2182
2183
2199
2191
2182
2196
2191
2183
2183
2198
2191
2183
2187
2204
2192
2182
2202
2216
2182
2185
2200
2210
2183
2192
2199
2185
2183
2201
2190
2183
2195
2204
2183
2183
2199
2192
2184
2206
2191
2183
2183
2200
2192
2183
2200
2191
2183
2183
2193
2199
2183
2192
2200
2183
2184
2202
2192
2183
2201
2192
2185
2183
2191
2194
2183
2200
2202
2184
2183
2194
2201
2183
2183
2190
2193
2183
2199
2207
2183
2183
2194
2201
2183
2197
2191
2184
2183
2191
2190
2187
2183
2205
2183
2183
2191
2204
2183
2184
2204
2183
2185
2192
2205
2182
2182
2200
2197
2183
2209
2192
2183
2182
2193
2205
2182
2193
2196
2183
2185
2204
2191
2183
2184
2191
2199
2183
2193
2202
2183
2186
2195
2198
2182
2191
2199
2185
2183
2191
2193
2183
2203
2199
2184
2183
2191
2202
2185
2209
2192
2197
2184
2183
2230
2193
2183
2209
2190
2183
2188
2203
2190
2182
2183
2194
2194
2183
2218
2190
2182
2184
2197
2190
2182
2199
2195
2188
2183
2191
2192
2182
2182
2195
2201
2182
2191
2203
2184
2187
2202
2190
2185
2202
2191
2187
2184
2192
2211
2183
2194
2193
2182
2183
2195
2191
2193
2197
2192
2182
2182
2192
2207
2183
2182
2204
2184
2183
2205
2192
2184
2182
2192
2200
2188
2193
2200
2183
2184
2198
2193
2182
2203
2192
2183
2191
2204
2197
2182
2198
2192
2187
2183
2194
2199
2183
2192
2204
2184
2183
2237
2196
2190
2191
2191
2200
2184
2182
2201
2196
2183
2201
2191
2183
2188
2194
2197
2230
2195
2192
2186
2182
2204
2191
2183
2183
2195
2197
2205
2193
2199
2187
2183
2191
2193
2182
2183
2196
2201
2183
2199
2191
2185
2187
2205
2190
2183
2196
2193
2185
2185
2191
2199
2182
2197
2201
2192
2183
2198
2192
2186
2183
2191
2199
2183
2193
2202
2183
2183
2197
2191
2187
2242
2192
2195
2184
2202
2211
2183
2203
2191
2183
2183
2238
2195
2182
2183
2194
2205
2186
2193
2192
2183
2182
2202
2196
2183
2183
2194
2198
2183
2192
2199
2183
2183
2199
2195
2184
2192
2201
2182
2182
2194
2192
2183
2183
2222
2209
2185
2194
2196
2183
2183
2208
2203
2183
2193
2201
2183
2199
2201
2192
2183
2203
2194
2200
2183
2194
2199
2183
2197
2202
2182
2183
2202
2196
2183
2206
2195
2183
2183
2196
2217
2185
2196
2193
2183
2182
2210
2201
2182
2183
2206
2183
2201
2194
2201
2183
2183
2192
2201
2185
2196
2204
2183
2193
2198
2191
2183
2192
2190
2182
2185
2192
2196
2183
2183
2193
2189
2182
2194
2192
2189
2186
2202
2191
2183
2192
2191
2204
2184
2192
2195
2183
2183
2199
2190
2185
2200
2192
2183
2183
2192
2208
2183
2188
2210
2182
2183
2209
2191
2183
2209
2191
2185
2182
2188
2190
2187
2183
2208
2190
2185
2202
2198
2182
2184
2200
2193
2184
2207
2192
2183
2182
2193
2200
2185
2183
2195
2202
2183
2195
2212
2192
2183
2197
2230
2183
2182
2195
2191
2182
2228
2196
2184
2182
2191
2198
2204
2182
2202
2183
2184
2194
2206
2183
2184
2192
2201
