2311
2316
2329
2348
2312
2313
2330
2336
2311
2315
2320
2330
2315
2311
2319
2323
2324
2315
2339
2318
2326
2311
2323
2329
2321
2312
2319
2330
2324
2312
2319
2317
2328
2311
2323
2329
2313
2311
2333
2325
2313
2311
2326
2322
2316
2320
2316
2326
2335
2320
2315
2341
2321
2328
2311
2311
2349
2320
2311
2311
2322
2347
2311
2311
2325
2323
2311
2315
2325
2331
2330
2312
2336
2322
2327
2312
2323
2328
2323
2312
2328
2324
2325
2317
2321
2327
2323
2312
2327
2327
2327
2311
2324
2328
2328
2311
2329
2323
2326
2312
2326
2330
2323
2311
2319
2327
2321
2311
2325
2327
2320
2317
2335
2326
2326
2312
2321
2331
2324
2312
2330
2320
2330
2311
2313
2327
2320
2311
2313
2325
2328
2311
2312
2333
2325
2311
2312
2321
2320
2318
2317
2429
2321
2319
2313
2312
2329
2318
2311
2313
2322
2319
2312
2312
2319
2321
2312
2311
2319
2322
2312
2311
2319
2319
2311
2312
2342
2323
2312
2317
2321
2320
2315
2312
2331
2321
2311
2317
2324
2327
2311
2311
2350
2326
2328
2313
2311
2318
2324
2345
2311
2336
2327
2318
2317
2326
2332
2311
2311
2330
2322
2323
2311
2322
2322
2346
2311
2324
2327
2330
2317
2322
2329
2321
2316
2329
2328
2330
2312
2321
2332
2323
2311
2313
2320
2325
2311
2325
2331
2320
2311
2328
2321
2318
2311
2323
2327
2321
2313
2313
2321
2327
2311
2312
2333
2320
2318
2311
2320
2335
2312
2311
2343
2323
2333
2311
2322
2329
2321
2311
2332
2321
2327
2311
2321
2329
2319
2311
2329
2328
2321
2331
2312
2323
2321
2316
2313
2342
2320
2317
2311
2321
2339
2311
2311
2324
2330
2321
2328
2324
2332
2319
2312
2346
2321
2332
2312
2311
2328
2338
2313
2311
2323
2325
2315
2312
2337
2318
2313
2311
2337
2324
2312
2312
2327
2327
2312
2311
2317
2336
2335
2328
2323
2333
2319
2311
2344
2321
2327
2312
2311
2329
2335
2311
2311
2322
2325
2331
2312
2324
2318
2311
2353
2323
2318
2320
2318
2324
2337
2322
2347
2313
2323
2324
2342
2311
2334
2327
2311
2349
2322
2332
2312
2312
2338
2342
2311
2311
2320
2321
2330
2311
2316
2331
2311
2312
2334
2336
2313
2311
2316
2335
2311
2311
2326
2319
2311
2312
2333
2325
2322
2311
2330
2334
2319
2311
2331
2319
2345
2311
2313
2326
2319
2322
2311
2321
2321
2311
2311
2319
2339
2312
2315
2319
2323
2311
2312
2322
2352
2311
2319
2322
2324
2332
2312
2328
2351
2331
2314
2312
2350
2327
2319
2314
2311
2329
2322
2312
2311
2338
2324
2311
2312
2319
2334
2312
2311
2329
2322
2311
2315
2331
2322
2311
2312
2331
2327
2312
2312
2331
2321
2321
2311
2325
2320
2312
2316
2329
2329
2312
2311
2331
2327
2312
2311
2321
2326
2312
2311
2321
2322
2319
2311
2336
2322
2322
2313
2322
2338
2322
2313
2311
2319
2330
2318
2312
2325
2319
2311
2311
2321
2319
2311
2312
2323
2333
2311
2311
2328
2323
2311
2312
2320
2325
2311
2311
2335
2323
2313
2312
2325
2319
2321
2311
2321
2335
2320
2324
2312
2320
2322
2311
2311
2320
2328
2312
2311
2328
2326
2312
2312
2322
2326
2312
2332
2328
2322
2311
2313
2325
2327
2312
2311
2319
2324
2313
2311
2319
2319
2323
2323
2328
2319
2319
2310
2320
2332
2319
2311
2311
2318
2330
2311
2311
2321
2317
2311
2312
2327
2320
2318
2311
2329
2339
2334
2317
2316
2322
2336
2311
2311
2353
2328
2311
2311
2332
2327
2328
2311
2325
2338
2319
2330
2339
2321
2325
2311
2319
2331
2325
2311
2311
2319
2322
2311
2312
2327
2321
2317
2311
2322
2319
2312
2311
2328
2316
2313
2311
2328
2327
2330
2311
2320
2321
2335
2312
2313
2340
2330
2326
2317
2334
2368
2327
2311
2322
2349
2327
2311
2312
2337
2355
2311
2311
2316
2319
2316
2326
2320
2319
2329
2311
2337
2325
2319
2311
2328
2344
2328
2311
2331
2320
2327
2313
2311
2320
2320
2311
2316
2321
2327
2311
2326
2326
2328
2320
2311
2331
2324
2333
2312
2325
2329
2323
2311
2322
2329
2312
2311
2333
2324
2311
2313
2323
2331
2311
2316
2331
2321
2329
2319
2326
2322
2321
2318
2312
2320
2329
2314
2311
2326
2323
2317
2311
2327
2320
2311
2328
2327
2329
2312
2428
2334
2330
2311
2311
2329
2324
2311
2315
2323
2331
2320
2311
2333
2322
2326
2311
2321
2330
2325
2312
2330
2320
2329
2315
2325
2327
2319
2311
2331
2325
2324
2317
2324
2330
2319
2311
2319
2322
2320
2311
2328
2325
2319
2311
2312
2311
2327
2325
2366
2345
2311
2331
2321
2312
2311
2320
2324
2312
2311
2331
2319
2325
2314
2322
2330
2321
2311
2334
2325
2331
2311
2322
2327
2326
2311
2331
2319
2326
2312
2323
2331
2320
2312
2326
2324
2330
2311
2321
2327
2320
2316
2330
2319
2326
2312
2323
2332
2320
2312
2328
2320
2340
2312
2320
2321
2328
2311
2312
2319
2321
2316
2331
2328
2328
2311
2316
2325
2327
2320
2319
2320
2319
2334
2320
2321
2324
2318
2311
2346
2321
2331
2312
2320
2326
2334
2311
2330
2320
2320
2329
2334
2325
2322
2311
2335
2323
2314
2312
2319
2326
2330
2322
2323
2320
2312
2311
2346
2339
2319
2311
2324
2336
2324
2311
2336
2320
2326
2334
2322
2336
2320
2311
2336
2336
2322
2311
2328
2322
2338
2313
2312
2327
2328
2348
2314
2327
2320
2326
2313
2357
2321
2320
2313
2328
2354
2332
2312
2311
2327
2320
2335
2312
2320
2327
2311
2339
2337
2320
2311
2328
2320
2352
2312
2321
2326
2322
2311
2337
2321
2328
2311
2346
2327
2318
2311
2322
2319
2324
2324
2311
2326
2320
2311
2327
2323
2319
2311
2311
2328
2327
2311
2311
2321
2328
2327
2311
2323
2320
2311
2311
2331
2331
2311
2311
2320
2349
2311
2311
2331
2320
2330
2318
2322
2326
2319
2313
2351
2325
2321
2313
2326
2324
2351
2313
2322
2330
2323
2332
2334
2321
2325
2312
2324
2351
2321
2312
2329
2323
2338
2317
2329
2320
2330
2311
2343
2330
2321
2311
2331
2336
2327
2311
2312
2330
2329
2335
2332
2319
2321
2312
2312
2333
2322
2311
2312
2335
2320
2311
2311
2323
2324
2316
2315
2317
2320
2311
2311
2326
2321
2311
2311
2328
2321
2315
2311
2331
2319
2311
2312
2323
2332
2311
2312
2316
2374
2321
2320
2329
2319
2350
2313
2311
2319
2327
2313
2320
2329
2318
2311
2318
2327
2320
2314
2330
2318
2328
2321
2322
2320
2325
2311
2324
2327
2327
2311
2324
2327
2331
2311
2329
2320
2329
2312
2326
2328
2321
2311
2328
2324
2324
2311
2317
2335
2321
2313
2310
2334
2323
2311
2312
2323
2321
2311
2311
2325
2329
2311
2311
2325
2319
2312
2311
2332
2319
2311
2311
2325
2330
2311
2313
2319
2331
2313
2313
2316
2337
2311
2317
2317
2332
2311
2313
2325
2322
2331
2313
2323
2327
2315
2314
2332
2327
2333
2311
2324
2328
2323
2311
2329
2323
2321
2312
2311
2320
2329
2315
2312
2331
2320
2311
2315
2321
2331
2311
2312
2326
2326
2311
2311
2320
2326
2313
2311
2322
2329
2312
2323
2331
2323
2311
2328
2321
2327
2311
2326
2343
2318
2311
2323
2328
2324
2311
2311
2320
2336
2311
2321
2325
2322
2315
2333
2319
2325
2311
2321
2335
2320
2311
2330
2320
2445
2311
2319
2320
2328
2321
2315
2329
2319
2333
2311
2324
2324
2319
2311
2311
2321
2328
2311
2311
2321
2339
2312
2311
2326
2320
2311
2323
2321
2333
2311
2321
2326
2328
2312
2335
2321
2326
2311
2323
2333
2321
2311
2354
2329
2326
2311
2321
2327
2321
2313
2311
2322
2331
2312
2321
2333
2320
2311
2320
2330
2326
2311
2312
2321
2329
2311
2324
2322
2321
2311
2311
2319
2320
2311
2313
2320
2319
2313
2318
2324
2318
2311
2319
2321
2326
2311
2312
2318
2329
2311
2329
2322
2322
2315
