2454
2449
2442
2483
2452
2447
2451
2440
2440
2454
2448
2496
2440
2448
2462
2448
2455
2441
2463
2451
2452
2441
2439
2459
2453
2449
2440
2455
2475
2464
2461
2443
2486
2470
2462
2498
2439
2472
2465
2448
2460
2439
2440
2452
2448
2460
2440
2452
2471
2448
2440
2444
2455
2465
2454
2440
2443
2459
2466
2440
2440
2460
2456
2446
2440
2441
2454
2448
2457
2440
2440
2447
2460
2448
2440
2440
2458
2463
2445
2441
2448
2450
2459
2442
2440
2458
2450
2465
2443
2440
2458
2449
2459
2442
2442
2448
2453
2440
2444
2457
2448
2448
2440
2440
2450
2449
2456
2440
2440
2464
2449
2457
2440
2440
2458
2450
2458
2440
2452
2456
2461
2440
2440
2453
2456
2449
2440
2442
2453
2456
2452
2441
2440
2460
2450
2458
2440
2440
2463
2448
2459
2440
2452
2458
2447
2440
2442
2461
2453
2468
2440
2444
2459
2454
2451
2440
2443
2460
2451
2440
2442
2450
2456
2451
2442
2440
2449
2458
2452
2440
2440
2448
2452
2457
2440
2441
2455
2451
2440
2440
2441
2445
2456
2469
2440
2440
2461
2448
2446
2440
2444
2453
2449
2447
2440
2439
2460
2460
2451
2440
2440
2470
2451
2449
2440
2459
2454
2460
2440
2454
2457
2465
2463
2439
2447
2452
2463
2456
2440
2440
2459
2453
2457
2441
2439
2459
2451
2457
2440
2440
2456
2451
2440
2442
2453
2455
2453
2440
2444
2458
2451
2450
2440
2454
2451
2458
2440
2440
2459
2454
2449
2440
2440
2450
2460
2451
2440
2459
2448
2458
2445
2440
2452
2448
2450
2466
2440
2453
2451
2453
2444
2451
2454
2448
2440
2466
2476
2456
2454
2440
2440
2457
2461
2485
2440
2440
2456
2448
2455
2440
2440
2467
2449
2457
2440
2440
2452
2449
2440
2440
2448
2454
2449
2440
2440
2451
2451
2440
2440
2455
2448
2454
2440
2440
2446
2447
2453
2445
2453
2452
2448
2440
2440
2448
2455
2448
2440
2457
2448
2453
2441
2439
2448
2449
2478
2439
2439
2450
2454
2443
2440
2457
2449
2455
2443
2459
2459
2449
2458
2442
2456
2449
2448
2459
2440
2469
2460
2450
2440
2440
2453
2474
2449
2443
2462
2453
2465
2449
2440
2457
2453
2476
2450
2441
2440
2450
2476
2449
2441
2463
2449
2455
2458
2440
2460
2448
2454
2457
2440
2450
2450
2439
2459
2460
2454
2467
2439
2444
2466
2465
2450
2439
2440
2448
2456
2454
2439
2441
2440
2460
2472
2470
2453
2444
2443
2470
2457
2460
2439
2446
2456
2452
2448
2440
2448
2448
2453
2449
2440
2454
2474
2466
2440
2440
2448
2463
2450
2439
2442
2449
2456
2449
2441
2440
2448
2458
2445
2440
2456
2452
2458
2445
2439
2455
2448
2452
2446
2440
2450
2454
2451
2446
2440
2446
2458
2440
2439
2452
2450
2453
2440
2441
2465
2448
2457
2441
2452
2452
2448
2442
2440
2459
2449
2462
2440
2440
2463
2448
2461
2440
2449
2451
2446
2446
2440
2448
2451
2447
2440
2440
2449
2462
2448
2440
2465
2449
2470
2447
2441
2457
2459
2450
2441
2439
2451
2452
2445
2445
2440
2463
2450
2454
2441
2442
2455
2450
2470
2442
2449
2457
2454
2456
2439
2449
2463
2449
2456
2466
2450
2462
2440
2450
2449
2456
2447
2441
2446
2451
2453
2446
2440
2459
2451
2452
2439
2439
2446
2464
2448
2440
2442
2451
2463
2452
2440
2440
2447
2461
2440
2440
2477
2454
2488
2440
2453
2461
2448
2447
2446
2440
2451
2453
2442
2452
2460
2447
2462
2439
2440
2449
2450
2455
2440
2442
2447
2453
2456
2442
2440
2447
2452
2446
2456
2443
2452
2454
2451
2451
2454
2449
2463
2455
2451
2440
2463
2451
2459
2442
2440
2452
2449
2448
2445
2473
2448
2459
2442
2440
2458
2452
2455
2440
2440
2460
2449
2451
2440
2457
2453
2448
2440
2442
2454
2457
2449
2440
2440
2448
2459
2442
2439
2453
2450
2454
2442
2440
2456
2448
2454
2442
2448
2450
2453
2441
2440
2456
2449
2452
2440
2440
2484
2448
2448
2439
2466
2452
2450
2439
2442
2460
2459
2457
2440
2439
2444
2457
2455
2440
2440
2449
2447
2450
2440
2460
2449
2454
2442
2440
2447
2450
2458
2440
2448
2451
2460
2448
2439
2465
2467
2459
2439
2441
2450
2474
2452
2442
2439
2450
2480
2461
2440
2440
2450
2453
2460
2440
2440
2456
2453
2456
2440
2451
2455
2450
2456
2440
2453
2450
2454
2444
2453
2457
2450
2440
2444
2478
2448
2454
2441
2451
2494
2448
2440
2440
2449
2459
2449
2440
2440
2449
2481
2468
2455
2441
2448
2449
2460
2440
2444
2464
2457
2452
2440
2440
2451
2457
2456
2440
2457
2448
2489
2457
2440
2455
2452
2453
2442
2441
2452
2447
2459
2441
2441
2448
2455
2449
2440
2441
2451
2459
2448
2440
2462
2450
2466
2440
2442
2451
2451
2459
2440
2451
2454
2452
2440
2440
2448
2457
2449
2440
2459
2448
2456
2440
2443
2460
2448
2461
2440
2443
2458
2448
2440
2440
2449
2457
2449
2440
2440
2448
2457
2440
2440
2459
2448
2487
2440
2449
2463
2449
2475
2440
2440
2458
2450
2458
2449
2440
2458
2448
2454
2444
2449
2456
2449
2442
2443
2450
2456
2451
2440
2457
2451
2458
2440
2440
2459
2450
2459
2440
2451
2455
2448
2440
2442
2458
2451
2457
2452
2440
2456
2450
2456
2445
2456
2456
2447
2439
2446
2462
2450
2452
2442
2441
2468
2448
2441
2440
2449
2455
2456
2440
2440
2457
2457
2440
2440
2471
2448
2459
2446
2441
2458
2448
2440
2447
2451
2455
2448
2440
2441
2457
2448
2440
2440
2453
2463
2448
2440
2449
2462
2452
2448
2441
2440
2458
2450
2441
2440
2447
2451
2460
2443
2440
2457
2450
2454
2443
2450
2453
2450
2440
2446
2449
2452
2452
2440
2454
2451
2454
2439
2440
2448
2452
2456
2440
2440
2455
2452
2459
2442
2453
2454
2448
2445
2440
2456
2447
2441
2444
2450
2460
2449
2439
2443
2451
2451
2447
2439
2455
2452
2451
2440
2441
2455
2553
2463
2444
2439
2461
2472
2449
2440
2440
2462
2449
2449
2441
2472
2447
2446
2442
2440
2448
2462
2448
2441
2460
2448
2452
2440
2440
2455
2448
2452
2439
2441
2458
2446
2447
2440
2454
2447
2452
2440
2440
2447
2459
2447
2439
2440
2452
2463
2459
2442
2449
2450
2456
2445
2440
2454
2452
2458
2455
2451
2448
2447
2440
2439
2460
2447
2451
2439
2441
2452
2454
2447
2440
2440
2458
2449
2439
2440
2454
2453
2453
2440
2440
2457
2451
2446
2440
2449
2447
2460
2450
2439
2445
2455
2447
2445
2440
2457
2451
2456
2439
2440
2458
2447
2452
2440
2449
2453
2449
2439
2439
2468
2451
2457
2440
2440
2465
2456
2440
2440
2457
2448
2475
2442
2440
2453
2458
2477
2440
2451
2454
2448
2456
2443
2450
2454
2447
2440
2479
2452
2454
2439
2442
2472
2449
2451
2440
2440
2462
2461
2440
2439
2460
2448
2457
2440
2440
2456
2450
2472
2445
2449
2455
2449
2516
2440
2477
2479
2455
2466
2449
2441
2450
2446
2449
2445
2440
2454
2447
2440
2445
2455
2453
2456
2440
2440
2448
2457
2447
2440
2440
2454
2453
2448
2440
2455
2455
2455
2440
2440
2453
2448
2452
2440
2441
2447
2450
2453
2441
2440
2447
2451
2447
2439
2456
2450
2448
2446
2440
2450
2448
2449
2441
2441
2447
2452
2446
2440
2464
2448
2453
2440
2440
2459
2451
2453
2440
2440
2453
2447
2454
2441
2446
2450
2450
2441
2440
2450
2451
2450
2440
2440
2453
2461
2453
2439
2442
2447
2452
2440
2445
2456
2451
2450
2440
2444
2450
2456
2446
2439
2443
2449
2463
2446
2439
2455
2446
2454
2442
2440
2453
2451
2454
2440
2440
2455
2475
2453
2439
2448
2449
2463
2439
2442
2449
2447
2459
2444
2440
2454
2447
2455
2443
2440
2457
2446
2454
2444
2448
2451
2450
2442
2440
2447
2456
2449
2440
2440
2492
2453
2451
2440
2457
2462
2455
2447
2442
2470
2470
2456
2439
2440
