1  0.005270018621973929
500  1.1760335195530727
1000  2.3394785847299815
1500  3.489664804469274
2000  4.667486033519553
2500  5.821973929236499
3000  7.002979515828677
3500  8.160856610800746
4000  9.293221601489758
4500  10.48221601489758
5000  11.646238361266295
5500  12.790204841713221
6000  13.956014897579143
6500  15.10441340782123
7000  16.2816573556797
7500  17.441601489757915
8000  18.58437616387337
8500  19.7392364990689
9000  20.88271880819367
9500  22.100577281191807
10000  23.23687150837989
