1  0.0009124767225325884
500  0.41644320297951587
1000  0.8492364990689013
1500  1.278342644320298
2000  1.708901303538175
2500  2.141154562383613
3000  2.572048417132216
3500  3.0044320297951583
4000  3.4331657355679703
4500  3.861173184357542
5000  4.292271880819367
5500  4.719310986964618
6000  5.153836126629423
6500  5.580931098696461
7000  6.007337057728119
7500  6.442774674115456
8000  6.8714338919925515
8500  7.30925512104283
9000  7.733054003724395
9500  8.163482309124767
10000  8.59150837988827
