1  0.0019553072625698325
500  0.4194785847299814
1000  0.8525884543761639
1500  1.2869646182495345
2000  1.716312849162011
2500  2.1484357541899444
3000  2.577169459962756
3500  3.013463687150838
4000  3.4380819366852884
4500  3.877113594040968
5000  4.310707635009312
5500  4.733054003724395
6000  5.164376163873371
6500  5.60756052141527
7000  6.025512104283054
7500  6.4697206703910615
8000  6.891024208566108
8500  7.3224767225325875
9000  7.756014897579144
9500  8.180763500931098
10000  8.630279329608939
