1  0.0010242085661080075
500  0.41793296089385473
1000  0.8481378026070763
1500  1.2824394785847302
2000  1.7097951582867783
2500  2.144245810055866
3000  2.5768715083798885
3500  2.9996461824953444
4000  3.4313594040968343
4500  3.8628677839851027
5000  4.292458100558659
5500  4.72024208566108
6000  5.154078212290503
6500  5.578938547486033
7000  6.016275605214153
7500  6.444860335195531
8000  6.878826815642459
8500  7.308882681564246
9000  7.734636871508379
9500  8.159962756052142
10000  8.592756052141528
