1  0.003687150837988827
500  0.4438733705772812
1000  0.873631284916201
1500  1.304245810055866
2000  1.7380446927374302
2500  2.1726443202979513
3000  2.599497206703911
3500  3.0395716945996276
4000  3.4591061452513965
4500  3.9039851024208563
5000  4.331601489757914
5500  4.769515828677839
6000  5.191154562383613
6500  5.642402234636871
7000  6.066182495344506
7500  6.495716945996276
8000  6.9235009310986975
8500  7.3513035381750464
9000  7.791117318435754
9500  8.222122905027932
10000  8.642197392923649
