1  0.001005586592178771
500  0.41644320297951587
1000  0.8504096834264433
1500  1.2777281191806331
2000  1.7088640595903166
2500  2.1391433891992553
3000  2.5746182495344505
3500  3.003798882681564
4000  3.432458100558659
4500  3.862495344506518
5000  4.2914525139664805
5500  4.721713221601489
6000  5.15098696461825
6500  5.587039106145252
7000  6.019702048417132
7500  6.442513966480448
8000  6.8689757914338925
8500  7.30782122905028
9000  7.729608938547487
9500  8.16191806331471
10000  8.598361266294228
