1  0.001005586592178771
500  0.4188454376163873
1000  0.8483054003724394
1500  1.2775977653631285
2000  1.7087523277467411
2500  2.139497206703911
3000  2.5715456238361267
3500  3.001545623836127
4000  3.429050279329609
4500  3.8598137802607075
5000  4.295512104283054
5500  4.721862197392923
6000  5.155716945996276
6500  5.581843575418994
7000  6.014115456238361
7500  6.441452513966481
8000  6.867914338919926
8500  7.304450651769088
9000  7.729869646182495
9500  8.162290502793295
10000  8.59193668528864
