1  0.0032216014897579145
500  0.420782122905028
1000  0.8518808193668529
1500  1.2821973929236499
2000  1.7119180633147115
2500  2.1495716945996275
3000  2.5772253258845437
3500  3.0060893854748603
4000  3.43731843575419
4500  3.865586592178771
5000  4.290689013035382
5500  4.725586592178771
6000  5.15804469273743
6500  5.588212290502794
7000  6.016890130353818
7500  6.445288640595903
8000  6.8805959031657355
8500  7.308044692737431
9000  7.745065176908752
9500  8.160316573556797
10000  8.592960893854748
