1  0.0018435754189944135
500  0.4188268156424581
1000  0.8523463687150838
1500  1.2825512104283054
2000  1.713705772811918
2500  2.1508193668528865
3000  2.580540037243948
3500  3.017057728119181
4000  3.442718808193668
4500  3.878584729981378
5000  4.3102048417132215
5500  4.734413407821229
6000  5.160931098696461
6500  5.6056052141527
7000  6.028175046554935
7500  6.459590316573556
8000  6.894506517690875
8500  7.321508379888269
9000  7.759404096834264
9500  8.194003724394785
10000  8.607690875232775
