1  0.007243947858472999
500  1.0498324022346368
1000  2.077299813780261
1500  3.1287895716945995
2000  4.159608938547486
2500  5.188510242085662
3000  6.215176908752328
3500  7.253724394785847
4000  8.291098696461825
4500  9.332011173184357
5000  10.359068901303539
5500  11.388193668528864
6000  12.439888268156425
6500  13.480465549348231
7000  14.504450651769087
7500  15.517541899441339
8000  16.569217877094975
8500  17.616945996275604
9000  18.651824953445065
9500  19.709348230912475
10000  20.71443202979516
