1  0.001415270018621974
500  0.4206703910614525
1000  0.8489199255121043
1500  1.2831657355679702
2000  1.7113407821229052
2500  2.1399813780260706
3000  2.5733333333333333
3500  3.004320297951583
4000  3.434432029795158
4500  3.866163873370577
5000  4.293836126629423
5500  4.724748603351955
6000  5.158119180633148
6500  5.5827746741154565
7000  6.016945996275605
7500  6.455232774674116
8000  6.871675977653631
8500  7.306219739292365
9000  7.737541899441341
9500  8.168808193668529
10000  8.596834264432031
