1  0.00441340782122905
500  0.42150837988826817
1000  0.8532774674115456
1500  1.2843202979515829
2000  1.7135754189944135
2500  2.140540037243948
3000  2.5756797020484172
3500  3.009906890130354
4000  3.434823091247672
4500  3.868491620111732
5000  4.295959031657356
5500  4.727132216014898
6000  5.155344506517691
6500  5.586983240223464
7000  6.014506517690876
7500  6.444264432029795
8000  6.874674115456238
8500  7.3131843575419
9000  7.742979515828678
9500  8.169236499068901
10000  8.600763500931098
