1  0.0015083798882681565
500  0.42113594040968344
1000  0.8517318435754191
1500  1.2811359404096834
2000  1.7109869646182494
2500  2.1432588454376167
3000  2.5734823091247674
3500  3.0036499068901303
4000  3.434301675977654
4500  3.8655493482309127
5000  4.294953445065177
5500  4.724655493482309
6000  5.158826815642458
6500  5.586275605214152
7000  6.0215642458100564
7500  6.450875232774674
8000  6.876554934823091
8500  7.310018621973929
9000  7.734059590316574
9500  8.16562383612663
10000  8.593575418994414
