1  0.0013594040968342644
500  0.4202979515828678
1000  0.8530353817504656
1500  1.2832402234636873
2000  1.7143947858472999
2500  2.14145251396648
3000  2.5751024208566107
3500  3.004040968342644
4000  3.436629422718808
4500  3.864748603351955
5000  4.304972067039106
5500  4.725679702048417
6000  5.154338919925512
6500  5.583612662942272
7000  6.010744878957169
7500  6.443221601489758
8000  6.884376163873371
8500  7.309795158286779
9000  7.7387895716946
9500  8.171359404096833
10000  8.594785847299812
