253
264
254
255
254
253
253
252
253
253
254
260
252
253
253
254
254
253
295
253
253
253
253
253
253
253
253
253
254
253
253
253
253
253
252
253
253
253
252
252
253
254
253
253
263
253
254
253
253
253
253
253
253
254
262
253
253
253
253
253
253
253
268
254
254
253
254
253
254
253
254
264
253
255
253
254
253
252
253
252
268
253
253
253
253
253
253
253
253
253
254
253
253
253
253
253
253
253
266
253
253
253
253
253
252
256
255
253
253
253
253
264
252
253
253
253
252
253
256
253
253
253
253
254
278
253
254
253
254
253
254
255
254
253
253
254
253
263
253
253
254
253
254
253
254
253
257
253
253
253
253
252
252
253
253
253
253
256
254
252
254
254
253
253
304
253
253
253
253
253
253
254
253
253
253
253
253
253
253
265
253
253
253
253
253
253
252
254
266
253
256
272
264
253
253
252
253
253
256
253
253
253
253
253
253
318
253
253
253
253
253
254
253
253
295
253
253
254
253
254
253
253
253
278
253
253
253
253
253
253
253
253
253
253
253
253
267
253
253
253
253
253
253
253
253
253
253
253
253
254
253
253
253
253
253
253
254
253
267
252
253
253
253
253
253
253
253
253
252
252
253
253
253
253
253
257
253
253
253
254
253
253
254
253
253
253
253
252
253
252
253
253
253
253
254
253
253
253
265
253
253
253
253
253
253
253
253
311
253
254
253
253
253
253
253
253
265
253
253
253
253
261
253
254
252
265
253
253
252
253
254
252
253
253
265
253
252
252
253
253
253
253
254
267
253
254
253
253
253
253
255
253
254
253
253
254
253
253
252
252
253
287
252
253
253
253
253
254
253
253
254
253
253
254
253
253
253
253
253
253
253
252
253
263
253
254
253
257
253
253
253
254
278
252
253
253
254
252
253
253
254
253
252
253
254
288
253
253
253
254
253
254
253
253
255
302
253
253
255
262
253
253
253
253
254
253
253
286
252
253
253
253
253
253
253
253
253
258
253
252
256
253
265
253
252
253
287
253
254
253
253
303
254
253
256
254
259
253
254
253
297
254
252
252
253
269
253
253
253
253
253
253
258
253
253
256
253
253
253
255
253
253
252
254
253
253
253
253
253
252
252
253
296
254
253
253
253
252
253
252
252
254
253
252
253
253
253
253
253
253
253
252
257
253
253
253
253
253
253
253
252
252
253
253
253
253
254
253
252
253
259
253
253
253
252
253
253
253
253
270
262
253
253
253
255
253
253
253
253
263
253
252
253
253
253
253
253
253
253
252
253
253
261
253
253
254
253
259
253
253
254
281
253
253
253
253
269
254
253
253
253
253
253
253
299
253
253
254
253
253
253
258
256
255
253
253
253
253
252
253
252
293
253
253
253
253
253
253
254
253
253
253
253
253
253
253
253
253
253
281
253
253
253
252
253
253
253
253
253
254
253
253
264
253
253
254
253
253
253
253
253
254
253
253
254
253
253
253
253
253
253
253
253
253
253
263
253
253
253
253
253
252
254
253
301
253
253
253
254
253
253
252
253
253
253
253
253
253
252
253
253
253
253
253
253
253
253
253
253
252
253
253
253
254
253
253
253
253
252
253
252
253
253
254
253
253
253
254
253
253
253
254
253
254
254
252
252
254
253
253
253
252
253
255
253
253
253
253
253
253
253
253
254
253
254
280
253
255
253
254
253
253
253
253
254
253
252
253
262
254
256
253
253
253
253
253
254
253
254
253
253
262
254
253
253
253
253
257
253
253
252
254
252
252
256
253
253
252
252
253
252
253
253
282
253
253
253
256
253
253
253
252
254
253
253
253
253
253
253
253
266
253
253
253
253
261
253
252
253
263
252
253
252
252
253
253
254
253
253
253
253
253
253
254
257
253
253
253
254
253
253
253
263
254
253
252
252
253
253
253
253
285
253
257
254
253
253
253
254
253
253
253
254
253
253
263
253
254
253
253
253
255
254
253
261
254
253
253
254
253
253
254
253
253
253
255
254
253
253
253
253
253
253
253
253
253
253
253
253
253
253
254
253
253
253
253
254
253
253
253
258
253
253
253
253
253
253
253
253
268
253
253
253
253
253
254
253
253
301
253
253
253
253
254
253
253
253
253
253
253
253
265
253
253
253
254
253
253
253
254
253
253
253
253
253
253
252
253
253
253
253
253
253
253
252
258
253
253
253
253
253
253
261
253
253
255
253
253
253
253
253
254
253
253
253
253
252
254
253
253
253
252
253
253
253
253
253
253
289
253
253
253
253
253
252
253
253
253
252
253
253
252
253
253
253
252
263
253
253
253
255
253
253
253
253
299
253
253
253
253
254
253
253
253
264
253
253
253
253
254
253
253
253
253
253
253
252
264
253
252
253
253
253
253
253
254
287
260
252
253
253
253
253
253
253
253
253
253
253
253
253
253
253
253
253
254
260
253
252
253
253
252
253
282
253
253
253
253
253
253
253
253
252
253
253
258
253
253
253
253
253
253
253
253
253
253
253
253
253
253
253
253
253
253
258
263
254
253
253
253
253
253
254
253
264
253
253
254
253
253
253
252
252
263
253
252
253
253
253
252
254
252
253
253
253
253
253
253
252
253
252
261
253
253
253
267
255
253
253
253
253
253
252
253
253
253
253
253
253
253
255
252
253
280
252
252
253
252
253
253
253
253
262
253
252
253
253
253
253
253
253
264
253
252
252
253
253
253
253
253
267
253
254
253
253
253
253
253
253
264
253
253
253
253
253
253
253
253
266
265
253
253
288
253
253
255
253
253
252
253
253
253
253
253
255
254
253
253
253
253
263
253
253
258
283
252
253
253
253
253
253
253
253
268
253
253
253
253
254
254
254
257
259
252
253
253
267
252
252
252
253
253
254
253
253
264
253
253
253
253
253
255
253
252
274
253
253
253
253
254
253
254
253
269
253
254
253
253
253
253
253
253
267
253
253
253
253
253
252
253
253
253
253
253
253
252
253
253
254
252
253
253
253
253
267
255
253
253
253
253
253
253
253
253
253
253
255
253
253
252
253
254
253
253
254
253
285
