382
381
381
382
381
381
394
381
382
386
385
381
381
388
381
381
381
414
382
385
381
382
381
381
381
381
381
382
410
382
381
382
399
382
381
381
382
382
381
381
382
381
381
382
382
381
382
381
381
382
381
386
381
381
381
382
382
382
382
381
382
382
382
381
381
382
382
382
382
382
381
392
382
381
382
395
381
381
381
397
381
383
385
382
382
382
381
381
381
381
382
382
382
382
405
382
381
382
394
382
383
382
391
382
382
381
382
382
381
381
382
381
381
381
381
382
383
382
381
381
381
405
381
381
381
392
383
381
381
381
381
381
382
381
381
381
394
381
381
381
382
381
382
411
382
381
381
383
381
382
381
381
381
381
381
382
382
381
382
381
381
382
405
382
381
381
381
382
389
381
381
382
381
382
381
381
381
394
385
381
382
394
382
381
381
432
381
381
382
382
382
384
382
385
381
382
393
381
383
381
395
382
382
382
393
382
381
381
413
381
382
382
382
381
382
381
382
381
381
381
382
384
381
381
381
382
387
382
381
381
381
381
392
383
398
382
394
382
382
381
412
381
382
383
388
382
382
382
381
383
382
394
381
381
382
446
396
381
387
381
381
381
381
382
382
381
418
381
381
381
388
381
381
381
409
381
382
381
394
381
381
381
381
382
382
381
382
381
381
381
390
381
381
382
391
381
382
381
382
381
381
382
381
381
382
381
382
385
381
381
381
381
382
424
382
381
381
391
381
382
381
409
382
386
381
381
382
382
382
382
382
381
381
382
382
382
382
381
381
385
411
381
381
381
391
384
382
381
419
382
381
382
381
381
381
383
382
382
382
381
381
382
382
384
381
381
382
405
381
381
382
395
381
381
382
382
381
382
384
406
381
381
381
382
381
382
381
385
382
382
404
382
382
382
382
382
381
381
382
381
382
382
382
385
382
382
382
412
382
384
382
391
383
381
382
381
383
385
393
414
384
381
382
382
382
382
381
387
383
381
382
381
382
382
382
381
381
393
381
382
382
383
381
382
388
381
382
382
392
381
381
382
383
381
381
381
381
382
392
392
381
381
382
408
382
381
388
382
381
382
381
381
381
382
387
382
381
381
381
381
381
382
382
382
382
381
382
381
382
382
382
384
381
382
381
382
382
381
383
382
382
382
382
382
381
382
381
381
381
382
382
382
381
381
381
381
381
382
381
382
383
381
382
381
384
382
391
382
381
382
408
382
383
382
390
381
382
381
381
381
381
382
409
381
381
382
392
381
381
381
382
382
382
382
391
382
382
385
381
381
382
382
382
381
381
382
381
381
381
381
382
382
381
382
381
382
381
381
381
381
382
381
382
381
381
381
382
382
389
386
381
381
382
381
384
394
382
381
381
398
382
382
384
381
381
381
387
381
381
381
386
381
382
382
396
387
381
381
391
381
382
381
381
382
381
381
383
382
381
381
382
384
382
392
382
382
382
406
381
381
381
381
382
381
381
381
382
381
381
382
382
382
382
381
381
381
411
381
382
382
394
382
382
382
382
384
382
382
381
383
382
381
382
381
381
381
381
381
382
419
381
382
381
391
382
381
382
381
381
382
381
381
381
381
381
381
381
381
383
381
381
382
414
382
381
381
382
381
381
382
381
381
382
398
381
381
382
423
381
382
383
430
382
382
382
382
381
382
381
381
381
381
381
381
381
382
391
388
381
381
391
381
383
382
382
381
381
381
381
382
382
381
382
384
381
426
381
381
382
382
382
382
381
382
381
381
381
382
381
383
403
381
381
382
392
382
382
381
381
383
381
382
382
382
382
382
386
381
400
381
382
381
381
381
381
382
381
381
382
385
382
381
382
382
382
381
381
382
381
381
381
382
382
381
381
385
381
381
392
381
382
382
412
382
382
382
393
381
381
382
411
382
382
382
393
382
381
382
436
382
382
382
392
382
381
382
410
382
383
381
382
382
381
382
381
386
382
381
382
381
381
381
382
381
381
382
382
381
381
381
381
381
382
382
381
381
382
381
382
381
381
384
382
381
382
382
382
381
382
381
381
382
382
382
381
381
381
381
382
381
381
392
382
381
383
392
382
382
381
413
381
382
381
393
390
383
381
409
382
382
381
392
381
381
381
392
382
382
382
381
382
382
382
382
381
381
381
381
382
381
382
382
382
381
381
382
382
386
381
384
382
381
388
381
386
382
382
381
382
381
382
382
382
382
381
382
396
393
381
382
381
384
382
381
381
381
382
382
383
381
381
381
381
382
382
381
382
381
382
381
381
381
381
382
400
382
382
382
392
381
381
381
439
381
382
381
382
382
382
382
382
385
381
381
382
382
382
381
381
381
382
381
389
381
381
382
381
387
382
401
381
381
382
392
381
382
382
399
381
383
382
396
382
382
382
445
381
381
381
392
382
381
381
410
382
382
382
395
382
381
386
382
383
382
381
382
382
381
381
382
382
382
381
382
381
381
381
382
382
381
381
382
381
381
381
383
381
382
382
381
382
382
382
387
381
381
382
382
381
382
382
381
381
381
392
381
381
382
398
385
382
381
382
381
381
382
382
382
382
381
382
382
381
382
382
384
381
395
382
382
382
404
381
382
381
392
381
381
382
382
398
385
382
381
381
381
382
381
387
382
382
402
382
382
395
382
388
381
382
381
382
381
382
382
381
381
382
381
382
381
381
381
385
392
383
381
381
384
382
382
381
381
381
382
382
385
381
381
382
383
381
381
390
382
382
382
392
381
381
381
381
382
381
381
382
383
382
381
383
382
381
381
382
382
382
381
381
381
381
381
382
381
381
382
382
381
381
381
382
382
382
382
381
381
381
381
381
381
381
392
381
381
388
403
382
382
381
381
386
382
381
382
381
382
382
382
382
381
387
381
381
381
392
381
381
381
381
381
382
382
382
381
381
381
381
384
381
381
382
382
381
382
381
381
382
382
387
383
381
381
381
381
381
381
381
381
382
381
384
382
382
397
383
382
381
395
381
381
382
382
384
382
382
381
382
382
381
392
381
382
381
390
381
381
382
381
382
381
381
381
382
381
381
382
382
382
382
