510
510
510
510
510
522
510
510
511
530
511
511
513
510
510
523
511
510
510
510
517
510
510
510
510
520
509
510
536
517
510
510
510
510
511
520
510
510
510
510
512
514
520
511
510
511
510
510
510
521
510
510
509
510
510
510
525
509
510
515
510
510
511
510
511
510
528
510
510
512
511
510
509
510
509
509
527
510
510
510
510
510
510
552
510
510
511
509
510
511
510
510
510
519
510
510
510
510
513
510
521
510
510
510
510
510
510
519
510
513
510
510
510
510
524
509
509
510
510
510
510
510
510
511
518
510
511
510
510
510
510
510
510
510
520
510
511
510
511
510
510
520
510
510
559
510
510
510
510
510
510
529
510
510
510
510
510
511
510
510
510
527
510
510
510
510
510
510
521
510
510
550
510
510
510
510
510
510
525
510
510
520
510
510
510
509
510
518
518
519
510
510
510
510
517
509
513
510
510
509
509
535
510
512
510
510
510
510
510
509
544
539
511
510
511
509
509
510
529
509
510
510
510
511
510
510
510
510
534
510
511
511
513
510
510
535
510
511
510
510
510
510
533
510
510
510
514
510
510
510
510
511
540
510
510
510
510
510
510
519
511
510
511
510
510
510
510
510
510
536
510
510
512
510
510
510
560
510
510
510
510
510
510
511
510
510
522
510
510
510
510
510
510
510
510
510
542
511
510
510
510
511
509
542
511
509
510
510
511
510
516
511
510
509
510
511
510
525
510
510
510
510
510
510
529
510
510
511
511
510
510
542
514
510
510
511
510
510
519
527
511
510
510
511
510
511
510
510
510
510
509
510
524
510
510
509
511
510
510
518
510
516
510
510
510
510
515
510
526
510
510
510
510
510
510
510
513
510
510
510
510
510
510
528
528
510
510
510
510
510
510
523
510
511
510
509
510
510
510
509
510
510
510
510
511
515
511
510
538
510
510
510
510
510
510
531
511
510
535
510
511
510
510
510
510
509
510
509
523
515
510
510
510
510
511
536
510
510
509
510
510
510
521
513
512
510
510
510
510
522
510
511
510
510
510
510
549
510
513
523
511
510
510
559
511
511
510
510
511
510
546
510
511
511
510
511
510
510
510
525
536
510
510
510
510
509
510
521
509
509
546
511
509
526
510
510
510
542
510
510
510
512
510
510
512
510
510
522
510
510
509
510
510
510
522
513
510
510
510
509
510
521
525
510
512
510
509
510
521
511
510
510
510
510
512
520
510
510
510
510
510
510
531
510
511
523
510
510
510
510
510
510
523
510
512
510
510
510
511
535
510
511
510
511
511
510
519
510
510
510
511
510
510
522
517
510
538
510
510
525
510
510
510
510
521
510
510
510
519
511
510
510
510
518
524
510
510
557
510
510
511
510
510
510
520
510
510
510
510
510
510
541
510
510
510
512
511
511
521
510
509
509
510
510
510
520
558
515
568
510
510
524
510
524
510
509
510
510
521
510
510
510
509
511
510
510
511
509
530
510
510
510
510
511
510
545
510
514
510
509
511
510
520
510
510
520
512
509
510
510
511
513
520
510
510
511
510
510
510
510
509
511
557
510
511
513
511
510
510
518
510
510
540
510
510
511
510
510
510
520
510
510
510
510
510
510
540
510
510
510
510
509
510
519
511
510
534
510
510
510
510
510
510
532
510
510
512
510
516
510
537
510
510
511
510
510
512
510
511
510
510
510
510
511
537
510
511
510
510
511
510
535
510
510
510
510
511
512
537
510
510
510
510
510
510
520
510
511
510
510
510
511
525
510
510
510
511
509
510
510
510
510
510
518
510
511
526
509
509
514
510
510
510
521
511
510
510
510
509
510
524
510
541
512
510
510
509
527
509
510
510
510
510
512
519
510
511
510
510
510
510
521
510
510
510
510
510
510
541
510
510
510
515
510
510
532
510
509
510
510
509
510
536
512
510
521
510
510
510
510
511
510
520
510
509
510
510
510
510
520
510
514
510
511
510
510
537
510
513
511
510
510
510
510
510
512
541
510
510
510
510
510
510
544
509
510
511
511
510
510
510
509
510
522
510
510
510
510
510
510
520
509
510
511
551
510
510
522
510
509
510
510
510
510
510
511
510
544
512
510
510
511
511
511
523
510
510
510
510
510
510
510
510
511
510
510
510
511
530
510
510
509
510
510
510
520
510
511
510
510
510
510
520
517
516
511
510
510
511
519
510
510
512
510
510
510
531
510
510
510
510
510
510
534
510
526
515
510
510
510
510
510
510
517
510
510
510
510
510
510
519
510
509
512
510
510
510
530
510
510
510
510
510
511
510
511
510
540
509
510
510
511
510
513
533
509
510
510
510
509
510
510
510
510
551
510
511
510
511
510
510
533
528
512
510
510
510
510
532
510
510
511
513
510
510
510
531
512
516
510
510
522
510
511
510
510
511
510
520
510
510
519
512
509
510
512
510
510
520
511
510
510
510
511
510
527
511
510
510
510
510
510
540
510
510
511
510
510
511
569
516
510
512
510
510
511
550
510
510
510
510
510
510
511
510
510
511
510
510
510
519
510
510
510
510
510
510
519
510
511
510
511
510
512
510
510
510
511
541
510
510
510
510
528
516
516
510
510
510
510
510
510
510
510
510
534
510
510
513
510
510
510
555
513
510
511
510
510
510
537
510
510
526
517
510
511
531
510
510
510
510
510
510
520
510
510
510
510
511
509
551
510
510
510
510
510
511
533
510
510
511
526
521
511
521
510
511
510
511
510
510
541
510
510
510
510
510
510
540
510
510
510
510
510
510
524
510
510
510
510
526
516
522
510
512
510
510
510
510
525
511
510
510
511
512
510
523
510
510
510
510
510
510
526
510
510
510
510
510
510
524
510
510
510
510
510
510
544
511
510
510
510
510
510
575
516
510
510
510
510
510
547
510
510
510
510
510
510
510
510
511
510
510
510
510
549
510
510
510
510
510
509
521
525
516
511
512
510
510
510
510
510
521
510
510
511
510
527
516
521
510
509
510
511
510
512
545
510
510
510
510
510
510
520
528
510
510
510
510
511
537
510
510
509
510
510
510
