639
639
648
643
638
682
638
642
655
638
639
663
639
639
649
639
645
651
639
638
648
638
639
648
638
640
655
638
641
649
638
638
660
639
639
648
639
639
639
639
638
640
640
638
639
639
639
639
638
638
638
639
640
639
654
639
639
662
639
638
650
639
639
661
639
639
648
640
639
639
641
639
639
638
639
638
638
639
639
639
641
639
663
639
639
650
639
638
648
638
638
660
639
640
639
639
639
640
639
638
638
639
638
638
638
639
645
639
639
639
639
639
638
638
638
638
638
639
639
647
638
639
648
639
639
676
639
639
647
639
639
639
638
639
639
639
639
639
638
638
638
640
638
638
644
639
639
639
639
639
649
638
639
682
638
639
648
644
638
668
638
639
648
639
638
639
639
638
639
640
644
639
639
639
639
639
641
639
647
638
647
638
638
652
639
639
639
639
660
652
641
639
648
639
639
638
641
639
639
639
639
638
639
639
639
638
639
639
648
639
638
649
638
638
659
639
641
639
639
638
638
640
638
639
638
639
639
651
639
640
666
639
638
688
639
649
639
638
639
639
639
642
639
639
638
639
639
645
639
638
639
651
638
639
672
638
638
648
638
639
651
638
638
638
639
645
638
642
638
639
638
638
639
648
645
639
651
639
639
668
641
638
652
643
638
668
639
639
639
638
639
639
639
644
639
639
639
638
639
639
639
638
638
639
639
638
639
638
638
639
650
639
638
648
638
638
654
639
639
639
639
639
639
639
638
639
638
638
641
639
638
638
683
638
639
639
639
638
655
639
639
686
639
639
646
640
640
646
638
639
639
654
638
638
639
638
639
639
641
638
639
639
639
648
655
638
676
639
638
647
639
644
638
640
638
639
639
638
639
638
639
639
648
641
644
680
639
638
648
639
644
639
639
639
639
639
638
644
638
639
639
662
638
639
650
638
639
638
639
638
639
638
638
641
647
639
638
638
639
645
638
638
638
638
638
649
638
638
640
638
639
639
638
639
647
639
639
657
643
639
650
639
639
639
639
639
639
638
639
638
639
639
638
669
638
640
644
638
638
639
639
638
638
639
641
648
638
639
664
639
639
652
638
640
648
639
638
681
639
638
649
638
644
638
639
639
639
638
638
639
639
640
638
638
639
639
638
639
638
639
639
639
639
638
639
639
638
638
679
641
638
656
638
638
659
639
639
647
638
638
649
639
639
647
639
638
676
642
639
638
638
638
639
639
654
639
639
639
639
639
640
638
639
640
639
638
640
639
638
639
649
638
639
678
639
638
661
638
639
651
638
640
639
639
639
639
641
639
639
639
639
638
639
639
639
657
639
639
659
641
638
639
639
639
638
649
639
643
683
639
639
652
638
638
650
638
639
672
638
639
655
639
638
655
639
638
640
644
638
638
639
639
639
645
639
654
638
638
665
639
642
657
639
639
673
639
642
655
639
639
665
638
644
650
639
639
638
639
639
638
639
639
638
639
639
639
639
639
639
664
638
638
649
639
638
652
639
639
649
641
639
674
639
638
655
638
638
659
641
639
650
639
638
648
639
639
669
644
639
653
639
638
662
639
639
639
646
639
639
638
639
638
639
639
638
638
638
639
638
639
639
639
645
639
639
639
638
639
639
638
639
638
641
639
638
644
671
639
639
649
639
639
672
639
639
652
639
638
663
639
640
650
639
639
670
639
639
652
638
639
649
639
638
639
638
638
639
638
640
639
638
639
638
648
639
639
639
639
639
639
639
639
647
639
639
657
641
638
647
638
639
639
639
639
638
640
639
682
638
638
654
638
638
681
645
647
651
639
639
683
639
638
678
640
639
650
639
639
650
638
639
649
640
638
671
639
638
638
639
639
639
640
638
638
638
638
639
639
638
639
664
639
639
651
639
639
660
639
638
643
638
639
666
638
639
638
638
638
640
638
639
639
639
638
639
639
638
640
664
639
639
650
638
639
663
639
639
655
639
638
639
638
638
638
638
640
638
639
643
638
639
639
639
665
638
638
649
638
639
661
643
639
653
640
639
663
638
638
648
638
639
639
654
644
639
639
639
639
639
638
639
655
639
639
638
654
641
639
638
638
638
638
638
639
638
639
663
639
648
640
638
638
638
639
639
639
638
641
638
638
639
642
639
639
661
639
639
650
638
639
645
638
638
659
639
639
639
638
638
649
638
638
657
639
640
650
639
639
650
638
639
639
638
639
639
639
639
639
685
639
638
648
639
639
660
638
638
648
639
639
639
640
639
639
639
639
638
651
638
638
639
639
638
639
638
641
639
639
639
640
639
639
639
638
638
675
639
638
650
638
638
663
639
638
639
638
638
641
638
639
639
644
638
639
638
638
640
639
639
638
639
639
639
649
645
640
647
639
638
680
638
638
650
638
640
666
639
642
648
639
639
648
639
638
663
639
639
639
639
639
639
638
639
639
639
638
639
639
639
644
640
639
640
638
638
639
639
639
639
647
640
638
648
639
638
638
640
639
639
639
638
639
639
638
639
638
639
639
649
638
638
639
638
638
639
638
639
638
638
639
648
644
639
648
639
639
680
638
639
648
639
638
639
639
641
638
638
638
638
638
639
639
651
639
639
648
639
640
650
639
638
657
639
640
638
638
639
639
639
639
638
639
640
638
666
639
638
648
639
638
664
639
639
639
645
639
659
639
638
638
641
638
638
639
639
639
638
639
638
639
638
638
639
639
639
647
638
639
653
645
638
666
638
639
648
639
638
640
639
638
638
638
640
638
639
639
639
647
638
639
651
638
639
647
639
651
661
638
639
680
639
638
646
639
639
652
638
639
644
638
639
638
639
640
639
639
638
639
647
638
656
666
638
639
667
638
638
651
638
639
669
645
639
647
639
639
677
638
638
646
639
638
661
639
639
649
641
638
647
639
639
660
639
638
638
638
638
639
639
639
639
639
639
639
667
638
639
663
639
638
638
638
645
639
638
639
638
639
638
639
639
639
647
639
652
639
639
639
652
639
639
670
639
640
650
639
639
638
638
638
639
638
639
639
639
639
639
638
639
639
641
639
639
639
638
639
638
