767
767
768
767
768
960
770
783
769
767
767
767
784
767
770
776
774
767
768
768
775
767
767
793
767
768
786
767
768
768
768
767
767
767
774
767
768
792
770
767
767
767
768
767
767
772
768
767
797
772
767
767
768
767
769
768
777
767
767
798
769
767
767
767
767
767
768
778
767
768
797
767
773
776
767
767
767
767
767
769
767
767
767
767
785
767
767
779
767
767
767
767
767
767
768
767
768
767
772
767
767
776
767
769
767
767
767
773
767
774
768
767
794
767
767
776
767
767
768
771
767
767
767
768
767
767
775
768
768
795
768
767
767
767
767
767
768
767
767
767
806
767
774
776
767
767
776
767
767
767
767
768
769
767
776
767
766
794
767
767
767
768
767
767
767
767
767
767
807
767
767
775
768
767
767
767
768
773
767
790
767
768
780
767
767
767
778
767
767
767
796
767
767
777
768
767
768
768
769
770
767
767
767
767
807
774
767
779
767
767
767
767
767
767
768
782
768
767
777
767
767
792
767
768
776
767
767
799
767
767
767
769
768
767
767
767
767
767
780
769
767
778
767
767
783
768
767
777
767
767
779
767
767
767
767
767
767
767
767
767
767
797
767
767
777
767
767
807
767
767
767
787
769
767
767
767
767
767
778
767
767
791
768
767
767
768
767
768
777
777
767
767
801
767
768
777
768
768
767
767
768
767
767
776
767
768
793
767
768
776
767
770
768
767
767
767
768
806
768
767
776
768
767
793
767
767
767
767
768
768
767
769
767
767
767
770
767
791
767
768
788
767
767
792
767
767
776
770
768
767
767
767
767
767
780
767
767
775
767
768
767
767
767
767
767
767
767
767
772
767
770
795
767
767
767
770
782
767
767
777
767
781
778
767
767
768
773
777
767
767
776
767
768
794
769
767
768
767
768
802
768
768
767
768
785
769
767
767
789
767
767
768
767
767
770
769
783
769
767
767
767
768
774
767
792
767
767
780
767
767
769
767
777
767
767
777
767
767
794
768
777
767
767
768
768
768
767
767
767
767
768
767
798
767
767
777
767
772
789
768
768
777
768
767
773
768
767
767
767
767
767
770
779
768
767
797
768
767
779
767
769
792
767
767
767
767
767
768
769
767
767
768
792
767
767
780
769
768
795
767
767
767
768
768
767
783
767
767
767
782
767
773
799
767
767
767
767
767
767
767
780
767
767
778
767
767
767
766
769
767
768
792
767
767
792
768
767
779
767
767
768
767
768
768
767
769
773
767
778
768
767
777
767
769
798
767
767
768
772
767
781
778
782
767
767
767
767
767
768
770
790
768
768
776
767
767
784
768
767
767
767
767
773
768
767
767
775
780
767
779
767
767
767
767
770
767
767
793
767
778
768
767
767
768
767
782
767
767
782
768
770
777
767
767
802
767
767
773
767
770
767
768
768
767
767
792
767
769
777
770
768
793
767
767
767
767
767
767
768
767
767
767
780
769
768
794
767
767
779
767
767
791
770
767
767
767
767
767
783
776
768
767
786
767
769
778
767
767
768
767
767
767
767
776
767
767
807
767
767
767
767
783
767
767
785
767
767
778
767
767
768
767
768
767
767
776
767
767
777
767
768
777
767
767
795
768
767
767
767
767
767
767
778
767
768
817
783
768
767
767
767
767
769
777
767
767
794
768
767
777
767
767
768
768
768
767
767
779
767
782
808
767
767
767
767
769
767
767
767
768
767
812
767
767
809
767
767
768
767
767
767
767
777
767
767
817
767
768
767
767
768
767
769
776
777
767
767
767
767
767
769
768
767
767
783
767
767
767
804
767
767
767
788
769
767
768
767
767
767
767
767
772
767
782
767
771
778
767
767
787
786
770
768
767
767
767
768
780
767
768
793
767
767
777
767
767
786
767
770
772
767
767
767
767
773
768
768
774
767
767
788
768
767
767
769
767
768
767
768
768
767
768
767
769
773
767
767
778
767
767
792
769
768
775
768
767
767
767
767
767
767
791
767
767
777
767
771
777
768
767
767
768
767
767
767
767
769
768
776
767
767
780
767
768
792
767
767
767
767
768
769
767
769
767
767
793
768
767
776
767
767
795
767
767
767
767
767
767
768
767
767
767
766
768
767
780
768
769
776
768
768
789
767
767
767
775
767
770
770
779
767
767
767
769
767
768
768
767
767
766
774
770
767
781
768
767
767
767
770
767
767
767
768
767
799
767
767
779
766
767
783
767
768
767
768
767
769
768
767
767
767
767
772
767
789
767
767
776
768
768
767
768
768
767
767
809
768
767
775
767
768
774
767
767
808
769
767
767
769
767
767
767
773
767
767
775
767
773
795
767
767
768
767
768
768
767
775
767
768
803
768
768
776
770
768
785
768
768
775
767
768
774
767
767
767
767
777
767
767
777
767
767
777
772
767
767
767
767
767
768
777
767
767
776
775
768
780
767
770
769
767
777
767
767
785
783
767
776
767
767
767
767
767
773
767
773
768
775
768
767
768
767
767
774
767
766
808
767
806
767
767
767
768
768
776
767
767
788
767
797
783
767
767
772
768
776
767
767
788
767
766
812
769
767
775
767
768
768
767
767
769
767
767
767
768
790
767
767
777
767
767
767
767
767
783
777
795
767
767
777
767
767
767
768
767
767
767
796
767
767
779
767
774
767
767
767
767
783
780
767
768
790
767
768
780
768
768
768
769
783
767
767
790
767
767
776
767
767
767
767
767
776
767
773
768
767
774
767
768
767
767
768
785
767
776
767
767
784
767
772
776
768
768
767
770
767
767
767
774
767
767
788
767
767
767
783
770
767
767
775
767
767
804
766
767
774
768
767
767
767
766
767
767
776
767
767
789
768
783
774
767
768
768
767
774
767
767
789
767
769
792
769
767
768
767
767
767
772
777
767
767
777
773
767
768
767
768
768
768
767
767
767
786
767
772
776
767
767
786
767
767
767
767
768
767
767
778
767
767
773
767
767
776
767
768
768
767
774
768
767
790
767
767
779
768
768
768
768
768
768
768
789
767
767
776
768
767
775
767
767
770
767
769
768
767
784
767
