903
896
896
936
896
904
909
896
895
899
909
896
898
896
896
906
895
896
896
907
909
896
895
895
901
904
896
895
896
901
908
896
895
903
896
907
895
895
896
896
913
898
896
918
896
895
895
896
917
896
896
898
896
921
895
897
896
895
920
896
896
900
896
921
896
896
895
895
916
896
897
895
896
923
896
896
895
896
917
896
895
905
899
896
896
897
905
896
896
896
895
902
896
900
896
895
906
896
896
896
896
916
895
896
896
895
904
897
895
918
896
895
896
896
926
896
896
896
896
902
896
896
897
895
904
902
895
896
896
902
896
896
903
896
920
899
896
903
896
896
896
896
906
896
896
896
899
924
896
895
896
896
916
896
896
905
896
899
896
897
938
901
918
895
896
903
897
921
896
899
896
896
905
902
896
939
896
914
896
905
895
896
913
896
905
902
905
896
896
908
895
896
896
896
905
895
895
895
899
905
896
896
905
930
897
896
896
903
896
899
901
896
905
896
914
921
896
895
896
897
924
896
896
896
896
930
896
897
906
896
896
896
895
902
897
895
895
895
902
895
895
901
897
905
895
896
911
896
907
897
897
917
896
905
896
896
913
913
896
895
896
923
900
896
898
896
912
896
896
896
896
908
896
902
896
895
904
895
911
920
896
895
895
896
905
895
897
896
896
922
895
896
896
896
947
896
896
905
896
895
896
897
902
895
896
898
895
904
896
896
923
896
895
896
896
903
897
895
895
896
916
896
896
905
896
896
896
898
905
896
896
896
912
908
962
898
895
897
906
895
896
896
896
904
896
896
918
896
897
895
895
913
895
895
896
896
915
895
896
898
895
927
895
895
922
896
897
896
896
905
895
896
896
896
901
896
897
896
895
926
902
895
896
898
905
896
895
895
895
907
895
896
905
896
896
896
896
905
897
896
896
896
904
896
896
920
896
896
906
896
896
897
895
939
895
895
896
896
922
896
895
896
896
956
895
895
897
895
906
895
896
896
896
929
896
896
905
895
896
898
896
909
896
896
911
896
922
895
895
896
896
929
896
896
896
913
922
896
895
907
898
896
896
903
906
895
896
895
895
906
898
895
896
895
912
896
896
896
896
909
896
895
920
896
896
896
901
915
896
896
895
896
931
896
896
896
896
896
896
896
907
896
895
898
896
907
896
896
920
895
895
895
896
917
898
896
896
896
918
896
896
1226
896
906
896
896
896
896
920
896
911
896
895
904
896
897
921
896
896
896
927
908
895
895
896
898
908
895
896
896
896
907
898
896
896
896
933
896
896
896
897
909
896
896
896
896
917
899
896
896
896
924
896
896
908
896
896
896
896
903
896
915
901
898
896
895
924
898
896
899
899
904
901
896
896
895
917
896
895
896
895
926
895
897
896
896
909
895
897
896
895
913
902
899
895
896
905
896
897
897
896
925
895
896
897
896
911
896
896
897
895
905
896
896
908
896
901
896
896
943
896
902
896
896
913
908
895
895
896
905
895
895
895
896
924
896
901
895
895
918
895
896
901
896
932
896
902
896
896
896
896
896
904
896
896
896
896
918
896
896
906
896
896
896
896
904
896
896
915
896
917
896
896
907
896
896
896
896
905
899
895
896
896
896
895
896
919
896
896
896
896
923
896
896
896
895
920
896
901
910
902
896
896
896
906
896
896
896
896
906
896
903
896
896
905
896
896
918
896
895
896
896
914
896
896
895
897
906
896
896
920
896
896
896
896
921
895
896
896
895
919
897
896
902
898
917
896
952
903
895
907
896
896
895
896
910
896
896
905
895
896
897
895
914
900
906
896
939
895
896
906
929
896
896
901
905
896
895
916
896
911
895
896
907
896
896
895
896
904
897
896
895
896
909
895
896
908
896
895
896
896
907
896
895
896
896
927
896
896
907
896
896
896
896
906
898
895
896
896
911
896
896
896
895
913
908
897
905
895
896
896
896
907
896
900
895
898
909
896
896
896
896
914
919
896
896
897
913
895
896
896
896
902
895
896
896
900
908
896
895
896
895
927
895
896
896
895
925
895
896
898
896
922
896
895
908
896
896
898
896
912
895
895
896
896
925
896
896
896
895
922
895
898
896
895
922
896
896
908
898
898
896
895
907
895
896
896
898
906
895
897
896
896
906
895
898
918
896
895
896
896
923
898
896
896
895
905
895
896
896
898
924
896
896
906
896
896
898
896
907
896
896
901
896
905
895
896
896
895
905
896
896
905
901
896
896
896
905
896
896
895
896
923
896
900
904
896
896
896
896
933
896
895
923
896
907
896
896
917
896
896
895
896
906
896
900
896
896
905
896
896
896
896
926
896
896
910
896
896
896
896
912
895
895
896
896
914
896
896
896
896
905
896
895
901
896
895
912
896
924
897
896
896
896
906
895
896
941
897
901
898
922
895
896
896
896
906
911
902
896
896
907
896
896
906
896
895
895
911
907
913
895
895
895
901
896
896
896
895
914
896
896
896
896
906
896
896
922
896
896
902
897
917
896
895
895
895
918
896
895
922
901
896
896
896
905
898
896
896
896
906
915
897
896
896
917
896
895
896
896
895
897
905
907
895
896
896
896
923
896
896
907
896
902
917
895
908
895
895
895
896
906
896
914
897
896
915
896
896
895
896
897
896
896
925
896
896
895
897
923
896
895
895
895
918
902
897
896
895
896
896
896
924
897
896
896
901
905
896
896
896
896
920
902
896
895
907
920
917
908
896
896
905
896
896
895
934
905
895
954
895
896
908
896
896
896
896
912
896
896
896
895
918
896
895
905
896
958
900
904
895
896
919
896
897
905
895
896
898
896
917
896
898
896
895
912
896
896
896
901
905
895
896
896
896
907
896
898
920
912
896
896
896
905
898
908
895
896
905
896
899
897
895
901
896
896
896
896
905
898
912
920
896
896
896
896
930
896
896
896
896
933
899
896
907
896
896
896
896
905
895
897
913
896
905
896
896
896
895
908
896
896
916
901
909
895
898
904
896
896
896
896
902
912
899
896
896
919
895
896
896
898
921
896
912
907
896
896
895
896
935
896
896
896
896
906
897
