1024
1025
1025
1034
1025
1034
1082
1025
1030
1025
1034
1024
1034
1025
1024
1026
1024
1034
1024
1036
1024
1033
1024
1025
1024
1024
1037
1035
1038
1024
1024
1025
1024
1033
1025
1026
1024
1030
1038
1024
1047
1024
1024
1025
1024
1046
1025
1030
1024
1026
1025
1024
1033
1024
1024
1024
1025
1041
1024
1045
1025
1025
1024
1026
1033
1024
1049
1029
1025
1024
1024
1045
1024
1024
1024
1024
1053
1026
1035
1024
1034
1024
1024
1025
1025
1035
1027
1025
1024
1025
1024
1025
1046
1024
1024
1024
1030
1024
1025
1037
1024
1024
1024
1025
1024
1024
1050
1025
1024
1024
1024
1025
1024
1033
1024
1024
1025
1024
1024
1024
1033
1024
1024
1024
1024
1030
1024
1044
1024
1025
1025
1024
1024
1025
1039
1030
1024
1024
1024
1048
1025
1035
1038
1047
1026
1025
1025
1024
1046
1024
1033
1026
1024
1024
1031
1043
1025
1038
1024
1025
1026
1025
1033
1024
1054
1024
1024
1025
1025
1033
1024
1033
1025
1025
1025
1024
1043
1024
1037
1033
1024
1024
1024
1024
1039
1041
1024
1025
1025
1033
1024
1033
1025
1024
1024
1024
1046
1025
1025
1025
1024
1043
1024
1033
1024
1026
1024
1025
1033
1024
1051
1024
1025
1024
1024
1050
1025
1025
1024
1027
1036
1024
1032
1024
1024
1024
1026
1045
1025
1035
1025
1024
1025
1032
1056
1024
1034
1025
1042
1026
1024
1024
1024
1037
1024
1027
1026
1025
1025
1025
1032
1025
1025
1024
1024
1025
1024
1065
1024
1024
1030
1024
1032
1024
1033
1024
1024
1041
1024
1024
1024
1032
1028
1024
1024
1024
1024
1024
1032
1025
1026
1024
1027
1048
1036
1037
1024
1025
1025
1025
1033
1025
1026
1024
1025
1031
1025
1033
1024
1024
1025
1024
1035
1024
1057
1025
1024
1025
1026
1047
1025
1024
1024
1025
1032
1025
1050
1025
1025
1025
1024
1051
1026
1024
1024
1025
1031
1024
1024
1025
1024
1025
1025
1034
1025
1024
1025
1025
1034
1024
1072
1024
1025
1024
1024
1034
1024
1025
1024
1025
1039
1024
1046
1024
1024
1024
1040
1031
1024
1039
1024
1030
1025
1031
1048
1027
1052
1025
1025
1024
1026
1039
1025
1024
1024
1024
1066
1025
1038
1024
1024
1030
1025
1043
1025
1049
1041
1024
1025
1025
1049
1031
1025
1024
1024
1048
1042
1038
1026
1024
1025
1031
1035
1024
1025
1025
1041
1024
1036
1024
1024
1025
1025
1047
1036
1036
1024
1025
1025
1027
1031
1024
1049
1024
1030
1024
1024
1032
1025
1042
1025
1025
1025
1024
1033
1025
1049
1025
1026
1025
1025
1032
1024
1024
1025
1024
1024
1024
1068
1026
1025
1025
1024
1044
1024
1035
1026
1024
1040
1025
1034
1024
1025
1027
1025
1038
1024
1033
1025
1024
1026
1024
1032
1030
1042
1025
1024
1025
1024
1036
1024
1024
1025
1030
1026
1024
1052
1024
1024
1024
1024
1042
1024
1036
1024
1025
1024
1024
1043
1024
1035
1024
1024
1025
1025
1033
1025
1032
1024
1024
1025
1025
1036
1024
1043
1024
1024
1024
1026
1048
1024
1033
1030
1025
1024
1024
1032
1024
1024
1025
1024
1030
1030
1045
1024
1024
1025
1024
1036
1025
1033
1024
1030
1024
1025
1026
1024
1036
1024
1024
1024
1025
1028
1024
1041
1024
1030
1024
1030
1025
1024
1037
1024
1024
1024
1025
1032
1024
1044
1024
1025
1030
1026
1056
1025
1025
1024
1024
1030
1024
1024
1024
1025
1025
1024
1040
1047
1036
1024
1024
1024
1025
1060
1024
1034
1024
1037
1025
1025
1049
1025
1025
1024
1025
1034
1024
1049
1024
1024
1024
1024
1035
1024
1025
1025
1024
1039
1024
1047
1025
1024
1025
1025
1044
1025
1038
1031
1024
1025
1025
1055
1025
1024
1026
1024
1034
1030
1045
1024
1024
1024
1025
1053
1024
1025
1024
1030
1045
1024
1052
1025
1024
1025
1025
1048
1024
1035
1024
1024
1024
1024
1035
1024
1050
1025
1025
1024
1024
1049
1024
1034
1025
1025
1025
1025
1037
1025
1025
1024
1025
1033
1027
1044
1025
1025
1028
1024
1052
1026
1050
1027
1036
1024
1024
1025
1025
1039
1025
1025
1025
1028
1025
1025
1037
1034
1036
1025
1024
1025
1026
1034
1024
1038
1024
1030
1026
1024
1033
1025
1047
1025
1024
1026
1024
1039
1024
1024
1024
1024
1042
1024
1034
1024
1024
1024
1025
1034
1024
1057
1024
1025
1025
1024
1035
1024
1042
1024
1024
1024
1024
1042
1025
1024
1024
1024
1033
1026
1050
1024
1024
1025
1025
1045
1031
1033
1024
1024
1024
1024
1034
1026
1043
1024
1027
1025
1025
1046
1024
1024
1024
1033
1024
1046
1053
1066
1066
1025
1025
1024
1035
1024
1024
1024
1024
1084
1025
1034
1024
1024
1024
1025
1033
1024
1049
1058
1024
1025
1025
1047
1026
1038
1024
1024
1025
1042
1035
1025
1037
1024
1024
1024
1025
1033
1024
1030
1024
1024
1032
1024
1056
1025
1026
1033
1025
1065
1024
1029
1025
1024
1036
1024
1035
1024
1024
1030
1024
1034
1024
1039
1024
1025
1025
1024
1048
1030
1025
1024
1024
1034
1024
1042
1024
1024
1040
1030
1046
1024
1033
1025
1024
1025
1025
1033
1040
1030
1025
1025
1041
1025
1033
1024
1025
1041
1041
1049
1025
1025
1025
1025
1032
1025
1025
1025
1041
1047
1024
1034
1024
1025
1025
1025
1048
1025
1041
1030
1024
1045
1025
1032
1025
1024
1025
1025
1047
1030
1024
1025
1025
1032
1025
1045
1024
1024
1040
1030
1038
1025
1024
1024
1024
1056
1024
1051
1052
1036
1024
1024
1025
1024
1032
1024
1048
1024
1087
1040
1024
1078
1024
1026
1024
1024
1044
1025
1036
1024
1026
1024
1024
1041
1024
1031
1025
1027
1027
1024
1034
1024
1025
1024
1026
1032
1024
1046
1025
1024
1025
1026
1046
1025
1025
1024
1025
1044
1028
1033
1024
1024
1025
1025
1036
1026
1025
1024
1026
1025
1025
1044
1024
1024
1025
1024
1046
1024
1036
1024
1025
1025
1025
1044
1024
1024
1025
1025
1047
1024
1025
1025
1026
1051
1024
1032
1025
1025
1026
1025
1033
1024
1024
1024
1024
1033
1025
1044
1027
1025
1025
1025
1042
1024
1032
1025
1024
1051
1026
1031
1025
1024
1025
1027
1041
1025
1024
1025
1028
1025
1024
1033
1024
1024
1025
1024
1051
1025
1035
1024
1024
1024
1024
1032
1024
1025
1024
1025
1037
1025
1048
1025
1024
1032
1024
1049
1025
1025
1026
1025
1044
1024
1034
1024
1025
1042
1024
1032
1027
1026
1024
1025
1032
1024
1031
1024
1026
1024
1027
1034
1024
1052
1024
1025
1024
1024
1035
1025
1033
1024
1024
1024
1024
1032
1024
1024
1024
1025
1035
1025
1043
1024
1024
1024
1025
1029
1025
1039
1024
1024
1031
1024
1025
1025
1063
1025
1025
1031
1025
1039
1025
1033
1024
1024
1052
1024
1037
1029
1025
1025
1025
1046
1024
1024
1024
1024
1033
1030
1049
1024
1025
1025
1024
1029
1024
1026
1024
1030
1047
1024
1038
1024
1025
1024
1025
1034
1024
1030
1024
1026
1030
1025
1041
1025
1025
1025
1026
1037
1025
1024
1025
1025
1033
1025
1035
1025
1025
1030
1025
1059
1024
1024
1024
1024
1025
1025
1053
1029
1024
1025
1025
1047
1024
1034
1024
1024
1024
1028
1029
1025
1068
1025
1024
1045
1024
1032
1031
1050
1024
1024
1025
1024
1032
1024
1050
1025
1045
1025
1024
1054
1024
1032
1024
1025
1024
1024
1035
1027
1053
1024
1024
1025
1025
1043
1027
1025
1030
1025
1024
1025
1035
1027
1024
1024
1024
1030
1024
1049
1026
1024
1024
1024
1041
1025
1032
1045
1024
1024
1024
1029
1024
1035
1025
1024
1024
1027
1043
1024
1037
1024
1024
1029
1025
1037
1024
1063
1024
1025
1024
1024
1049
1025
1025
1024
1025
1054
1024
1036
1024
1024
1030
1024
1031
1024
1024
1030
1031
1024
1025
1031
1024
1024
1024
1025
1043
1024
1034
1024
1024
1024
1024
1044
