1153
1172
1153
1153
1158
1168
1153
1153
1153
1153
1173
1156
1178
1159
1158
1153
1172
1153
1153
1152
1157
1153
1155
1162
1153
1172
1153
1169
1153
1173
1155
1166
1153
1153
1153
1152
1154
1153
1153
1153
1171
1153
1161
1153
1160
1153
1153
1152
1153
1153
1153
1153
1153
1171
1153
1161
1153
1153
1158
1153
1153
1154
1153
1153
1161
1153
1174
1159
1162
1153
1153
1153
1153
1160
1153
1161
1159
1178
1153
1153
1153
1157
1153
1153
1153
1158
1188
1153
1171
1154
1168
1153
1193
1153
1170
1153
1161
1153
1153
1154
1153
1157
1153
1171
1153
1164
1152
1175
1153
1161
1153
1153
1160
1153
1153
1153
1162
1153
1173
1153
1166
1158
1153
1153
1153
1153
1153
1177
1153
1166
1159
1164
1153
1153
1153
1167
1153
1154
1153
1159
1158
1153
1177
1154
1164
1153
1188
1153
1159
1153
1154
1153
1153
1163
1153
1172
1154
1168
1153
1153
1152
1153
1154
1153
1167
1153
1173
1153
1164
1154
1153
1153
1153
1153
1153
1165
1153
1163
1152
1153
1153
1175
1155
1164
1162
1178
1153
1206
1153
1154
1153
1159
1153
1153
1164
1153
1164
1153
1174
1152
1165
1152
1154
1153
1153
1186
1153
1175
1155
1163
1153
1162
1153
1153
1169
1183
1153
1153
1162
1155
1163
1153
1164
1153
1167
1153
1153
1153
1153
1153
1153
1169
1153
1163
1153
1153
1153
1159
1153
1152
1171
1152
1162
1153
1187
1153
1158
1152
1153
1153
1152
1153
1153
1172
1153
1168
1153
1177
1153
1154
1153
1153
1153
1153
1166
1155
1163
1153
1162
1153
1178
1153
1154
1156
1153
1153
1153
1163
1155
1184
1153
1162
1153
1153
1153
1153
1153
1154
1178
1153
1163
1154
1203
1152
1162
1163
1194
1152
1163
1167
1173
1153
1190
1155
1153
1153
1153
1166
1153
1170
1152
1174
1153
1163
1153
1153
1153
1153
1168
1152
1165
1152
1177
1153
1169
1153
1153
1154
1155
1153
1153
1164
1153
1173
1153
1162
1153
1153
1152
1153
1153
1155
1188
1152
1164
1153
1170
1154
1162
1152
1168
1153
1152
1154
1156
1153
1153
1173
1153
1178
1153
1174
1153
1153
1153
1152
1154
1153
1182
1153
1172
1152
1162
1155
1162
1152
1153
1169
1152
1153
1158
1163
1153
1161
1153
1163
1169
1153
1153
1153
1153
1157
1172
1153
1162
1170
1178
1153
1155
1153
1156
1153
1153
1163
1154
1165
1153
1165
1164
1159
1152
1174
1170
1153
1198
1153
1153
1154
1154
1155
1162
1185
1164
1153
1163
1155
1155
1152
1153
1152
1186
1180
1152
1162
1153
1171
1153
1166
1153
1158
1153
1153
1163
1153
1167
1152
1177
1153
1154
1154
1153
1161
1153
1171
1153
1167
1153
1153
1153
1153
1153
1152
1163
1154
1179
1153
1163
1154
1160
1155
1153
1153
1153
1153
1153
1153
1164
1181
1153
1197
1153
1177
1155
1198
1152
1155
1153
1153
1153
1153
1174
1153
1163
1153
1165
1153
1153
1153
1153
1167
1153
1187
1153
1164
1152
1152
1153
1153
1169
1153
1179
1152
1167
1153
1153
1153
1153
1153
1153
1153
1152
1164
1169
1170
1153
1163
1153
1153
1153
1152
1153
1168
1163
1153
1173
1153
1165
1152
1178
1152
1178
1153
1153
1153
1153
1153
1153
1174
1153
1178
1154
1153
1153
1153
1155
1153
1160
1153
1181
1154
1173
1153
1153
1156
1153
1155
1153
1180
1153
1166
1153
1180
1157
1153
1153
1153
1152
1152
1164
1153
1154
1162
1153
1172
1153
1175
1154
1153
1153
1153
1153
1153
1168
1153
1178
1153
1166
1152
1176
1153
1153
1152
1153
1158
1153
1163
1153
1161
1153
1172
1153
1155
1154
1152
1153
1153
1179
1153
1161
1153
1194
1154
1164
1153
1154
1153
1152
1153
1153
1161
1153
1171
1152
1174
1152
1165
1158
1153
1153
1154
1153
1153
1162
1153
1163
1153
1171
1153
1167
1154
1153
1153
1153
1153
1153
1180
1153
1167
1159
1179
1153
1152
1155
1153
1153
1154
1166
1154
1165
1153
1172
1153
1153
1153
1152
1184
1159
1166
1153
1178
1153
1166
1153
1153
1153
1158
1166
1155
1182
1153
1164
1153
1153
1153
1154
1153
1153
1165
1153
1175
1154
1153
1153
1153
1157
1153
1167
1154
1176
1153
1167
1153
1153
1160
1153
1169
1153
1163
1153
1180
1155
1153
1156
1153
1153
1153
1163
1153
1180
1153
1153
1152
1154
1153
1152
1177
1153
1167
1153
1190
1153
1158
1153
1153
1153
1154
1167
1153
1180
1153
1159
1153
1154
1153
1153
1176
1153
1162
1154
1180
1153
1153
1153
1153
1154
1155
1164
1153
1173
1153
1172
1155
1180
1161
1184
1154
1174
1153
1165
1158
1181
1153
1180
1153
1195
1153
1153
1154
1155
1153
1152
1153
1153
1187
1153
1163
1153
1156
1153
1153
1154
1153
1161
1153
1172
1153
1163
1152
1152
1153
1153
1165
1153
1174
1153
1163
1154
1153
1152
1155
1153
1153
1174
1154
1162
1157
1178
1152
1165
1153
1153
1153
1155
1173
1155
1165
1153
1174
1155
1162
1152
1153
1153
1155
1153
1153
1174
1153
1163
1153
1153
1155
1155
1153
1153
1173
1153
1161
1153
1176
1153
1154
1153
1153
1175
1153
1173
1153
1162
1153
1153
1155
1153
1153
1153
1173
1153
1163
1153
1153
1155
1153
1153
1153
1162
1153
1173
1153
1162
1153
1154
1152
1152
1153
1153
1163
1155
1175
1153
1166
1153
1153
1154
1153
1153
1154
1161
1153
1178
1154
1163
1153
1153
1153
1153
1162
1153
1190
1153
1162
1153
1153
1155
1153
1153
1153
1184
1153
1163
1153
1175
1153
1153
1152
1152
1155
1153
1174
1152
1162
1152
1163
1153
1153
1154
1153
1153
1154
1153
1153
1204
1153
1166
1160
1164
1152
1182
1153
1153
1152
1154
1153
1163
1170
1153
1208
1160
1179
1154
1161
1153
1183
1153
1153
1152
1153
1153
1153
1166
1153
1164
1153
1172
1152
1161
1153
1153
1153
1153
1154
1153
1174
1152
1163
1153
1179
1153
1152
1153
1153
1153
1153
1153
1152
1189
1154
1172
1153
1163
1152
1153
1153
1153
1162
1153
1153
1153
1175
1153
1162
1153
1165
1153
1153
1153
1154
1153
1152
1153
1153
1168
1152
1172
1153
1163
1153
1175
1153
1153
1153
1153
1176
1153
1163
1157
1174
1153
1165
1153
1153
1153
1153
1153
1159
1173
1153
1165
1153
1174
1153
1153
1153
1160
1153
1153
1175
1153
1164
1153
1160
1153
1179
1153
1154
1153
1153
1153
1153
1161
1153
1186
1153
1164
1153
1153
1153
1155
1153
1153
1185
1153
1165
1154
1162
1153
1153
1152
1153
1154
1154
1168
1153
1174
1153
1160
1154
1153
1153
1154
1158
1158
1162
1155
1173
1153
1162
1153
1180
1153
1153
1153
1153
1153
1153
1177
1153
1169
1153
1174
1153
1154
1153
1153
1153
1153
1171
1153
1163
1153
1162
1152
1174
1153
1154
1158
1153
1153
1153
1162
1154
1171
1153
1153
1159
1153
1153
1154
1162
1153
1171
1153
1165
1154
1153
1153
1157
1153
1153
1164
1156
1166
1153
1174
1153
1153
1154
1153
1153
1153
1166
1153
1182
1153
1162
1153
1153
1153
1153
1154
1153
1178
1153
1162
1153
1175
1153
1153
1152
1153
1159
1153
1166
1153
1173
1153
1165
1153
1154
1158
1153
1152
1153
1170
1153
1166
1153
1153
1153
1153
1153
1154
1171
1153
1198
1153
1175
1161
1167
1153
1172
1153
1153
1152
1153
1153
1201
1154
1153
1163
1153
1164
1153
1170
1153
1155
1154
1152
1153
1153
1153
1153
1182
1153
1163
1153
1170
1153
1153
1153
1153
1153
1153
1154
1153
1163
1153
1163
1152
1170
1153
1154
1181
1153
1153
1153
1153
1153
1176
1152
1163
1169
1164
1152
1163
1153
1162
1168
1188
1154
1187
1153
1153
1152
1152
1153
1154
1163
1153
1169
1153
1171
1154
1153
1153
1153
1153
1153
1180
1153
1176
1153
1162
1153
1153
1155
1153
1178
1154
1179
1153
1167
1155
1173
1153
1153
1169
1155
1154
1152
1163
1153
1165
1152
1175
1153
1156
1153
