125
124
124
124
125
125
126
126
125
125
127
126
128
124
124
124
125
125
127
125
124
124
131
124
127
125
125
124
125
125
124
124
124
124
124
124
124
124
125
124
124
124
124
125
124
124
124
124
124
124
127
124
124
138
124
124
125
124
136
124
125
125
124
124
124
124
125
124
124
124
124
125
124
144
124
124
124
124
124
125
125
124
124
124
125
124
125
124
134
125
124
124
124
165
125
125
125
124
125
124
125
125
125
124
124
125
125
124
125
124
124
125
125
124
124
125
125
125
125
124
124
125
124
124
126
125
124
125
124
126
126
124
124
125
181
126
125
124
124
134
124
125
124
124
124
124
125
124
125
124
125
125
125
124
125
124
125
125
124
124
124
124
124
124
125
157
124
124
125
125
125
124
125
124
124
124
125
125
125
124
135
124
124
124
125
135
124
124
124
125
125
125
131
125
125
124
124
124
124
124
124
124
125
124
125
124
124
124
124
125
124
124
124
129
124
125
125
124
124
125
125
125
124
124
124
124
124
124
124
126
125
124
125
124
125
124
125
124
124
124
124
124
124
124
124
125
124
124
124
124
125
124
124
124
125
124
130
124
124
124
124
124
137
124
124
125
125
125
124
124
124
124
124
135
127
124
124
125
124
125
124
124
125
124
124
125
125
124
124
125
124
124
124
124
124
124
124
124
126
124
124
125
124
124
124
125
124
124
126
126
125
185
124
124
124
126
124
125
125
124
124
124
125
124
126
124
124
124
125
125
124
124
124
125
124
124
124
124
124
124
124
124
125
124
124
125
124
125
124
124
124
124
124
124
124
124
124
124
125
125
125
125
126
124
126
125
126
124
124
124
126
124
124
125
124
125
125
125
125
125
126
125
124
124
124
125
157
124
124
124
124
124
124
124
124
124
124
124
124
125
125
124
124
125
125
125
126
125
125
124
125
124
126
124
125
125
125
124
125
124
129
130
125
124
124
124
133
124
154
125
124
135
124
124
126
124
125
124
124
124
125
124
125
124
124
124
124
124
124
124
124
124
151
125
124
124
124
124
124
124
124
127
124
124
124
125
124
125
125
124
124
125
125
124
125
125
125
125
125
125
125
124
124
124
125
124
124
124
125
129
124
124
125
124
140
125
127
124
124
124
124
124
124
124
125
125
125
125
125
124
125
124
125
125
125
124
134
126
126
125
125
124
125
125
125
124
124
133
125
125
125
124
125
124
124
124
124
124
125
125
124
124
124
124
124
124
124
125
124
124
124
124
124
124
125
138
124
124
136
124
124
124
124
124
124
125
124
124
125
124
124
124
125
124
125
124
124
124
124
124
137
124
124
124
124
208
124
124
125
124
124
124
124
128
125
125
125
125
124
124
124
124
125
125
125
125
124
156
125
125
139
125
125
127
125
125
124
124
124
124
124
125
124
125
124
125
124
124
125
125
125
124
125
125
125
124
124
125
124
124
127
124
125
124
124
124
124
125
124
125
142
124
124
125
124
124
124
125
124
125
124
125
126
124
124
124
124
124
125
124
124
125
124
128
124
125
124
171
125
124
125
124
124
124
124
124
125
125
124
124
125
125
124
124
124
124
124
124
125
124
124
126
125
124
125
124
125
124
126
124
124
124
125
132
125
125
124
124
124
124
124
125
124
124
124
124
124
124
124
124
124
125
125
126
125
124
125
125
124
133
126
124
125
124
124
124
124
125
125
125
125
124
124
125
124
124
125
125
124
124
126
125
124
125
125
124
124
124
125
124
125
125
124
124
124
125
124
125
124
125
124
124
125
125
139
124
124
125
125
126
127
124
124
124
124
124
127
124
124
124
125
124
124
126
124
124
124
124
124
124
124
125
124
124
124
124
124
124
124
124
124
124
124
124
124
124
124
125
126
125
156
124
126
124
125
125
124
124
124
125
124
145
125
125
124
125
124
129
124
125
125
125
125
124
124
124
125
125
124
124
124
124
124
124
125
125
124
124
124
125
124
124
124
124
124
125
125
125
124
125
124
125
124
132
125
124
124
125
124
124
125
125
124
155
125
124
124
124
124
124
124
124
124
126
124
124
125
125
124
125
125
124
127
124
124
124
125
124
124
157
125
124
128
125
136
125
125
125
124
125
124
125
125
124
124
124
124
125
124
124
125
124
124
125
124
125
125
124
125
125
124
124
124
124
125
130
124
124
124
125
124
125
124
124
125
125
124
125
124
126
125
124
124
124
125
124
124
125
124
124
124
124
124
124
124
125
134
124
124
124
125
124
125
124
124
124
124
124
129
124
124
124
125
125
125
124
125
124
124
125
124
126
124
125
125
124
124
124
124
125
124
125
124
124
124
125
124
125
125
124
124
124
124
125
124
125
124
124
125
126
124
125
124
124
125
124
124
124
124
125
124
125
124
125
125
173
124
125
124
124
124
124
126
125
127
124
125
124
124
125
124
124
124
124
124
124
134
125
125
124
124
125
124
125
125
126
125
125
124
125
125
125
154
124
124
124
124
124
124
124
124
125
124
124
124
124
125
124
129
124
124
125
124
125
124
124
125
124
125
124
124
124
124
133
125
125
125
124
125
124
126
124
125
124
134
126
125
124
124
124
124
124
124
124
124
134
125
124
124
124
124
139
125
125
124
124
124
124
125
125
124
125
125
125
124
125
124
124
124
125
124
124
134
124
125
124
124
124
125
124
124
124
124
124
124
124
124
124
129
133
124
126
125
125
124
124
131
124
124
124
124
124
124
124
124
126
124
124
124
124
124
124
124
124
124
125
125
139
124
124
124
124
126
138
124
125
124
124
124
125
124
124
124
124
124
124
124
124
126
138
124
124
124
124
124
124
124
125
124
124
124
124
126
124
124
124
125
125
125
125
124
130
124
125
125
166
125
127
125
125
124
125
125
124
125
124
124
124
124
124
124
124
124
124
124
124
125
124
124
124
124
124
158
124
124
125
125
124
124
124
125
124
124
124
124
124
129
125
124
124
124
124
124
124
125
125
124
124
125
125
125
125
124
125
124
124
124
124
124
124
125
124
126
124
124
124
124
