1410
1423
1409
1434
1413
1441
1409
1410
1410
1413
1410
1415
1442
1410
1418
1410
1430
1410
1428
1410
1411
1411
1410
1410
1410
1410
1411
1425
1409
1447
1410
1425
1410
1420
1415
1418
1410
1430
1410
1420
1410
1432
1415
1410
1411
1410
1410
1410
1415
1410
1425
1410
1428
1410
1419
1410
1444
1410
1423
1410
1441
1410
1419
1410
1418
1410
1429
1410
1411
1410
1411
1410
1410
1410
1410
1422
1410
1418
1409
1449
1410
1419
1416
1444
1410
1419
1411
1425
1410
1411
1416
1410
1410
1411
1410
1410
1417
1410
1423
1410
1432
1411
1423
1410
1427
1410
1421
1410
1419
1410
1439
1410
1422
1445
1415
1410
1409
1410
1410
1432
1410
1423
1415
1418
1410
1432
1410
1418
1411
1427
1424
1423
1411
1411
1410
1412
1410
1410
1426
1410
1433
1410
1418
1411
1428
1410
1425
1410
1424
1411
1422
1410
1410
1410
1417
1411
1410
1425
1410
1421
1411
1418
1416
1432
1409
1420
1410
1429
1410
1423
1416
1411
1417
1410
1409
1411
1432
1409
1421
1411
1421
1416
1418
1420
1449
1410
1418
1412
1421
1411
1446
1416
1418
1410
1410
1411
1411
1410
1410
1415
1410
1416
1410
1425
1410
1419
1410
1423
1417
1420
1410
1419
1410
1419
1410
1425
1411
1419
1410
1432
1410
1419
1410
1412
1410
1410
1410
1410
1418
1410
1426
1413
1423
1410
1432
1410
1419
1410
1430
1412
1424
1458
1410
1409
1410
1411
1410
1413
1410
1420
1410
1428
1410
1419
1410
1437
1410
1420
1413
1436
1410
1420
1410
1447
1410
1410
1410
1410
1410
1412
1422
1412
1421
1409
1435
1410
1482
1410
1419
1410
1423
1409
1428
1410
1435
1411
1410
1410
1410
1410
1409
1412
1409
1435
1409
1422
1410
1430
1410
1420
1410
1420
1411
1422
1410
1416
1409
1410
1410
1410
1410
1410
1429
1415
1420
1409
1424
1410
1428
1410
1421
1410
1432
1410
1418
1410
1433
1410
1410
1409
1428
1410
1410
1424
1413
1422
1410
1425
1410
1419
1410
1419
1410
1447
1409
1426
1445
1410
1410
1425
1428
1410
1469
1410
1477
1410
1419
1409
1422
1410
1445
1410
1456
1410
1410
1410
1414
1410
1410
1410
1427
1410
1419
1432
1414
1418
1410
1435
1427
1423
1410
1427
1414
1419
1410
1425
1427
1418
1410
1442
1414
1412
1410
1410
1426
1410
1410
1410
1414
1411
1439
1410
1434
1410
1424
1410
1421
1410
1410
1443
1415
1425
1424
1425
1458
1418
1410
1466
1409
1410
1410
1415
1410
1410
1415
1444
1436
1410
1417
1415
1429
1410
1418
1426
1442
1410
1420
1417
1418
1410
1428
1426
1433
1410
1410
1415
1422
1437
1410
1434
1411
1427
1410
1425
1409
1434
1410
1434
1410
1434
1410
1424
1410
1434
1411
1427
1410
1410
1410
1416
1410
1411
1410
1426
1410
1410
1417
1416
1439
1410
1417
1427
1433
1411
1418
1416
1436
1411
1418
1427
1434
1411
1423
1415
1411
1411
1410
1426
1410
1410
1410
1428
1409
1418
1410
1457
1411
1418
1409
1430
1410
1422
1410
1444
1410
1417
1410
1413
1410
1411
1410
1428
1411
1410
1418
1413
1438
1410
1419
1427
1429
1409
1419
1413
1437
1410
1418
1426
1410
1410
1410
1414
1410
1410
1410
1443
1410
1418
1410
1435
1410
1418
1410
1450
1410
1418
1410
1430
1410
1421
1410
1425
1411
1410
1410
1414
1410
1410
1422
1426
1417
1410
1432
1412
1429
1410
1418
1426
1420
1410
1410
1410
1430
1411
1422
1410
1442
1410
1423
1410
1437
1410
1410
1411
1410
1410
1409
1416
1409
1418
1411
1418
1410
1421
1410
1416
1412
1419
1410
1429
1410
1420
1411
1410
1410
1410
1410
1410
1409
1410
1438
1410
1419
1412
1441
1410
1419
1410
1456
1410
1420
1413
1410
1410
1418
1410
1410
1418
1422
1433
1410
1420
1412
1428
1410
1414
1443
1410
1410
1410
1427
1410
1418
1410
1419
1410
1419
1410
1419
1410
1418
1412
1410
1411
1410
1410
1410
1410
1410
1432
1409
1422
1412
1437
1411
1419
1410
1428
1412
1424
1410
1431
1410
1413
1409
1425
1410
1410
1409
1414
1429
1410
1420
1426
1437
1410
1420
1412
1430
1410
1422
1425
1433
1410
1419
1411
1410
1411
1410
1427
1410
1411
1410
1427
1410
1420
1410
1447
1410
1420
1410
1430
1410
1422
1410
1452
1410
1420
1412
1430
1410
1410
1410
1410
1410
1411
1410
1410
1416
1412
1427
1425
1431
1410
1422
1411
1432
1410
1425
1425
1437
1410
1410
1416
1410
1412
1410
1445
1411
1420
1410
1435
1410
1423
1410
1446
1410
1421
1410
1434
1411
1425
1412
1427
1409
1410
1410
1434
1417
1423
1411
1413
1414
1412
1410
1410
1425
1410
1433
1414
1419
1410
1418
1410
1430
1410
1426
1430
1410
1409
1410
1410
1421
1422
1410
1418
1410
1419
1410
1421
1415
1434
1410
1419
1411
1428
1410
1422
1415
1410
1420
1411
1412
1410
1432
1411
1426
1410
1420
1410
1429
1410
1425
1413
1438
1410
1418
1410
1418
1412
1423
1411
1440
1410
1420
1410
1429
1410
1421
1410
1442
1410
1410
1410
1410
1410
1412
1410
1417
1433
1410
1421
1412
1434
1410
1419
1416
1444
1410
1420
1410
1472
1411
1423
1417
1411
1410
1410
1412
1410
1410
1409
1454
1410
1421
1410
1421
1410
1419
1412
1427
1410
1433
1410
1425
1412
1429
1410
1427
1410
1440
1411
1410
1410
1410
1410
1418
1410
1410
1422
1410
1430
1412
1420
1416
1427
1410
1424
1410
1429
1410
1419
1416
1431
1410
1423
1410
1428
1410
1410
1416
1410
1410
1410
1410
1409
1410
1410
1421
1410
1424
1410
1428
1410
1427
1410
1433
1410
1423
1410
1435
1412
1420
1410
1431
1410
1411
1410
1410
1410
1410
1410
1411
1421
1410
1416
1409
1418
1410
1419
1416
1431
1410
1421
1410
1423
1410
1410
1419
1410
1410
1410
1427
1411
1419
1410
1443
1410
1421
1410
1428
1410
1419
1410
1443
1410
1410
1410
1410
1410
1410
1412
1413
1410
1410
1422
1411
1436
1410
1418
1414
1428
1424
1420
1411
1435
1410
1421
1413
1410
1410
1410
1410
1412
1416
1410
1434
1411
1419
1410
1427
1410
1422
1411
1423
1410
1429
1410
1423
1410
1431
1410
1427
1410
1419
1410
1436
1410
1410
1410
1414
1412
1410
1410
1411
1410
1410
1421
1413
1430
1410
1422
1411
1427
1410
1420
1410
1434
1412
1420
1410
1422
1410
1428
1412
1421
1410
1415
1410
1412
1410
1411
1410
1410
1410
1415
1415
1410
1433
1410
1422
1415
1429
1410
1419
1410
1438
1410
1418
1410
1410
1410
1410
1410
1410
1410
1410
1416
1410
1438
1410
1620
1410
1419
1428
1421
1411
1410
1411
1410
1410
1410
1427
1410
1418
1410
1419
1410
1431
1412
1423
1410
1430
1410
1418
1410
1429
1410
1424
1410
1410
1410
1410
1410
1411
1410
1416
1410
1410
1429
1410
1420
1410
1434
1414
1418
1410
1422
1410
1426
1410
1418
1414
1425
1410
1418
1410
1436
1412
1430
1414
1410
1410
1410
1411
1410
1415
1410
1435
1410
1420
1410
1425
1410
1421
1412
1438
1410
1418
1410
1428
1412
1418
1410
1420
1410
1418
1410
1429
1411
1410
1411
1410
1410
1410
1410
1410
1411
1410
1411
1410
1414
1410
1419
1410
1418
1410
1439
1410
1421
1410
1426
1411
1420
1410
1437
1411
1424
1410
1427
1410
1418
1410
1431
1411
1414
1411
1410
1410
1410
1411
1410
1411
1413
1425
1410
1418
1411
1440
1411
1417
1413
1431
1411
1418
1412
1424
1410
1417
1413
1423
1410
1410
1410
1410
1410
1410
1414
1410
1409
1410
1418
1410
1434
1410
1426
1410
1419
1410
1428
1411
1421
1410
1424
1410
1419
1410
1410
1410
1410
1409
1413
1419
1410
1430
1410
1419
1410
1443
1414
1418
1410
1417
1411
1433
1410
1422
1414
1420
1410
1410
1410
1411
1410
1411
1413
1410
1410
1410
1420
1410
1435
1410
1422
1410
1419
1410
1428
1411
1422
1410
1422
1410
1420
1410
1410
1411
