1538
1563
1540
1538
1558
1539
1554
1539
1547
1538
1548
1538
1540
1553
1538
1547
1539
1557
1540
1539
1539
1544
1544
1540
1560
1539
1549
1539
1545
1547
1539
1546
1538
1546
1539
1569
1543
1539
1544
1539
1555
1538
1547
1551
1564
1550
1543
1583
1539
1571
1545
1539
1551
1539
1556
1539
1566
1539
1554
1540
1538
1558
1538
1547
1540
1553
1539
1539
1565
1540
1559
1538
1549
1539
1539
1538
1538
1565
1539
1551
1546
1563
1539
1539
1539
1540
1543
1539
1559
1539
1548
1538
1539
1556
1538
1556
1538
1547
1539
1548
1539
1539
1571
1539
1548
1538
1574
1539
1539
1538
1544
1576
1538
1548
1539
1553
1540
1545
1569
1539
1548
1539
1549
1538
1559
1544
1539
1539
1539
1560
1539
1550
1544
1567
1539
1539
1538
1540
1548
1539
1569
1539
1551
1539
1548
1539
1539
1552
1540
1564
1539
1549
1539
1560
1538
1544
1539
1539
1549
1538
1562
1539
1553
1540
1538
1538
1539
1555
1540
1552
1544
1556
1539
1538
1540
1645
1573
1550
1560
1539
1555
1539
1562
1547
1542
1562
1582
1547
1538
1605
1539
1539
1538
1550
1558
1541
1562
1572
1555
1539
1541
1568
1538
1558
1555
1547
1538
1573
1543
1538
1556
1539
1547
1539
1555
1539
1552
1539
1539
1573
1538
1548
1538
1582
1539
1547
1539
1555
1561
1539
1551
1538
1547
1539
1581
1538
1540
1552
1542
1549
1539
1548
1539
1539
1538
1541
1551
1539
1554
1539
1586
1543
1539
1544
1538
1558
1538
1551
1538
1539
1552
1538
1560
1539
1551
1538
1561
1539
1541
1538
1539
1543
1539
1566
1539
1553
1538
1539
1539
1539
1544
1539
1552
1542
1569
1539
1547
1538
1539
1539
1542
1554
1539
1556
1539
1548
1539
1539
1542
1538
1549
1539
1563
1539
1547
1538
1559
1539
1539
1549
1539
1563
1538
1555
1539
1559
1538
1540
1539
1539
1558
1539
1548
1538
1558
1539
1541
1561
1543
1551
1538
1555
1539
1539
1539
1541
1557
1539
1548
1539
1561
1538
1548
1544
1558
1551
1545
1563
1538
1560
1555
1539
1601
1539
1551
1539
1549
1539
1540
1538
1539
1548
1539
1546
1539
1565
1539
1539
1539
1539
1545
1539
1559
1545
1551
1539
1559
1538
1541
1552
1542
1554
1539
1549
1538
1557
1539
1539
1544
1545
1558
1539
1549
1540
1562
1542
1539
1539
1539
1554
1539
1558
1539
1551
1540
1558
1539
1560
1540
1538
1560
1572
1549
1579
1541
1541
1539
1546
1539
1549
1538
1545
1540
1539
1551
1538
1582
1539
1547
1541
1586
1539
1539
1555
1539
1552
1539
1548
1539
1557
1539
1555
1539
1539
1566
1543
1561
1539
1549
1542
1544
1548
1552
1548
1538
1559
1606
1539
1548
1539
1566
1538
1551
1542
1538
1557
1538
1553
1538
1561
1539
1553
1539
1538
1548
1538
1556
1538
1557
1538
1550
1540
1547
1560
1539
1550
1540
1547
1539
1543
1539
1538
1547
1539
1547
1538
1550
1542
1538
1539
1539
1558
1539
1550
1542
1562
1539
1540
1575
1539
1550
1538
1576
1538
1548
1539
1540
1539
1539
1561
1538
1549
1538
1571
1539
1539
1546
1542
1560
1539
1548
1538
1557
1540
1553
1538
1539
1548
1556
1558
1539
1551
1543
1559
1540
1539
1555
1538
1551
1541
1560
1538
1549
1555
1557
1538
1538
1542
1538
1549
1539
1575
1540
1552
1539
1540
1550
1538
1573
1538
1553
1539
1567
1538
1538
1547
1555
1561
1539
1549
1544
1552
1538
1559
1563
1551
1568
1539
1547
1539
1563
1546
1549
1539
1539
1570
1540
1548
1539
1547
1539
1558
1544
1539
1570
1538
1548
1538
1547
1538
1565
1538
1539
1556
1539
1549
1539
1571
1538
1550
1539
1555
1539
1539
1563
1544
1551
1539
1557
1539
1538
1539
1541
1551
1539
1561
1539
1548
1540
1562
1544
1539
1559
1540
1549
1539
1557
1539
1549
1539
1538
1547
1539
1557
1539
1556
1538
1557
1539
1545
1548
1539
1548
1538
1599
1539
1539
1539
1539
1560
1545
1551
1538
1564
1543
1538
1559
1545
1571
1538
1547
1542
1538
1547
1538
1566
1539
1548
1539
1538
1540
1539
1566
1538
1548
1540
1567
1538
1548
1538
1543
1548
1538
1548
1539
1558
1538
1543
1557
1539
1549
1538
1549
1538
1564
1539
1539
1557
1538
1550
1538
1571
1545
1548
1539
1539
1539
1538
1552
1538
1553
1539
1544
1539
1539
1539
1539
1553
1539
1548
1539
1564
1539
1548
1538
1544
1538
1538
1560
1539
1549
1539
1553
1539
1572
1538
1538
1545
1539
1565
1545
1550
1539
1565
1539
1548
1539
1539
1555
1539
1544
1538
1562
1539
1543
1544
1539
1539
1558
1542
1548
1556
1549
1539
1539
1539
1547
1561
1539
1548
1538
1585
1538
1538
1547
1539
1547
1540
1553
1539
1538
1612
1540
1592
1539
1547
1539
1547
1570
1539
1552
1539
1572
1538
1548
1538
1543
1540
1538
1560
1538
1549
1539
1549
1539
1539
1539
1538
1563
1538
1549
1551
1551
1538
1539
1548
1544
1564
1551
1551
1538
1539
1539
1539
1548
1538
1557
1538
1547
1543
1569
1538
1538
1561
1539
1549
1539
1562
1538
1550
1539
1545
1539
1539
1560
1539
1552
1539
1549
1539
1561
1539
1538
1538
1539
1549
1544
1569
1539
1553
1539
1538
1539
1538
1570
1538
1553
1539
1557
1539
1548
1545
1539
1539
1539
1559
1539
1550
1539
1565
1539
1552
1539
1539
1539
1538
1559
1539
1554
1539
1559
1539
1548
1539
1544
1556
1538
1560
1539
1549
1539
1559
1542
1618
1551
1546
1560
1538
1549
1545
1538
1547
1539
1560
1539
1549
1540
1562
1540
1539
1539
1538
1548
1557
1572
1538
1550
1538
1539
1561
1538
1553
1539
1564
1540
1548
1539
1539
1539
1546
1552
1539
1558
1539
1550
1539
1557
1542
1538
1539
1540
1549
1538
1560
1545
1552
1539
1558
1538
1539
1562
1540
1554
1539
1558
1539
1560
1539
1564
1538
1538
1560
1538
1549
1538
1551
1540
1545
1539
1539
1548
1540
1553
1539
1547
1539
1569
1540
1539
1550
1539
1547
1546
1558
1539
1547
1539
1753
1550
1541
1549
1538
1550
1539
1539
1539
1538
1571
1538
1560
1539
1551
1539
1540
1542
1539
1548
1539
1562
1539
1548
1539
1544
1540
1539
1563
1539
1548
1540
1563
1538
1539
1539
1539
1551
1539
1560
1543
1558
1540
1559
1539
1538
1559
1540
1547
1538
1550
1539
1557
1539
1549
1555
1539
1560
1538
1549
1539
1539
1551
1540
1546
1539
1550
1538
1569
1539
1544
1547
1539
1556
1539
1552
1538
1569
1540
1538
1546
1539
1551
1538
1561
1545
1550
1539
1559
1541
1538
1539
1539
1549
1545
1559
1539
1551
1539
1558
1544
1539
1547
1539
1547
1540
1560
1539
1553
1539
1540
1546
1539
1550
1539
1562
1539
1548
1538
1539
1538
1540
1565
1544
1548
1539
1558
1538
1539
1539
1543
1548
1539
1555
1539
1547
1540
1561
1544
1538
1561
1538
1549
1539
1555
1538
1551
1541
1539
1539
1539
1547
1539
1566
1539
1550
1539
1572
1538
1538
1538
1542
1552
1540
1559
1538
1550
1539
1545
1554
1539
1559
1538
1550
1539
1571
1541
1539
1538
1539
1549
1538
1557
1542
1553
1539
1539
1539
1539
1559
1539
1557
1539
1555
1540
1538
1538
1539
1556
1539
1549
1538
1558
1539
1539
1539
1540
1549
1539
1559
1540
1549
1539
1543
1538
1540
1559
1539
1548
1538
1560
1541
1539
1539
1539
1557
1549
1550
1587
1538
1547
1539
1557
1538
1546
1550
1539
1539
1539
1548
1539
1563
1538
1556
1538
1553
1555
1539
1553
1538
1555
1540
1539
1539
1538
1548
1540
1551
1542
1568
1539
1557
1541
1538
1538
1543
1558
1540
1548
1538
1571
1539
1556
1542
1538
1559
1538
1548
1538
1551
1549
1538
1538
1539
1548
1538
1548
1539
1555
1539
1539
1538
1539
1546
1539
1559
1539
1548
1539
1564
1539
1538
1539
1541
1560
1538
1549
1538
1547
1538
1561
1540
1538
1548
1540
1561
1538
1549
1543
1539
