1668
1667
1676
1667
1715
1672
1667
1683
1667
1678
1667
1668
1684
1667
1679
1667
1667
1685
1667
1687
1667
1667
1676
1668
1677
1667
1673
1679
1667
1686
1667
1677
1668
1673
1680
1668
1688
1668
1694
1682
1673
1688
1667
1667
1677
1668
1679
1673
1667
1686
1667
1679
1667
1668
1679
1667
1695
1668
1677
1667
1667
1682
1692
1677
1667
1668
1707
1683
1680
1667
1667
1678
1667
1677
1682
1667
1675
1667
1680
1667
1672
1678
1668
1724
1667
1670
1678
1674
1695
1670
1667
1685
1668
1680
1667
1699
1678
1673
1675
1667
1667
1677
1675
1681
1667
1667
1676
1674
1681
1667
1668
1676
1674
1681
1667
1667
1678
1667
1676
1667
1667
1675
1668
1685
1668
1672
1678
1667
1676
1667
1685
1670
1667
1681
1667
1676
1669
1667
1681
1667
1675
1670
1676
1667
1668
1674
1669
1689
1667
1668
1678
1669
1690
1668
1667
1684
1669
1677
1668
1690
1670
1669
1682
1667
1680
1668
1688
1672
1667
1683
1667
1678
1667
1668
1688
1668
1679
1668
1686
1667
1689
1670
1682
1697
1667
1676
1670
1691
1673
1683
1667
1669
1677
1667
1687
1667
1672
1687
1667
1678
1668
1691
1667
1667
1678
1667
1679
1683
1672
1673
1667
1677
1667
1667
1677
1667
1676
1667
1667
1685
1670
1681
1667
1667
1667
1670
1690
1668
1679
1667
1669
1676
1673
1692
1667
1679
1667
1667
1676
1671
1688
1667
1667
1675
1667
1684
1674
1677
1667
1667
1679
1667
1689
1671
1668
1688
1667
1677
1668
1686
1669
1667
1680
1668
1675
1669
1667
1675
1667
1680
1669
1668
1677
1672
1678
1673
1667
1675
1666
1677
1669
1677
1667
1667
1679
1669
1686
1667
1668
1680
1668
1685
1668
1678
1667
1669
1691
1667
1676
1667
1669
1679
1667
1680
1667
1690
1667
1667
1685
1667
1683
1667
1667
1673
1667
1679
1668
1679
1667
1668
1676
1667
1684
1667
1756
1680
1667
1686
1667
1677
1677
1667
1736
1667
1671
1743
1667
1679
1676
1668
1676
1667
1679
1667
1669
1686
1667
1686
1667
1679
1667
1667
1675
1667
1678
1667
1667
1675
1673
1691
1667
1667
1684
1667
1678
1667
1676
1668
1667
1680
1667
1686
1668
1668
1676
1668
1692
1667
1667
1684
1667
1682
1667
1689
1667
1667
1683
1667
1686
1667
1668
1685
1667
1681
1692
1677
1676
1667
1677
1667
1667
1675
1673
1679
1667
1680
1667
1669
1675
1679
1674
1685
1685
1668
1690
1667
1684
1671
1667
1677
1667
1680
1667
1668
1676
1667
1675
1667
1680
1678
1667
1679
1668
1674
1667
1668
1672
1667
1682
1668
1667
1695
1674
1679
1667
1667
1674
1667
1685
1672
1676
1669
1667
1674
1667
1673
1675
1667
1674
1668
1680
1669
1668
1681
1668
1690
1669
1680
1667
1667
1682
1669
1689
1667
1680
1667
1668
1682
1667
1685
1667
1669
1684
1667
1677
1667
1687
1667
1667
1675
1667
1688
1667
1667
1678
1668
1963
1667
1667
1691
1667
1677
1684
1667
1697
1676
1710
1668
1668
1677
1666
1676
1671
1667
1689
1669
1676
1667
1684
1667
1667
1690
1667
1676
1668
1668
1684
1668
1676
1668
1687
1667
1668
1685
1673
1677
1667
1668
1678
1673
1686
1673
1676
1668
1667
1673
1667
1687
1673
1676
1668
1668
1674
1668
1675
1669
1667
1674
1683
1683
1668
1667
1697
1667
1679
1667
1687
1667
1667
1684
1670
1691
1667
1667
1672
1668
1676
1667
1668
1677
1678
1667
1686
1667
1692
1694
1668
1677
1667
1667
1691
1685
1684
1667
1667
1721
1668
1686
1672
1672
1685
1673
1705
1667
1667
1676
1673
1681
1667
1667
1676
1667
1676
1674
1667
1678
1668
1694
1667
1676
1670
1669
1676
1667
1685
1667
1668
1688
1667
1680
1668
1677
1667
1667
1682
1668
1677
1667
1668
1676
1668
1682
1667
1667
1679
1668
1691
1667
1682
1686
1667
1679
1667
1692
1667
1669
1676
1667
1676
1667
1667
1676
1667
1678
1667
1708
1691
1667
1688
1667
1681
1671
1667
1692
1667
1684
1667
1668
1682
1667
1685
1667
1667
1677
1667
1710
1667
1667
1689
1669
1681
1679
1667
1685
1687
1675
1670
1672
1696
1674
1676
1700
1667
1680
1675
1680
1666
1667
1680
1667
1684
1668
1668
1677
1667
1690
1668
1667
1694
1667
1678
1668
1689
1667
1667
1685
1667
1683
1667
1668
1678
1667
1687
1669
1667
1684
1668
1675
1669
1667
1685
1668
1675
1670
1682
1667
1667
1685
1669
1675
1668
1667
1672
1669
1680
1667
1667
1684
1670
1675
1668
1676
1668
1669
1674
1667
1677
1668
1671
1677
1668
1696
1667
1669
1694
1669
1676
1682
1667
1697
1667
1691
1682
1667
1674
1667
1691
1667
1667
1687
1667
1678
1667
1667
1673
1667
1680
1667
1667
1675
1667
1694
1668
1670
1676
1667
1685
1667
1681
1667
1669
1690
1673
1681
1668
1667
1672
1669
1691
1669
1667
1688
1667
1678
1668
1669
1677
1668
1688
1667
1677
1668
1667
1678
1667
1691
1667
1668
1684
1667
1682
1667
1667
1676
1667
1689
1668
1667
1677
1670
1677
1667
1668
1681
1667
1697
1667
1675
1667
1667
1674
1667
1683
1667
1667
1676
1667
1686
1667
1669
1676
1667
1682
1667
1667
1688
1667
1679
1667
1673
1678
1673
1682
1667
1668
1689
1667
1677
1667
1668
1676
1667
1689
1667
1678
1676
1667
1680
1667
1717
1676
1667
1683
1674
1668
1675
1667
1687
1714
1668
1679
1667
1675
1668
1676
1683
1667
1681
1667
1677
1667
1667
1678
1667
1680
1667
1667
1685
1668
1676
1667
1696
1667
1668
1687
1667
1677
1670
1694
1677
1668
1684
1673
1678
1671
1674
1678
1667
1698
1667
1688
1689
1667
1688
1667
1678
1667
1667
1687
1667
1687
1672
1677
1668
1667
1682
1667
1688
1668
1667
1684
1667
1680
1667
1668
1677
1667
1684
1672
1681
1667
1668
1677
1667
1678
1668
1668
1677
1667
1677
1668
1667
1681
1667
1695
1671
1678
1667
1667
1690
1667
1680
1667
1667
1688
1667
1681
1668
1669
1677
1667
1687
1667
1680
1667
1670
1677
1668
1688
1668
1667
1676
1672
1678
1667
1667
1681
1668
1692
1670
1667
1691
1668
1682
1667
1677
1670
1667
1678
1667
1689
1667
1668
1679
1667
1695
1668
1701
1686
1667
1694
1667
1690
1667
1667
1682
1667
1679
1667
1667
1679
1668
1676
1666
1667
1677
1667
1687
1668
1677
1667
1667
1676
1668
1680
1668
1668
1676
1667
1688
1668
1681
1667
1667
1686
1667
1697
1667
1668
1676
1668
1678
1667
1691
1668
1667
1690
1667
1676
1667
1678
1689
1667
1676
1667
1667
1676
1673
1676
1667
1677
1678
1667
1678
1683
1667
1685
1667
1680
1667
1667
1704
1667
1700
1667
1668
1688
1668
1689
1667
1687
1667
1667
1676
1667
1680
1667
1667
1687
1667
1677
1668
1672
1676
1667
1691
1667
1668
1675
1672
1687
1667
1680
1667
1668
1690
1672
1680
1668
1667
1677
1667
1690
1668
1677
1669
1668
1685
1668
1678
1668
1667
1679
1668
1689
1669
1677
1668
1671
1681
1668
1688
1667
1667
1667
1673
1680
1667
1687
1667
1669
1682
1671
1681
1668
1669
1685
1667
1676
1672
1692
1668
1667
1685
1667
1677
1673
1668
1675
1667
1683
1667
1675
1667
1667
1685
1668
1678
1668
1668
1690
1667
1678
1667
1681
1668
1667
1696
1670
1677
1667
1668
1682
1667
1680
1673
1748
1682
1669
1690
1667
1667
1691
1667
1678
1668
1677
1667
1667
1684
1668
1685
1681
1668
1692
1667
1678
1667
1667
1677
1667
1686
1667
1684
1686
1667
1676
1668
1687
1669
1670
1684
1667
1677
1669
1667
1675
1669
1685
1668
1676
1668
1667
1674
1672
1685
1668
1676
1667
1668
1676
1668
1674
1667
1669
1691
1667
1676
1668
1668
1675
1667
1697
1667
1667
1676
1667
1685
1668
1668
1681
1667
1677
1669
1691
1679
1667
1684
1669
1678
1669
1667
1679
1667
1699
1667
1668
1679
1669
1680
1667
1667
1686
1669
1681
1667
1667
