1804
1796
1825
1796
1815
1816
1798
1800
1805
1796
1808
1798
1797
1807
1795
1807
1805
1811
1809
1814
1798
1804
1800
1796
1806
1797
1820
1796
1795
1805
1796
1796
1805
1796
1822
1808
1795
1804
1796
1798
1829
1796
1808
1796
1796
1802
1796
1812
1805
1796
1815
1796
1796
1812
1811
1798
1803
1797
1817
1803
1812
1811
1801
1796
1833
1796
1803
1834
1799
1803
1795
1802
1812
1796
1796
1809
1798
1804
1795
1795
1817
1796
1815
1803
1796
1827
1796
1812
1811
1796
1807
1809
1796
1804
1811
1799
1817
1795
1805
1796
1796
1801
1798
1824
1805
1796
1814
1813
1796
1855
1796
1807
1805
1798
1825
1801
1796
1806
1798
1796
1804
1796
1810
1795
1796
1804
1795
1836
1804
1796
1802
1804
1797
1805
1795
1808
1806
1796
1823
1804
1796
1811
1802
1796
1804
1796
1804
1819
1796
1806
1797
1795
1805
1796
1806
1809
1796
1820
1796
1796
1806
1796
1832
1803
1797
1821
1796
1796
1804
1798
1814
1804
1795
1818
1796
1801
1813
1796
1807
1796
1809
1802
1796
1828
1796
1808
1803
1801
1823
1798
1796
1842
1796
1806
1811
1795
1807
1795
1796
1803
1796
1811
1808
1797
1807
1796
1796
1808
1796
1805
1826
1795
1805
1797
1802
1824
1796
1802
1796
1796
1818
1802
1797
1816
1796
1843
1813
1799
1805
1796
1796
1807
1795
1805
1823
1796
1806
1796
1796
1814
1798
1810
1811
1796
1805
1803
1796
1805
1796
1814
1805
1796
1810
1796
1804
1813
1796
1805
1796
1798
1809
1800
1796
1804
1797
1814
1796
1795
1806
1796
1805
1795
1795
1810
1797
1795
1804
1795
1818
1795
1795
1807
1796
1805
1796
1796
1809
1797
1825
1806
1795
1819
1798
1796
1813
1800
1806
1798
1796
1808
1795
1815
1806
1795
1810
1796
1798
1810
1799
1836
1805
1804
1819
1806
1796
1815
1796
1796
1815
1795
1805
1797
1796
1805
1796
1830
1803
1796
1807
1796
1796
1804
1796
1829
1825
1804
1812
1803
1812
1814
1796
1809
1805
1803
1805
1795
1795
1813
1812
1801
1804
1796
1805
1796
1795
1811
1796
1798
1807
1795
1816
1797
1798
1808
1796
1796
1819
1796
1810
1796
1796
1806
1796
1804
1796
1804
1804
1796
1819
1805
1796
1816
1800
1795
1812
1797
1809
1795
1795
1804
1799
1806
1813
1796
1808
1801
1795
1805
1796
1820
1797
1795
1817
1796
1808
1816
1796
1798
1815
1796
1802
1823
1795
1795
1816
1796
1807
1801
1796
1801
1796
1797
1804
1796
1822
1796
1797
1815
1796
1804
1797
1796
1806
1796
1796
1805
1796
1816
1796
1802
1805
1796
1796
1806
1803
1814
1795
1795
1811
1797
1796
1813
1796
1806
1796
1795
1809
1802
1808
1811
1795
1807
1796
1797
1809
1796
1804
1810
1797
1808
1796
1800
1814
1796
1805
1796
1796
1817
1796
1805
1826
1796
1814
1802
1802
1809
1796
1806
1811
1796
1807
1803
1796
1804
1796
1824
1797
1796
1808
1796
1804
1811
1796
1804
1797
1797
1822
1796
1803
1796
1797
1826
1796
1806
1796
1797
1804
1796
1818
1806
1796
1807
1796
1796
1826
1802
1808
1795
1796
1830
1796
1799
1807
1796
1817
1823
1796
1822
1808
1796
1813
1796
1796
1816
1796
1807
1796
1798
1804
1796
1815
1806
1798
1813
1796
1796
1814
1798
1809
1814
1823
1809
1796
1795
1804
1799
1816
1796
1796
1826
1796
1804
1816
1796
1804
1796
1796
1803
1804
1884
1796
1798
1807
1795
1828
1810
1796
1829
1798
1796
1806
1804
1795
1813
1796
1806
1797
1796
1813
1796
1824
1803
1796
1813
1796
1796
1813
1796
1807
1796
1796
1813
1798
1796
1805
1796
1814
1796
1803
1807
1796
1806
1796
1795
1810
1806
1796
1806
1795
1805
1796
1796
1821
1796
1806
1814
1796
1810
1799
1796
1805
1796
1814
1796
1796
1820
1796
1796
1812
1796
1808
1797
1807
1806
1796
1805
1816
1795
1805
1796
1802
1804
1812
1804
1804
1808
1807
1796
1796
1803
1796
1824
1808
1796
1817
1811
1796
1803
1796
1815
1804
1796
1822
1795
1796
1825
1795
1807
1797
1796
1803
1795
1802
1820
1796
1797
1822
1801
1805
1806
1795
1805
1817
1796
1818
1801
1802
1805
1829
1810
1796
1796
1812
1796
1796
1804
1796
1806
1816
1796
1807
1796
1797
1810
1796
1812
1796
1796
1801
1797
1795
1815
1798
1807
1798
1796
1807
1795
1802
1820
1796
1808
1813
1796
1805
1801
1796
1804
1796
1805
1815
1796
1808
1802
1796
1803
1796
1805
1813
1796
1817
1796
1797
1804
1796
1809
1796
1796
1815
1796
1796
1819
1797
1809
1796
1796
1808
1809
1796
1796
1855
1795
1813
1816
1800
1804
1795
1800
1814
1796
1796
1806
1795
1839
1795
1796
1808
1796
1820
1803
1814
1818
1796
1796
1807
1796
1804
1814
1795
1806
1798
1819
1805
1796
1834
1798
1796
1815
1796
1805
1837
1795
1809
1796
1798
1804
1796
1833
1796
1798
1813
1796
1806
1796
1800
1809
1795
1796
1807
1796
1813
1802
1796
1807
1795
1815
1804
1812
1819
1796
1796
1804
1797
1815
1815
1796
1804
1798
1815
1796
1796
1839
1798
1805
1815
1796
1805
1798
1798
1806
1796
1806
1795
1796
1819
1797
1810
1814
1796
1806
1796
1814
1807
1795
1815
1800
1795
1815
1814
1807
1806
1796
1818
1796
1796
1836
1796
1806
1796
1796
1820
1796
1810
1813
1798
1834
1796
1796
1805
1797
1807
1795
1795
1807
1798
1817
1805
1796
1813
1795
1798
1815
1801
1798
1820
1796
1808
1795
1813
1808
1796
1796
1810
1796
1818
1818
1796
1814
1796
1796
1814
1796
1813
1796
1795
1807
1797
1815
1820
1795
1815
1797
1795
1813
1795
1818
1813
1795
1808
1796
1813
1807
1797
1796
1805
1796
1839
1805
1810
1837
1795
1796
1813
1795
1797
1830
1796
1816
1796
1798
1816
1796
1796
1806
1796
1822
1796
1796
1812
1796
1796
1819
1796
1805
1796
1799
1805
1798
1817
1805
1796
1811
1801
1796
1814
1796
1805
1795
1795
1805
1796
1797
1807
1796
1804
1802
1806
1810
1796
1795
1807
1796
1811
1821
1796
1805
1796
1796
1805
1796
1818
1795
1796
1811
1796
1802
1821
1796
1804
1796
1796
1806
1802
1816
1807
1796
1814
1796
1795
1809
1796
1806
1796
1798
1805
1797
1796
1804
1798
1813
1796
1796
1809
1797
1804
1796
1796
1803
1796
1797
1805
1796
1816
1796
1796
1806
1796
1805
1811
1796
1804
1798
1797
1815
1800
1807
1807
1796
1819
1797
1796
1816
1796
1805
1805
1796
1821
1796
1796
1802
1797
1817
1796
1796
1805
1797
1796
1806
1796
1806
1795
1796
1805
1795
1811
1805
1797
1807
1796
1796
1805
1796
1830
1796
1795
1814
1795
1796
1818
1813
1808
1796
1796
1802
1795
1808
1823
1796
1825
1795
1795
1809
1796
1807
1796
1795
1800
1796
1824
1817
1801
1819
1796
1796
1807
1795
1826
1818
1796
1804
1796
1796
1803
1813
1807
1796
1796
1829
1795
1817
1808
1796
1804
1815
1795
1803
1843
1811
1836
1796
1823
1806
1796
1825
1797
1796
1804
1796
1805
1804
1797
1805
1795
1796
1805
1796
1815
1804
1797
1814
1796
1796
1810
1800
1805
1796
1796
1814
1797
1822
1808
1796
1806
1807
1796
1804
1798
1815
1806
1796
1818
1796
1796
1807
1796
1796
1805
1796
1820
1796
1798
1803
1796
1796
1803
1798
1815
1807
1796
1804
1798
1796
1805
1799
1817
1796
1795
1819
1796
1806
1822
1796
1806
1795
1798
1806
1797
1820
1812
1799
1814
1796
1796
1811
1795
1815
1805
1795
1814
1796
1798
1806
1796
1815
1795
1796
1808
1796
1796
1815
1796
1807
1796
1798
1806
1796
1822
1808
1796
1819
1798
1796
1819
1796
1806
1817
1796
1815
1796
1796
1804
1796
1817
1807
1795
1805
1796
1816
1805
1796
1808
1795
1796
1806
1795
1796
1818
1797
1808
1796
1796
1809
1795
1797
1806
1796
1816
1796
1796
1814
1797
1806
1810
1796
1810
1796
1796
