1945
1924
1933
1953
1928
1938
1934
1930
1934
1942
1924
1935
1934
1924
1942
1939
1924
1938
1936
1924
1947
1927
1924
1930
1924
1925
1933
1924
1927
1990
1926
1924
1934
1924
1929
1929
1924
1925
1933
1924
1927
1935
1924
1927
1932
1945
1925
1934
1924
1924
1934
1924
1930
1943
1924
1924
1934
1925
1940
1937
1925
1946
1933
1925
1942
1926
1926
1949
1924
1924
1944
1924
1927
1946
1925
1924
1936
1924
1929
1940
1924
1951
1949
1927
1935
1948
1925
1939
1943
1924
1934
1927
1926
1938
1924
1924
1941
1925
1924
1944
1924
1935
1945
1924
1946
1975
1924
1934
1932
1925
1941
1946
1924
1935
1941
1925
1934
1944
1925
1935
1925
1924
1934
1928
1938
1937
1929
1924
1959
1927
1924
1936
1925
1924
1982
1930
1924
1935
1924
1924
1935
1924
1933
1938
1924
1925
1948
1924
1927
1935
1924
1924
1932
1925
1925
1934
1924
1924
1935
1925
1933
1942
1926
1936
1940
1924
1944
1935
1924
1949
1933
1926
1943
1924
1924
1947
1924
1924
1929
1935
1924
1931
1942
1956
1925
1935
1932
1929
1936
1933
1927
1944
1942
1931
1940
1936
1925
1945
1934
1928
1942
1924
1924
1943
1924
1924
1941
1926
1924
1934
1924
1926
1936
1924
1924
1946
1924
1924
1945
1924
1926
1934
1924
1950
1940
1927
1925
1932
1925
1926
1936
1931
1925
1934
1925
1941
1936
1930
1950
1933
1925
1938
1937
1925
1949
1924
1924
1943
1925
1924
1948
1926
1924
1940
1925
1939
1942
1924
1935
1941
1926
1941
1941
1932
1936
1942
1925
1937
1924
1932
1952
1924
1925
1946
1924
1925
1963
1925
1926
1958
1924
1925
1940
1925
1929
1964
1926
1934
1942
1925
1935
1967
1924
1940
1932
1930
1940
1932
1940
1937
1952
1930
1934
1924
1941
1941
1924
1929
1937
1927
1924
1939
1924
1926
1933
1925
1925
1952
1924
1924
1950
1925
1926
1967
1925
1925
1950
1925
1933
1943
1924
1935
1932
1926
1944
1938
1940
1934
1943
1938
1937
1924
1940
1934
1925
1930
1934
1924
1924
1933
1924
1942
1939
1926
1943
1949
1924
1935
1948
1925
1938
1941
1926
1935
1924
1924
1939
1924
1940
1933
1925
1948
1938
1924
1940
1943
1924
1930
1938
1924
1942
1933
1924
1927
1939
1924
1933
1960
1933
1935
1960
1924
1935
1961
1924
1934
1952
1926
1934
1940
1952
1936
1926
1924
1935
1924
1943
1936
1924
1928
1939
1930
1933
1948
1925
1939
1942
1924
1940
1949
1925
1936
1943
1924
1944
1925
1924
1933
1925
1926
1935
1929
1925
1932
1926
1959
1935
1930
1936
1934
1925
1937
1941
1926
1932
1940
1924
1934
1937
1924
1935
1947
1924
1932
1925
1924
1942
1924
1925
1943
1926
1924
1943
1924
1924
1940
1924
1924
1939
1928
2010
1936
1925
1926
1936
1925
1925
1934
1924
1925
1932
1927
1944
1934
1925
1944
1934
1924
1943
1933
1925
1944
1926
1924
1944
1927
1956
1938
1925
1924
1937
1924
1924
1933
1926
1925
1935
1927
1926
1943
1925
1946
1933
1928
1941
1932
1925
1948
1933
1926
1933
1939
1924
1940
1930
1925
1940
1924
1924
1930
1929
1925
1948
1925
1924
1939
1925
1931
1932
1925
1946
1930
1925
1931
1925
1928
1938
1925
1925
1966
1924
1941
1951
1925
1924
1959
1924
1929
1939
1924
1925
1937
1924
1925
1951
1924
1924
1939
1925
1924
1945
1925
1925
1939
1924
1935
1942
1924
1937
1940
1924
1929
1940
1936
1926
1946
1925
1932
1960
1924
1924
1961
1926
1925
1938
1924
1925
1976
1924
1925
1944
1924
1924
1932
1925
1924
1946
1924
1940
1932
1924
1999
1938
1928
1939
1933
1950
1944
1934
1934
1942
1934
1924
1939
1933
1926
1944
1933
1925
1941
1933
1925
1946
1933
1924
1945
1924
1924
1948
1925
1924
1934
1924
1925
1938
1925
1924
1933
1925
1925
1949
1924
1924
1939
1925
1933
1945
1928
1933
1940
1924
1933
1924
1927
1935
1924
1924
1935
1925
1925
1934
1929
1924
1934
1925
1924
1940
1924
1944
1933
1924
1935
1945
1924
1937
1945
1925
1934
1925
1931
1966
1924
1932
1938
1924
1929
1936
1924
1946
1938
1924
1928
1953
1924
1928
1944
1924
1925
1930
1924
1924
1935
1925
1924
1948
1925
1924
1948
1924
1925
1948
1925
1933
1934
1925
1944
1933
1925
1943
1937
1925
1943
1925
1930
1942
1925
1924
1945
1924
1928
1933
1925
1925
1935
1924
1924
1934
1925
1925
1933
1925
1924
1946
1924
1924
1944
1925
1924
1936
1924
1925
1932
1925
1932
1932
1925
1944
1932
1925
1946
1933
1928
1936
1932
1925
1945
1932
1935
1925
1924
1942
1929
1927
1968
1924
1924
1933
1924
1925
1976
1924
1924
1934
1925
1942
1933
1925
1941
1934
1925
1946
1924
1957
1945
1924
1924
1993
1925
1975
1971
1936
1924
1945
1935
1924
1936
1935
1924
1943
1948
1924
1946
1938
1924
1936
1951
1926
1938
1924
1925
1932
1926
1925
1946
1924
1929
1935
1924
1924
1933
1944
1942
1933
1925
1949
1936
1945
1942
1934
1924
1935
1946
1939
1936
1955
1924
1935
1951
1925
1939
1939
1924
1934
1944
1924
1954
1942
1924
1934
1924
1930
1954
1933
1924
1942
1924
1924
1935
1927
1930
1931
1925
1925
1939
1930
1925
1943
1925
1925
1941
1930
1925
1936
1924
1943
1934
1925
2007
1937
1924
1942
1933
1924
1936
1944
1924
1937
1938
1924
1936
1924
1924
1991
1942
1926
1935
1927
1945
1939
1925
1925
1947
1931
1924
1933
1924
1927
1952
1935
1924
1942
1924
1956
1943
1925
1926
1949
1924
1924
1942
1924
1940
1988
1935
1995
1939
1932
1935
1933
1940
1924
1933
1933
1946
1938
1924
1924
1940
1925
1943
1929
1924
1926
1931
1924
1924
1946
1939
1924
1940
1924
1925
1954
1925
1925
1932
1924
1924
1949
1928
1926
1933
1924
1941
1934
1929
1934
1932
1925
1943
1937
1929
1938
1935
1924
1974
1935
1944
1949
1938
1925
1946
1933
1924
1972
1943
1925
1951
1943
1924
1951
1938
1924
1933
1925
1926
2010
1930
1924
1945
1925
1924
1934
1925
1926
1942
1924
1925
1955
1934
1925
1942
1925
1936
1939
1927
1938
1948
1924
1934
1924
1924
2049
1936
1924
1936
1926
1924
1956
1924
1926
1942
1924
1924
1954
1926
1935
1939
1925
1935
1947
1928
1936
1934
1926
1933
1930
1930
1941
1932
1970
1935
1936
1943
1925
1943
1924
1937
1932
1942
1952
1936
1924
1948
1932
1924
1939
1940
1924
1933
1934
1925
1965
1938
1925
1949
1933
1924
1962
1925
1925
1934
1924
1925
1934
1930
1925
1942
1926
1924
1946
1946
1925
1946
1924
1924
1943
1944
1929
1935
1924
1925
1942
1925
1940
1935
1925
1969
1933
1926
1968
1935
1924
1947
1936
1925
1961
1935
1926
1954
1932
1925
1943
1936
1924
1940
1925
1925
1947
1942
1925
1943
1924
1924
1937
1943
1926
1943
1925
1935
1937
1924
1936
1947
1925
1938
1925
1924
1951
1926
1924
1933
1924
1925
1935
1924
1925
1933
1925
1947
1933
1943
1944
1933
1925
2157
1935
1955
1946
1934
1924
1948
1935
1925
1949
1949
1926
1934
1944
1924
1944
1933
1924
1946
1933
1926
1976
1934
1925
1949
1924
1924
1956
1924
1925
1947
1924
1924
1942
1928
1925
1942
1925
1925
1932
1945
1943
1938
1925
1941
1933
1941
1946
1943
1925
1943
1934
1925
1938
1948
1925
1936
1924
1924
1953
1924
1924
1933
1924
1926
1933
1926
1925
1935
1925
1942
1934
1949
1946
1933
1924
1940
1935
1945
1949
1933
1924
1944
1924
1924
1949
1926
1925
1932
1925
1924
1958
1924
1924
1932
1926
1942
1952
1925
1935
1943
1924
1944
1939
1934
1946
1933
1925
1948
1937
1944
1949
1941
1926
1946
1936
1944
1944
1933
1924
1941
1925
1925
1942
1942
1924
1941
1924
1924
1962
1925
1924
1941
1924
1937
1959
1925
1935
1940
1925
1938
1924
1943
1934
1925
1925
1936
1924
1947
1937
1925
1924
