2053
2057
2074
2089
2052
2067
2073
2053
2053
2062
2053
2053
2063
2056
2053
2063
2060
2054
2076
2066
2053
2077
2061
2053
2053
2061
2055
2054
2067
2052
2054
2078
2063
2053
2094
2060
2053
2072
2062
2055
2053
2063
2053
2057
2064
2053
2053
2061
2053
2055
2064
2070
2052
2062
2070
2058
2053
2069
2053
2055
2072
2056
2053
2062
2070
2053
2063
2067
2053
2073
2061
2053
2053
2071
2053
2053
2062
2054
2052
2075
2063
2054
2073
2061
2053
2067
2063
2053
2054
2064
2053
2054
2062
2053
2052
2063
2072
2053
2065
2073
2053
2062
2065
2054
2072
2063
2053
2053
2065
2052
2056
2073
2053
2053
2071
2061
2056
2074
2061
2054
2065
2069
2057
2055
2070
2053
2053
2060
2062
2053
2075
2063
2053
2062
2066
2065
2053
2062
2072
2052
2054
2069
2053
2053
2067
2053
2057
2084
2062
2053
2066
2064
2058
2053
2066
2053
2053
2070
2058
2052
2062
2061
2053
2058
2076
2059
2054
2061
2053
2055
2068
2053
2053
2066
2060
2053
2067
2075
2053
2063
2053
2057
2086
2065
2094
2062
2063
2058
2053
2075
2054
2053
2066
2072
2053
2063
2103
2053
2065
2077
2053
2053
2084
2055
2053
2075
2053
2055
2087
2053
2053
2076
2064
2053
2086
2064
2055
2076
2062
2053
2089
2065
2053
2059
2069
2053
2069
2067
2053
2060
2064
2053
2069
2076
2061
2059
2083
2064
2091
2053
2062
2066
2053
2062
2088
2053
2075
2087
2052
2053
2062
2052
2052
2078
2062
2052
2077
2061
2054
2087
2063
2053
2054
2061
2053
2057
2063
2070
2052
2062
2070
2056
2066
2070
2053
2062
2068
2055
2053
2073
2053
2053
2058
2057
2052
2061
2071
2053
2062
2070
2053
2053
2075
2053
2053
2067
2054
2053
2067
2053
2053
2070
2056
2053
2058
2053
2053
2063
2079
2054
2062
2062
2053
2063
2068
2053
2053
2072
2058
2052
2075
2062
2053
2069
2062
2053
2066
2059
2053
2053
2066
2053
2059
2070
2054
2054
2061
2060
2059
2073
2061
2053
2070
2061
2061
2081
2063
2053
2053
2058
2059
2055
2063
2072
2053
2062
2067
2053
2067
2061
2053
2074
2066
2053
2053
2060
2053
2082
2073
2058
2052
2070
2063
2052
2075
2062
2054
2053
2066
2053
2053
2061
2054
2053
2060
2061
2052
2064
2072
2053
2066
2073
2053
2059
2062
2053
2053
2073
2062
2053
2070
2062
2053
2053
2063
2053
2053
2052
2063
2071
2068
2053
2070
2054
2052
2073
2064
2052
2062
2068
2053
2053
2063
2053
2053
2061
2053
2054
2066
2053
2053
2061
2073
2053
2065
2069
2054
2062
2069
2053
2065
2061
2053
2053
2063
2053
2057
2062
2053
2054
2065
2053
2057
2062
2069
2053
2064
2068
2056
2062
2067
2053
2065
2067
2053
2063
2063
2053
2053
2064
2055
2053
2062
2061
2055
2064
2062
2053
2063
2072
2059
2063
2071
2059
2053
2070
2055
2055
2058
2058
2053
2065
2054
2053
2072
2072
2053
2073
2063
2053
2073
2073
2052
2070
2063
2054
2053
2073
2053
2053
2062
2053
2053
2080
2054
2053
2062
2061
2053
2078
2063
2053
2071
2061
2053
2088
2062
2053
2053
2063
2053
2053
2065
2057
2055
2073
2065
2053
2064
2061
2053
2053
2082
2053
2054
2060
2060
2052
2061
2059
2053
2063
2065
2052
2053
2061
2053
2053
2061
2071
2065
2070
2060
2055
2053
2061
2062
2059
2064
2069
2055
2055
2064
2061
2053
2061
2053
2053
2063
2068
2058
2065
2068
2064
2053
2089
2057
2057
2071
2064
2053
2073
2068
2053
2053
2062
2053
2052
2066
2075
2053
2064
2067
2053
2067
2065
2054
2077
2062
2055
2058
2073
2053
2055
2064
2062
2056
2064
2079
2053
2066
2073
2058
2053
2084
2053
2055
2063
2057
2052
2079
2063
2053
2065
2066
2055
2076
2063
2053
2065
2074
2053
2053
2075
2053
2053
2073
2053
2053
2063
2053
2053
2064
2076
2053
2064
2073
2052
2062
2077
2055
2053
2070
2052
2053
2077
2061
2053
2070
2061
2053
2077
2061
2055
2071
2123
2053
2058
2156
2067
2060
2066
2077
2057
2066
2072
2069
2052
2081
2068
2053
2063
2092
2052
2068
2060
2052
2053
2070
2053
2053
2066
2064
2052
2063
2061
2054
2053
2073
2053
2069
2062
2053
2056
2062
2075
2053
2061
2060
2058
2071
2061
2053
2055
2061
2057
2053
2068
2074
2053
2062
2076
2053
2062
2060
2055
2053
2066
2053
2053
2065
2052
2052
2079
2062
2053
2077
2063
2054
2067
2081
2053
2060
2060
2053
2059
2061
2054
2054
2061
2053
2060
2064
2069
2053
2062
2064
2058
2071
2060
2053
2053
2065
2058
2053
2058
2061
2063
2053
2070
2075
2053
2054
2101
2077
2060
2054
2064
2052
2053
2062
2107
2053
2063
2073
2053
2061
2085
2053
2062
2071
2053
2053
2076
2053
2053
2066
2053
2053
2070
2064
2052
2076
2071
2053
2062
2071
2062
2053
2079
2061
2057
2075
2070
2052
2053
2068
2064
2053
2068
2072
2053
2071
2067
2054
2062
2073
2053
2062
2078
2055
2053
2060
2054
2053
2065
2054
2053
2059
2063
2058
2076
2068
2055
2070
2060
2054
2061
2074
2053
2058
2068
2053
2053
2077
2053
2053
2067
2053
2054
2070
2061
2053
2064
2070
2053
2063
2068
2053
2061
2073
2053
2062
2070
2053
2053
2068
2055
2053
2062
2053
2054
2062
2068
2053
2061
2063
2058
2071
2060
2054
2053
2058
2053
2055
2063
2053
2054
2061
2073
2053
2061
2060
2060
2064
2078
2053
2073
2061
2058
2060
2072
2054
2053
2070
2061
2053
2064
2053
2054
2075
2058
2053
2065
2055
2053
2063
2069
2055
2080
2072
2053
2060
2071
2053
2053
2063
2052
2052
2073
2075
2055
2072
2062
2053
2068
2063
2054
2074
2063
2052
2053
2062
2053
2053
2063
2053
2053
2073
2058
2052
2061
2068
2053
2053
2065
2054
2053
2072
2053
2059
2061
2053
2053
2061
2076
2057
2064
2067
2055
2065
2076
2057
2067
2069
2053
2077
2081
2062
2053
2072
2063
2054
2065
2095
2053
2055
2062
2054
2053
2073
2053
2053
2062
2054
2052
2079
2064
2055
2074
2065
2053
2078
2063
2053
2071
2065
2055
2077
2063
2053
2055
2071
2053
2054
2063
2052
2053
2067
2070
2053
2064
2070
2053
2069
2071
2053
2066
2072
2053
2054
2069
2053
2057
2072
2053
2053
2071
2053
2056
2072
2055
2053
2069
2062
2060
2074
2066
2054
2070
2064
2057
2072
2067
2055
2053
2063
2057
2055
2066
2053
2053
2074
2057
2052
2071
2063
2052
2063
2060
2053
2082
2063
2053
2069
2063
2053
2079
2061
2053
2053
2061
2057
2069
2064
2053
2053
2063
2080
2054
2064
2069
2056
2063
2076
2052
2056
2061
2053
2053
2079
2053
2053
2069
2053
2055
2069
2062
2053
2076
2062
2053
2076
2064
2053
2074
2069
2053
2057
2069
2053
2053
2070
2053
2055
2073
2055
2053
2064
2054
2055
2062
2069
2053
2061
2076
2052
2067
2060
2055
2069
2063
2053
2061
2061
2053
2053
2065
2053
2058
2061
2053
2055
2064
2053
2058
2064
2068
2053
2098
2062
2092
2053
2060
2054
2053
2061
2067
2054
2059
2082
2053
2062
2072
2053
2053
2063
2055
2053
2070
2053
2055
2062
2085
2053
2066
2071
2053
2063
2067
2055
2069
2076
2053
2055
2065
2053
2053
2073
2053
2052
2059
2063
2052
2065
2061
2061
2063
2068
2053
2053
2062
2052
2053
2061
2061
2053
2062
2068
2054
2062
2060
2053
2054
2062
2053
2053
2059
2068
2057
2066
2067
2053
2062
2061
2053
2054
2066
2060
2053
2066
2063
2052
2070
2061
2053
2070
2060
2053
2062
2062
2053
2060
2063
2053
2053
2064
2054
2059
2079
2053
2055
2074
2053
2058
2077
2063
2055
2069
2061
2061
2073
2061
2053
2074
2062
2058
2053
2061
2053
2053
2060
2054
2053
2063
2053
2075
2066
2061
2053
2064
2082
2053
2053
2062
2054
2053
2062
2053
2055
2063
2062
2053
2066
2063
2052
2068
2060
2055
2053
2068
2054
2055
2062
2075
2054
2064
