2192
2200
2182
2195
2196
2201
2189
2184
2196
2192
2182
2182
2193
2192
2186
2182
2191
2201
2183
2201
2199
2182
2182
2198
2191
2186
2182
2192
2196
2182
2193
2207
2182
2182
2200
2192
2182
2185
2193
2197
2182
2192
2201
2182
2182
2198
2208
2182
2185
2197
2198
2182
2203
2206
2195
2182
2231
2187
2189
2187
2202
2192
2183
2182
2190
2193
2187
2194
2189
2182
2183
2195
2200
2182
2192
2197
2182
2184
2205
2191
2182
2181
2189
2205
2182
2191
2197
2182
2182
2192
2193
2182
2182
2206
2203
2182
2198
2191
2184
2198
2198
2192
2182
2200
2203
2182
2184
2198
2199
2182
2181
2192
2194
2182
2182
2202
2190
2183
2198
2193
2182
2183
2191
2186
2200
2195
2197
2183
2182
2195
2231
2183
2182
2225
2205
2182
2182
2199
2193
2182
2208
2190
2183
2182
2194
2194
2185
2182
2196
2195
2184
2203
2191
2182
2184
2191
2206
2193
2184
2195
2190
2183
2211
2194
2182
2182
2191
2190
2182
2207
2245
2183
2182
2192
2194
2182
2192
2189
2182
2191
2209
2182
2222
2199
2192
2183
2192
2198
2193
2219
2202
2274
2182
2182
2195
2193
2182
2184
2190
2202
2182
2196
2191
2181
2182
2196
2206
2182
2183
2200
2190
2184
2198
2191
2183
2182
2189
2196
2182
2202
2192
2182
2184
2201
2198
2185
2182
2199
2187
2182
2199
2196
2182
2182
2200
2201
2182
2195
2195
2182
2187
2193
2206
2182
2193
2201
2182
2187
2192
2203
2184
2198
2200
2183
2183
2192
2205
2186
2196
2201
2182
2182
2207
2195
2182
2182
2193
2201
2182
2199
2200
2183
2182
2201
2192
2182
2200
2192
2184
2182
2203
2199
2184
2182
2202
2191
2188
2201
2190
2182
2305
2202
2209
2182
2182
2204
2191
2182
2197
2199
2182
2182
2202
2198
2182
2204
2196
2188
2183
2196
2202
2182
2182
2191
2183
2186
2195
2202
2184
2208
2206
2189
2183
2183
2203
2191
2187
2194
2210
2182
2183
2201
2199
2181
2184
2203
2194
2181
2200
2194
2182
2182
2192
2198
2182
2197
2203
2181
2182
2194
2203
2182
2182
2202
2193
2187
2206
2200
2184
2182
2190
2214
2184
2189
2207
2202
2187
2182
2200
2225
2183
2201
2200
2182
2182
2191
2197
2182
2188
2191
2198
2182
2193
2193
2187
2182
2200
2192
2182
2186
2194
2190
2182
2202
2195
2186
2184
2191
2202
2181
2182
2204
2192
2182
2191
2193
2184
2182
2192
2206
2192
2191
2196
2191
2200
2185
2194
2204
2184
2182
2192
2182
2185
2193
2210
2183
2183
2195
2182
2183
2195
2210
2182
2183
2195
2182
2182
2191
2205
2182
2192
2191
2182
2184
2196
2204
2182
2186
2204
2194
2183
2182
2192
2208
2182
2196
2200
2183
2184
2193
2198
2182
2192
2199
2183
2181
2203
2192
2182
2201
2193
2184
2182
2192
2198
2184
2195
2201
2183
2184
2200
2192
2182
2205
2192
2181
2182
2206
2204
2186
2183
2201
2191
2184
2202
2193
2183
2182
2195
2200
2182
2201
2191
2184
2183
2205
2193
2184
2202
2191
2182
2184
2192
2198
2182
2194
2194
2183
2182
2191
2193
2182
2199
2190
2181
2182
2201
2199
2191
2183
2191
2199
2187
2195
2203
2184
2182
2192
2204
2181
2192
2190
2182
2188
2192
2201
2181
2182
2206
2192
2182
2199
2199
2182
2198
2197
2191
2187
2204
2191
2199
2206
2194
2211
2182
2193
2236
2232
2190
2205
2194
2221
2182
2199
2200
2182
2182
2190
2192
2183
2182
2193
2191
2214
2182
2193
2196
2188
2183
2192
2199
2182
2190
2207
2191
2182
2198
2209
2192
2194
2198
2195
2206
2182
2199
2197
2182
2182
2208
2182
2182
2195
2207
2183
2182
2199
2182
2182
2192
2191
2183
2248
2202
2191
2182
2182
2192
2207
2192
2192
2193
2183
2183
2189
2206
2183
2185
2199
2182
2188
2205
2191
2183
2182
2192
2199
2182
2191
2207
2198
2182
2195
2201
2193
2182
2199
2196
2189
2183
2213
2193
2182
2194
2193
2197
2239
2182
2199
2200
2182
2182
2189
2204
2184
2205
2192
2198
2182
2192
2207
2182
2182
2205
2201
2182
2196
2190
2182
2198
2190
2189
2182
2204
2191
2182
2182
2192
2203
2182
2211
2201
2191
2185
2183
2195
2207
2182
2199
2194
2182
2182
2207
2198
2183
2191
2199
2188
2182
2201
2197
2183
2182
2198
2182
2183
2195
2195
2182
2183
2194
2199
2189
2193
2190
2182
2183
2194
2203
2187
2195
2205
2182
2190
2192
2190
2182
2183
2190
2203
2182
2182
2190
2192
2182
2196
2195
2184
2182
2192
2191
2189
2182
2194
2199
2184
2198
2199
2182
2184
2200
2190
2187
2202
2195
2183
2182
2194
2200
2183
2182
2229
2192
2187
2183
2194
2205
2182
2267
2199
2182
2192
2195
2192
2181
2182
2191
2190
2182
2190
2223
2184
2201
2197
2190
2184
2182
2197
2234
2184
2185
2197
2206
2183
2202
2190
2182
2184
2191
2193
2182
2188
2190
2190
2182
2207
2197
2182
2182
2192
2190
2185
2202
2194
2183
2182
2190
2207
2182
2191
2201
2190
2181
2194
2192
2192
2182
2191
2195
2184
2202
2196
2182
2184
2194
2201
2182
2198
2202
2182
2185
2194
2202
2182
2194
2192
2183
2182
2202
2191
2182
2183
2195
2206
2182
2193
2201
2185
2182
2205
2192
2183
2201
2195
2181
2182
2203
2199
2182
2195
2200
2182
2183
2201
2193
2182
2183
2192
2191
2181
2206
2199
2186
2184
2194
2201
2184
2182
2199
2193
2181
2193
2197
2182
2182
2192
2191
2201
2196
2198
2190
2182
2205
2197
2182
2183
2192
2191
2183
2207
2196
2182
2183
2192
2205
2186
2194
2200
2184
2182
2194
2193
2184
2182
2193
2182
2184
2193
2191
2182
2184
2195
2206
2182
2192
2190
2182
2182
2199
2199
2182
2182
2207
2182
2189
2199
2195
2182
2182
2189
2192
2182
2201
2406
2201
2197
2182
2201
2190
2182
2194
2227
2182
2182
2190
2193
2182
2182
2196
2197
2182
2191
2212
2181
2183
2199
2190
2182
2188
2224
2200
2182
2192
2197
2187
2182
2190
2209
2181
2182
2200
2190
2182
2199
2191
2191
2182
2203
2206
2182
2182
2199
2191
2182
2203
2211
2182
2183
2193
2200
2182
2183
2205
2193
2182
2201
2191
2182
2186
2194
2198
2182
2202
2191
2191
2182
2191
2200
2182
2182
2197
2199
2182
2192
2201
2184
2183
2201
2193
2182
2199
2195
2183
2182
2197
2193
2182
2200
2191
2182
2184
2195
2190
2185
2184
2191
2196
2182
2201
2191
2182
2182
2196
2198
2184
2193
2192
2182
2182
2198
2197
2182
2199
2194
2212
2182
2192
2201
2187
2182
2190
2189
2185
2191
2200
2182
2182
2190
2196
2182
2192
2189
2182
2184
2198
2191
2183
2198
2190
2184
2182
2199
2189
2182
2189
2208
2182
2182
2188
2198
2182
2201
2190
2182
2183
2200
2191
2185
2200
2189
2182
2182
2188
2190
2182
2182
2228
2201
2194
2182
2190
2183
2182
2191
2226
2182
2191
2190
2206
2182
2192
2187
2182
2182
2195
2198
2183
2183
2191
2191
2184
2212
2191
2183
2182
2191
2195
2186
2192
2195
2181
2187
2190
2210
2182
2194
2198
2182
2182
2193
2197
2184
2182
2195
2198
2182
2208
2189
2182
2182
2201
2194
2182
2191
2202
2182
2187
2191
2202
2182
2192
2201
2188
2182
2207
2191
2182
2202
2195
2193
2182
2202
2195
2189
2183
2193
2199
2184
2194
2205
2182
2183
2200
2193
2182
2204
2191
2182
2181
2202
2193
2187
2201
2192
2182
2182
2191
2196
2188
2183
2198
2204
2188
2194
2194
2184
2182
2202
2198
2184
2192
2202
2182
2183
2204
2191
2182
2206
2192
2182
2184
2201
2197
2182
2183
2207
2195
2182
2203
2192
2183
2186
2203
2196
2182
2200
2192
2187
2182
2196
2197
2182
2192
2204
2182
2182
2192
2190
2182
2184
2204
2192
2182
2200
2201
2188
2183
2193
2199
2182
2198
2202
2191
2182
2199
2190
2188
2182
2190
2199
2182
2193
2192
2195
2182
2182
2192
2198
2181
2215
2191
2184
2182
2196
2209
2184
2183
2197
