2311
2333
2323
2359
2347
2311
2317
2325
2310
2310
2322
2322
2313
2311
2323
2319
2311
2311
2327
2319
2311
2310
2320
2332
2319
2311
2319
2328
2319
2311
2326
2319
2328
2310
2337
2329
2320
2310
2329
2319
2327
2310
2311
2327
2318
2315
2310
2321
2325
2311
2311
2330
2319
2310
2311
2327
2322
2310
2311
2318
2336
2311
2313
2331
2317
2311
2311
2324
2333
2310
2311
2318
2332
2313
2310
2323
2330
2311
2313
2322
2330
2310
2311
2317
2320
2310
2311
2317
2322
2311
2311
2318
2321
2311
2311
2325
2327
2310
2311
2329
2319
2310
2311
2318
2321
2323
2314
2319
2325
2317
2310
2329
2341
2327
2316
2310
2333
2335
2311
2311
2324
2352
2330
2311
2322
2319
2317
2311
2315
2318
2326
2310
2311
2327
2319
2310
2310
2320
2323
2313
2311
2330
2317
2310
2311
2328
2321
2311
2310
2319
2319
2318
2310
2332
2318
2322
2310
2326
2319
2330
2311
2319
2332
2317
2311
2335
2317
2320
2311
2315
2329
2318
2323
2311
2317
2320
2310
2310
2320
2311
2323
2326
2317
2319
2342
2324
2318
2312
2310
2328
2319
2310
2311
2321
2327
2315
2311
2330
2319
2311
2314
2321
2338
2310
2311
2327
2326
2311
2312
2325
2318
2311
2313
2321
2327
2310
2313
2326
2328
2311
2312
2332
2319
2311
2312
2327
2322
2310
2316
2331
2320
2311
2311
2320
2338
2311
2312
2340
2318
2318
2311
2318
2325
2310
2310
2330
2318
2315
2311
2321
2320
2311
2311
2319
2327
2315
2320
2321
2328
2311
2311
2321
2316
2310
2310
2323
2322
2318
2310
2320
2320
2310
2310
2316
2326
2319
2310
2324
2335
2320
2311
2325
2324
2331
2311
2322
2327
2324
2310
2330
2321
2325
2311
2323
2320
2331
2311
2311
2330
2319
2319
2318
2323
2374
2319
2310
2316
2324
2351
2310
2321
2328
2329
2310
2311
2318
2325
2311
2310
2325
2318
2311
2354
2330
2319
2310
2311
2319
2322
2311
2310
2319
2324
2312
2311
2321
2329
2311
2311
2317
2331
2310
2311
2328
2321
2311
2311
2328
2320
2310
2313
2324
2318
2311
2311
2332
2324
2311
2311
2320
2318
2312
2311
2335
2318
2311
2312
2323
2331
2310
2311
2325
2325
2310
2311
2319
2324
2311
2311
2325
2319
2311
2311
2331
2320
2310
2311
2325
2322
2310
2311
2321
2327
2311
2313
2319
2318
2312
2435
2324
2321
2330
2310
2320
2334
2330
2310
2326
2327
2318
2321
2315
2330
2320
2312
2344
2320
2319
2313
2310
2320
2322
2317
2311
2319
2326
2320
2311
2324
2320
2335
2311
2323
2328
2311
2311
2330
2320
2311
2310
2321
2324
2311
2311
2329
2320
2310
2311
2321
2332
2310
2311
2332
2321
2310
2310
2320
2319
2318
2311
2329
2319
2329
2311
2332
2319
2317
2311
2322
2327
2322
2310
2325
2323
2328
2310
2322
2325
2332
2311
2313
2334
2322
2312
2315
2322
2327
2313
2311
2330
2323
2310
2310
2324
2328
2315
2311
2329
2324
2312
2311
2324
2328
2312
2311
2328
2321
2312
2310
2330
2320
2311
2312
2322
2331
2311
2311
2330
2322
2311
2327
2320
2321
2313
2310
2321
2321
2311
2310
2322
2333
2311
2310
2336
2325
2310
2311
2320
2329
2311
2311
2332
2319
2310
2311
2327
2329
2311
2311
2328
2319
2314
2311
2321
2613
2310
2324
2359
2323
2338
2310
2334
2322
2326
2314
2311
2320
2328
2312
2310
2328
2321
2326
2310
2321
2338
2321
2310
2331
2320
2321
2311
2310
2340
2327
2325
2310
2311
2320
2325
2310
2312
2328
2320
2312
2311
2326
2323
2313
2311
2325
2319
2315
2311
2319
2319
2313
2316
2336
2318
2313
2310
2319
2329
2310
2310
2319
2326
2316
2310
2328
2320
2311
2311
2328
2329
2310
2311
2325
2323
2311
2333
2322
2334
2310
2316
2321
2327
2332
2311
2328
2319
2327
2314
2311
2330
2329
2311
2312
2318
2318
2313
2311
2316
2337
2310
2312
2320
2333
2311
2312
2319
2324
2311
2316
2331
2320
2311
2313
2328
2318
2312
2311
2323
2319
2312
2311
2317
2318
2320
2310
2322
2321
2318
2311
2326
2319
2334
2311
2318
2335
2318
2311
2335
2320
2332
2311
2311
2319
2318
2310
2315
2321
2325
2311
2311
2336
2320
2311
2312
2319
2334
2314
2311
2318
2324
2311
2321
2317
2322
2311
2312
2318
2336
2311
2311
2316
2329
2314
2316
2317
2321
2335
2312
2313
2321
2322
2327
2311
2328
2323
2310
2326
2320
2323
2313
2311
2323
2347
2310
2310
2330
2322
2327
2311
2318
2324
2311
2311
2335
2325
2311
2312
2333
2320
2311
2311
2331
2324
2311
2328
2317
2329
2313
2311
2330
2336
2323
2313
2312
2347
2322
2312
2315
2324
2328
2312
2310
2322
2327
2317
2310
2330
2319
2341
2311
2311
2326
2319
2320
2310
2328
2320
2311
2311
2328
2327
2310
2311
2328
2327
2311
2310
2320
2318
2310
2326
2327
2318
2310
2324
2328
2316
2310
2312
2329
2318
2338
2312
2322
2318
2310
2314
2320
2316
2310
2312
2320
2353
2311
2312
2325
2318
2311
2335
2339
2318
2311
2311
2324
2331
2310
2311
2330
2318
2317
2311
2319
2324
2313
2315
2330
2317
2312
2311
2318
2332
2313
2311
2324
2318
2313
2330
2318
2323
2310
2345
2323
2320
2311
2310
2319
2319
2310
2311
2320
2326
2311
2326
2320
2338
2311
2311
2319
2332
2311
2311
2327
2319
2315
2311
2322
2325
2310
2311
2331
2325
2311
2310
2319
2326
2310
2310
2323
2326
2310
2322
2321
2325
2311
2311
2329
2322
2310
2311
2348
2327
2333
2310
2328
2319
2311
2313
2315
2319
2311
2312
2320
2358
2318
2313
2311
2318
2322
2311
2325
2319
2340
2312
2342
2333
2318
2316
2319
2320
2321
2311
2311
2330
2321
2333
2310
2319
2320
2310
2311
2321
2323
2311
2311
2322
2323
2311
2311
2317
2318
2311
2315
2320
2334
2311
2311
2321
2320
2310
2335
2320
2325
2314
2322
2336
2320
2310
2326
2321
2325
2311
2319
2319
2328
2310
2311
2322
2329
2310
2311
2329
2319
2310
2311
2326
2328
2311
2310
2324
2319
2310
2313
2332
2323
2310
2318
2325
2354
2326
2313
2330
2329
2319
2312
2311
2321
2342
2311
2311
2323
2319
2311
2311
2327
2327
2310
2311
2325
2335
2311
2311
2326
2320
2311
2310
2330
2320
2310
2317
2329
2323
2357
2319
2333
2317
2319
2311
2323
2322
2325
2311
2311
2322
2323
2318
2310
2323
2319
2310
2311
2329
2323
2310
2311
2320
2329
2321
2310
2330
2320
2321
2316
2328
2323
2346
2310
2329
2326
2333
2310
2311
2330
2360
2321
2310
2339
2320
2326
2311
2312
2337
2321
2310
2314
2319
2334
2310
2313
2321
2331
2310
2310
2322
2327
2313
2312
2320
2342
2313
2313
2320
2329
2313
2310
2333
2323
2330
2311
2331
2331
2324
2310
2329
2321
2327
2311
2323
2330
2324
2311
2326
2320
2326
2311
2323
2330
2320
2312
2310
2324
2325
2311
2313
2322
2332
2311
2311
2320
2334
2310
2310
2328
2319
2310
2310
2324
2325
2311
2312
2331
2323
2311
2311
2320
2324
2311
2315
2327
2321
2311
2314
2322
2327
2311
2310
2328
2324
2311
2311
2328
2320
2315
2310
2321
2328
2311
2310
2334
2320
2330
2311
2345
2320
2319
2311
2321
2319
2319
2311
2332
2318
2326
2311
2319
2326
2321
2310
2328
2318
2327
2349
2311
2328
2320
2311
2311
2322
2319
2310
2310
2321
2322
2311
2311
2319
2329
2310
2311
2319
2326
2310
2311
2339
2319
2310
2311
2321
2333
2310
2311
2350
2322
2320
2311
2321
2326
2319
2316
2311
2320
2319
2310
2310
2330
2328
2311
2311
2328
2329
2310
2311
2319
2325
2310
2317
2327
2318
2310
2310
2323
2326
2311
2311
2316
2320
2316
2311
2319
2325
2311
2311
2333
2319
2311
2313
2324
2333
2311
2310
2318
2321
2311
2317
2319
2324
2311
2310
2332
2320
2311
2311
2321
2324
2316
2319
2326
2320
2310
2326
2320
2318
2311
2328
2319
2331
2311
2311
2330
2318
2310
2311
