2450
2439
2439
2469
2455
2449
2439
2439
2472
2451
2453
2441
2439
2448
2452
2457
2439
2439
2461
2448
2440
2439
2451
2449
2447
2445
2441
2450
2453
2454
2447
2439
2449
2452
2460
2444
2439
2452
2456
2448
2440
2458
2451
2457
2441
2439
2453
2459
2447
2439
2439
2462
2451
2456
2439
2439
2458
2450
2439
2441
2456
2447
2453
2441
2439
2447
2457
2456
2439
2440
2459
2447
2456
2439
2457
2447
2457
2439
2444
2469
2458
2452
2439
2446
2458
2448
2448
2439
2441
2453
2447
2451
2439
2447
2532
2453
2471
2439
2448
2456
2447
2449
2440
2443
2452
2452
2448
2439
2451
2461
2451
2439
2439
2455
2453
2459
2439
2440
2456
2451
2443
2439
2449
2452
2451
2443
2440
2459
2449
2456
2442
2439
2455
2448
2439
2439
2453
2454
2448
2439
2440
2454
2453
2448
2440
2459
2451
2455
2439
2439
2458
2448
2458
2439
2439
2457
2448
2459
2440
2439
2456
2448
2444
2439
2449
2450
2448
2439
2440
2455
2452
2454
2439
2449
2448
2462
2448
2442
2443
2439
2448
2451
2473
2439
2441
2447
2449
2439
2440
2448
2463
2445
2439
2441
2454
2450
2450
2439
2442
2452
2461
2446
2439
2440
2447
2464
2440
2439
2450
2451
2461
2439
2439
2444
2463
2444
2439
2451
2451
2460
2440
2441
2453
2446
2457
2445
2447
2458
2445
2439
2442
2450
2450
2447
2439
2463
2481
2451
2458
2439
2469
2454
2450
2465
2439
2439
2450
2449
2439
2439
2457
2449
2454
2440
2440
2444
2448
2473
2448
2439
2471
2446
2460
2440
2440
2455
2447
2442
2439
2451
2450
2453
2442
2446
2457
2451
2462
2438
2439
2448
2456
2448
2439
2445
2448
2453
2451
2439
2459
2449
2453
2441
2439
2461
2456
2451
2439
2439
2462
2448
2446
2445
2441
2453
2459
2439
2441
2449
2451
2457
2439
2440
2458
2450
2460
2439
2439
2461
2449
2439
2445
2450
2455
2448
2441
2445
2452
2452
2450
2439
2443
2451
2444
2450
2439
2463
2455
2452
2449
2441
2460
2457
2453
2441
2439
2458
2454
2455
2439
2440
2459
2467
2450
2439
2453
2447
2445
2446
2440
2447
2452
2462
2446
2440
2447
2453
2446
2445
2440
2446
2454
2440
2441
2456
2454
2447
2442
2439
2458
2457
2444
2439
2448
2464
2449
2439
2439
2454
2453
2456
2439
2439
2459
2450
2458
2440
2449
2463
2449
2459
2440
2445
2450
2453
2453
2440
2439
2465
2439
2439
2477
2459
2447
2441
2441
2460
2448
2447
2439
2439
2452
2458
2439
2439
2450
2461
2452
2439
2439
2449
2457
2449
2441
2439
2447
2457
2441
2441
2459
2448
2459
2440
2442
2461
2448
2458
2439
2443
2456
2448
2439
2441
2449
2455
2450
2439
2440
2448
2459
2448
2440
2459
2449
2449
2439
2439
2457
2457
2447
2441
2439
2451
2456
2441
2441
2461
2457
2457
2439
2441
2451
2460
2449
2440
2441
2460
2452
2456
2442
2449
2462
2451
2439
2439
2456
2454
2458
2439
2439
2461
2449
2458
2441
2440
2454
2447
2441
2439
2449
2453
2449
2442
2439
2448
2458
2458
2441
2441
2447
2456
2439
2441
2449
2448
2460
2440
2444
2450
2456
2450
2439
2440
2457
2457
2448
2439
2441
2453
2456
2442
2440
2476
2467
2464
2449
2447
2450
2456
2453
2439
2440
2459
2448
2475
2441
2439
2456
2448
2454
2439
2439
2470
2448
2453
2439
2441
2456
2447
2440
2443
2452
2454
2450
2446
2443
2453
2454
2450
2440
2455
2440
2441
2460
2495
2517
2439
2440
2462
2446
2462
2439
2440
2450
2450
2450
2440
2439
2452
2493
2453
2446
2439
2451
2456
2441
2447
2461
2447
2447
2441
2475
2450
2457
2450
2439
2441
2449
2454
2451
2439
2439
2457
2451
2455
2439
2453
2458
2448
2439
2442
2452
2457
2447
2441
2441
2452
2454
2449
2439
2457
2452
2448
2439
2439
2453
2461
2447
2439
2441
2446
2458
2447
2441
2446
2454
2453
2439
2439
2454
2448
2458
2440
2439
2457
2448
2440
2442
2448
2452
2446
2441
2442
2448
2452
2447
2439
2440
2448
2446
2451
2439
2453
2459
2448
2440
2441
2460
2447
2454
2442
2439
2460
2448
2461
2439
2439
2458
2447
2455
2439
2449
2455
2446
2440
2439
2447
2454
2453
2440
2440
2447
2456
2447
2439
2441
2447
2461
2439
2441
2449
2456
2447
2441
2439
2456
2451
2468
2440
2439
2459
2449
2439
2439
2450
2457
2449
2439
2439
2448
2458
2455
2439
2439
2448
2455
2448
2440
2460
2447
2452
2439
2440
2452
2454
2447
2441
2445
2473
2457
2457
2439
2445
2455
2453
2457
2439
2450
2465
2451
2448
2439
2440
2448
2455
2446
2439
2444
2439
2456
2446
2462
2439
2448
2447
2460
2439
2448
2458
2463
2453
2464
2447
2453
2448
2458
2439
2445
2471
2448
2461
2440
2440
2449
2455
2450
2441
2439
2454
2456
2441
2439
2448
2453
2460
2440
2440
2456
2447
2439
2439
2455
2454
2454
2445
2441
2463
2448
2456
2444
2439
2459
2450
2439
2445
2449
2458
2448
2440
2439
2456
2451
2452
2442
2447
2460
2451
2441
2439
2448
2456
2453
2439
2439
2446
2457
2445
2439
2449
2469
2450
2447
2441
2449
2455
2447
2449
2439
2449
2455
2447
2439
2439
2450
2456
2453
2439
2443
2457
2448
2441
2439
2462
2455
2448
2439
2439
2457
2452
2439
2439
2449
2459
2450
2439
2442
2453
2447
2454
2446
2440
2446
2458
2448
2440
2439
2451
2450
2440
2439
2449
2458
2447
2439
2440
2455
2451
2461
2439
2440
2457
2452
2447
2440
2440
2448
2454
2439
2441
2455
2448
2455
2442
2439
2447
2449
2461
2438
2439
2456
2448
2462
2440
2450
2453
2446
2439
2441
2446
2455
2448
2440
2440
2447
2456
2447
2440
2450
2447
2456
2439
2439
2449
2450
2448
2440
2439
2465
2448
2457
2439
2451
2460
2552
2449
2439
2449
2466
2450
2438
2440
2450
2458
2453
2439
2440
2448
2461
2456
2439
2440
2454
2448
2451
2440
2454
2447
2450
2441
2439
2448
2454
2448
2439
2440
2450
2448
2446
2438
2455
2448
2449
2439
2446
2449
2453
2449
2439
2440
2446
2456
2449
2447
2439
2447
2468
2460
2464
2439
2457
2485
2457
2439
2440
2453
2489
2458
2439
2441
2464
2451
2439
2440
2450
2452
2452
2461
2439
2449
2456
2452
2460
2460
2450
2456
2439
2440
2451
2458
2450
2439
2446
2452
2458
2448
2439
2447
2460
2450
2439
2439
2445
2459
2450
2439
2440
2451
2454
2448
2440
2440
2456
2447
2459
2439
2440
2459
2447
2456
2444
2449
2451
2452
2442
2441
2454
2449
2461
2439
2441
2453
2447
2439
2438
2456
2450
2446
2440
2440
2454
2456
2454
2441
2439
2448
2449
2456
2439
2439
2451
2466
2457
2440
2450
2458
2454
2439
2441
2449
2451
2451
2439
2439
2447
2451
2439
2442
2445
2457
2447
2439
2442
2449
2446
2449
2440
2468
2448
2460
2440
2440
2460
2452
2460
2440
2450
2461
2452
2439
2440
2449
2454
2455
2440
2453
2449
2446
2439
2444
2445
2446
2448
2440
2442
2447
2453
2450
2439
2448
2459
2446
2446
2439
2439
2465
2457
2449
2439
2444
2485
2453
2448
2439
2440
2451
2459
2446
2441
2449
2457
2449
2441
2440
2446
2461
2449
2439
2454
2453
2454
2442
2439
2448
2452
2439
2442
2448
2451
2453
2441
2440
2471
2455
2452
2439
2439
2454
2457
2447
2440
2451
2455
2444
2439
2441
2444
2457
2447
2441
2439
2445
2466
2454
2439
2439
2453
2447
2439
2439
2449
2466
2445
2442
2439
2452
2446
2451
2439
2448
2462
2448
2439
2440
2445
2462
2450
2439
2441
2446
2451
2458
2442
2461
2445
2455
2441
2439
2448
2450
2452
2439
2445
2465
2448
2440
2439
2449
2445
2446
2442
2447
2450
2459
2441
2439
2461
2452
2456
2439
2439
2462
2451
2455
2439
2441
2458
2446
2447
2439
2439
2446
2461
2448
2439
2457
2446
2459
2439
2439
2454
2446
2464
2439
2457
2447
2464
2439
2443
2446
2449
2446
2439
2443
2449
2446
2455
2440
2470
