698
695
695
696
695
697
696
805
698
697
706
693
694
718
696
694
714
698
695
706
694
693
719
698
695
708
693
694
718
695
705
705
694
695
722
695
694
706
694
707
718
696
694
729
705
695
709
708
693
694
782
695
693
695
707
697
698
718
694
694
721
695
733
708
695
696
731
694
721
694
695
694
704
695
727
708
695
693
711
694
696
717
699
696
695
695
698
695
694
706
694
694
694
694
695
712
694
695
726
694
694
708
695
695
727
694
705
709
694
695
695
694
694
694
694
706
695
695
698
694
694
694
694
706
694
694
694
695
695
705
713
694
706
706
698
694
728
694
695
707
694
696
712
694
694
704
695
695
703
694
694
704
695
695
747
693
694
708
706
694
705
694
694
717
696
694
749
694
695
705
694
694
713
694
694
706
695
695
705
741
694
738
705
694
696
760
755
750
698
694
695
694
698
734
696
715
694
695
694
694
699
695
708
694
694
694
736
694
694
693
694
699
699
693
694
694
695
696
703
694
698
698
694
695
694
694
695
694
710
699
698
739
694
694
694
694
695
709
694
694
695
694
721
694
695
698
695
693
694
695
696
695
699
695
694
695
734
699
695
696
694
694
699
712
695
695
694
694
695
695
702
699
708
694
694
698
694
694
694
695
707
721
698
694
698
693
694
694
694
694
694
694
694
735
694
698
694
695
731
694
694
706
698
696
707
712
695
705
695
696
740
694
694
702
699
697
708
695
695
709
695
694
719
699
699
707
693
697
708
696
717
708
711
693
747
696
695
705
694
696
715
694
695
726
694
696
725
694
695
705
695
694
728
694
695
694
696
702
723
694
694
715
698
694
709
695
695
718
736
694
731
695
695
710
694
695
718
694
694
705
694
698
736
695
699
705
694
694
695
695
694
695
695
737
723
694
694
716
694
694
722
696
694
694
694
694
714
694
706
694
699
698
698
705
765
693
693
732
694
694
821
709
694
708
695
694
708
694
695
710
704
694
709
695
694
717
694
695
716
696
694
715
694
694
708
704
698
732
698
695
705
693
694
694
696
698
708
694
694
694
708
696
694
694
694
694
693
698
696
694
703
693
694
695
694
695
695
711
695
695
695
695
700
703
698
710
694
698
695
694
696
694
695
723
694
695
707
699
712
696
705
696
733
693
694
705
695
699
747
704
710
694
693
694
695
694
694
705
696
694
725
694
694
694
695
694
694
694
695
694
694
696
694
735
695
721
694
695
693
694
698
694
695
695
730
695
695
695
711
698
703
694
695
725
694
698
705
694
737
724
693
704
705
703
694
727
694
696
703
694
705
741
694
711
713
693
696
717
696
695
695
694
698
697
694
694
694
757
707
699
719
714
705
694
709
729
694
701
711
695
693
694
694
694
694
699
694
709
695
694
693
698
694
698
694
716
694
698
694
694
738
694
694
695
695
703
707
694
694
708
693
694
763
694
695
708
698
694
721
694
694
714
696
694
723
695
694
707
697
695
733
694
694
706
696
695
725
712
694
718
694
697
719
695
694
694
694
698
694
695
703
707
694
695
707
694
708
723
694
694
709
695
715
720
695
699
705
695
694
741
694
696
709
708
710
694
694
695
696
694
694
697
708
694
694
695
700
805
696
721
707
697
719
694
695
707
694
695
706
694
695
712
694
694
694
699
699
701
694
694
698
696
694
694
694
695
694
694
694
695
696
725
699
695
704
696
696
717
695
694
708
693
694
704
694
715
704
694
694
721
695
708
699
694
694
693
694
715
693
709
695
694
695
695
694
694
694
694
696
697
694
714
694
694
796
710
811
695
711
694
694
694
694
813
693
694
694
694
698
694
694
704
695
698
695
705
694
694
694
695
704
694
694
694
696
695
695
694
699
695
694
694
694
700
695
695
695
697
704
694
694
694
698
694
694
693
708
694
694
695
694
696
694
737
698
693
695
694
694
694
694
693
698
695
705
706
693
695
694
694
696
695
704
694
694
695
704
699
737
715
694
697
717
694
694
701
693
698
707
694
710
724
695
694
708
695
697
723
694
705
705
694
695
767
694
698
709
694
695
726
695
698
711
698
695
726
724
694
710
694
694
873
694
694
708
699
694
723
737
696
694
698
693
695
715
694
694
694
698
719
697
700
721
695
696
723
694
694
708
694
694
717
694
737
850
698
694
695
698
694
694
698
694
695
698
737
704
694
723
694
693
705
694
694
727
694
694
726
693
695
708
695
695
725
693
694
698
698
694
694
695
694
694
694
695
694
694
694
694
695
694
694
712
698
693
695
694
696
695
700
696
710
694
704
693
694
694
699
699
736
694
694
705
695
693
716
693
714
704
694
695
704
699
694
722
694
695
718
694
695
726
695
694
705
694
694
731
694
695
708
695
695
734
696
696
708
694
694
723
693
694
704
695
707
727
718
694
704
694
694
712
695
694
712
695
694
713
695
694
710
694
719
707
695
694
723
694
694
708
698
698
719
694
694
709
698
694
723
708
695
706
695
705
719
695
694
706
705
694
726
694
699
708
694
694
741
694
694
707
694
694
719
694
694
695
710
695
694
695
693
694
694
695
694
695
695
695
696
694
694
712
694
718
694
694
706
694
693
694
694
695
707
695
698
695
695
694
693
698
702
694
695
693
694
694
711
695
693
694
694
695
698
698
742
712
704
695
695
718
696
694
704
694
695
709
695
694
724
698
696
715
694
694
719
699
694
705
694
694
734
694
695
722
707
694
718
696
694
759
694
695
721
694
694
708
700
695
704
697
695
724
695
695
703
694
698
724
712
694
706
696
694
725
695
698
704
695
708
718
698
700
704
694
694
733
695
697
702
694
698
710
694
699
707
695
695
704
694
698
724
695
694
704
694
708
736
695
695
708
695
695
727
708
694
705
695
698
738
694
694
705
709
699
707
695
694
720
694
695
703
693
694
694
694
694
698
695
695
694
694
697
698
700
694
694
698
698
694
695
695
694
694
705
695
715
707
694
694
704
699
696
707
695
694
714
694
702
835
695
694
717
702
696
695
695
693
694
694
734
708
695
694
693
844
716
694
694
