6982
7188
6986
6953
6966
6968
6972
6959
6992
6967
6967
6978
6979
6946
6982
6970
6955
6981
6961
6960
6968
6976
6953
6982
6973
6976
6969
6989
6959
6972
6961
6919
6976
6957
6976
6972
6976
6958
6992
6958
6978
6965
6978
6954
6972
6968
6934
6976
6968
6957
6958
6971
6946
6984
6972
6956
7269
6994
7130
7003
7026
6956
7005
6995
6963
6953
6971
6959
6982
6997
6954
6976
6969
6970
6971
6981
6969
6973
6960
6957
6979
6975
6955
6987
6958
6957
6974
6964
6962
6976
6974
6952
6980
6949
6998
7000
6971
6955
6966
6963
6961
6979
6964
6989
6962
6986
6955
6968
7070
6949
6953
6967
6943
6952
6963
6926
6961
6965
6956
6966
6963
7034
7082
6994
6958
6950
6959
6958
6950
6952
6947
6966
6958
6947
6952
6953
6933
6920
6977
6938
6965
6967
6958
6980
6963
6964
6969
6971
6943
6966
6963
6938
6959
6941
6954
6957
6973
6959
6981
6975
6976
6962
6980
6955
6975
6957
6966
6958
6969
6955
6975
6964
6952
6955
6954
6955
6955
6939
6957
6998
7142
7008
7066
6983
6933
6958
6947
6989
6956
6992
6945
7006
6959
6990
6945
6981
6966
6991
6957
6940
6999
6950
7005
6967
7012
6953
6987
6945
6983
6950
6996
6960
6951
6985
6954
7080
6946
6990
6954
6993
6966
7001
6952
6992
6974
6956
6979
6944
6997
6931
6986
6949
7015
6969
6998
6946
6986
6966
7005
6975
6962
6985
6959
7153
6965
6992
6969
6971
6947
6969
6959
6971
6956
6953
6953
6951
6973
6951
6962
6925
6963
6945
6968
6925
6943
6949
6950
6922
6923
6968
6953
6985
6946
6980
6957
6966
7007
6971
6966
6999
6947
6939
6964
6975
7001
6941
6992
6947
6954
6953
6982
6996
7000
6993
6961
6966
6961
6991
6960
6979
6947
7037
6955
6970
6967
7281
7123
6979
7013
7022
7011
6962
6979
6968
6982
6951
6973
6965
6979
6955
6962
6922
6976
6960
6934
6994
6966
6967
6964
6966
6952
6972
6969
6978
6968
6965
6951
7124
6958
7162
6970
6970
6954
6985
7188
6955
6977
6969
6959
6956
6974
6954
6960
6949
6948
6987
6955
7005
6968
7003
6950
7033
6964
6985
6969
6994
7102
6955
7001
6951
7058
6964
7032
7067
7606
6974
6946
6965
6946
6952
6959
6953
6966
6971
6940
6984
6957
6939
6955
6957
6927
6960
6954
6952
6959
7004
6962
6946
6986
6934
6971
6956
6972
6952
6988
6965
6979
6966
7135
8182
6953
6949
6971
6946
6964
6959
6947
6958
6959
6961
6953
6971
6964
6956
6952
6961
6938
6966
6969
6964
6946
6971
6959
6972
6966
6960
6972
6986
7059
7030
7074
6970
7152
6987
6959
6967
6964
6962
6995
6950
6985
6971
6960
6954
6969
6964
6965
6974
6967
6965
6957
6993
6950
6994
6962
6977
6960
6975
6961
6973
6985
6985
6977
6979
6996
6977
7029
6965
7001
7007
6980
6979
6969
6970
6963
6991
6969
6980
6975
6978
6972
6988
6948
6973
6954
6947
6945
6971
6936
6973
6969
6957
6968
7318
7098
7613
7034
6946
6979
6963
6975
6961
6969
6933
6979
6957
6946
7000
6960
6987
6956
6991
6951
6984
6966
6976
6928
6959
6949
7206
6988
6960
6990
6951
6994
6958
6999
6952
6991
6957
6998
6986
6938
6980
6959
6993
6955
6995
7088
7001
6948
7038
6966
7006
6962
6946
6952
6955
6985
6962
7000
6958
6999
6970
6997
6959
6999
7304
6996
7115
8038
7153
6955
6964
6950
6942
6940
6951
6945
6962
7002
7077
7347
6973
6981
6960
6977
6974
6976
6981
6947
6975
6959
6973
6965
6995
6957
6977
6956
7268
6984
6972
7166
6992
7001
6956
6990
6957
6979
6963
6988
6950
6976
6959
6972
6983
6970
6968
6973
6980
6962
6993
6968
6986
6951
6982
6945
6978
6973
6970
6975
6979
7092
6954
6963
6955
6961
7456
6957
6966
6989
6950
6956
6966
6949
6977
6963
6950
6970
6962
6947
6965
6965
6962
6961
6961
6948
6974
6973
6958
6983
6958
6961
6965
7116
6960
7009
6981
7770
6970
6954
6958
6960
6969
6953
6969
6957
6953
6969
6979
6951
6986
6957
6984
6953
6985
6944
6976
6963
6945
6970
6963
6979
6949
6980
6944
6974
6956
6967
6984
6964
6951
6961
6959
6949
6993
6963
6982
6956
6980
6953
6963
6970
6964
6981
6960
6956
6961
6983
6955
6994
6970
6990
6968
6981
6959
6972
6988
6957
7122
6964
7129
8399
6989
6942
6989
6944
6971
6938
6973
6945
6970
6960
6959
6975
6963
6979
6956
6972
6942
6972
6935
6966
6937
6962
6944
6982
6975
6966
6978
6966
7091
6957
6956
6963
6942
7444
6937
6938
6951
6947
6949
6956
6965
6955
6958
6966
6950
7132
6958
6944
6970
6968
7002
7194
7036
6994
7008
6953
6988
6963
6989
6960
6981
6948
6915
6995
6973
7004
6951
7006
6958
6994
6974
6994
6950
6980
6967
6954
6955
6953
7127
6974
7076
6963
7406
6940
6999
6967
6982
6962
6981
6946
6966
6980
6941
6974
6954
6958
6967
6982
6945
6984
6967
6974
6968
6968
6946
6960
6967
6935
6957
6942
6945
6960
6974
6950
6963
6969
7459
6964
6963
6959
6966
6952
6948
6959
6951
6959
6959
6965
6960
6988
6970
6951
6956
6962
6957
6960
6957
6944
6966
6966
6946
6969
6980
7249
6977
7009
6957
6999
6964
6968
6958
6965
6942
6975
6955
6971
6964
6962
7104
7001
6980
6963
6984
6943
7009
6954
6979
6971
7003
6954
6964
6986
6970
7500
6969
6977
6963
6984
6970
6977
6958
7091
6947
6968
6954
6967
6971
6958
6963
6963
7016
6965
7008
6968
7141
6966
6999
6943
7000
6966
6973
6954
6957
6944
6947
6996
6960
7111
7036
7050
6948
7014
6958
7368
6969
6953
6977
6961
6951
6955
6959
6981
6963
6974
6987
6966
7003
6955
6998
6965
7119
6962
6961
6969
6952
6985
6949
6996
6958
7012
6958
6999
6963
6999
6961
7530
6992
6962
7008
6958
7005
6940
6989
6939
7001
6951
6998
6961
7049
6967
6965
6973
6949
7005
6939
7000
6946
6996
6963
7003
6961
6994
7113
6958
6991
7004
7020
6962
6991
6968
6986
6934
6994
6958
6990
6980
7018
6959
6962
7007
6961
6983
6967
6961
6958
6967
6946
6996
6979
6973
6962
6980
6965
6975
6979
6946
6970
6951
6964
6935
6999
6944
6968
6956
6964
6955
6960
6982
6987
6992
6953
6987
6968
6995
6951
6977
6958
6997
6974
6968
6980
6958
6982
6951
6977
6941
7081
7058
6967
7159
6998
6987
6977
6950
6955
6963
6960
6981
6970
7000
6957
6985
6969
6966
6967
6965
6938
6959
6964
6957
6989
6964
6979
7069
6976
6946
7046
6955
6980
6955
6972
6948
6947
6972
6972
7022
6959
6985
6953
7119
6961
6992
6966
6977
6957
6954
6969
6955
7119
6946
6982
6967
6971
6967
6984
6946
6981
6973
6961
6961
6958
7102
6979
6988
6936
7043
6967
6972
6946
6979
6932
6973
6942
6950
6987
6955
6971
6952
6972
6945
7008
6962
6973
6952
6980
6957
7044
6967
6955
6979
6940
6954
6956
6969
6960
6990
6953
6972
6956
6970
6951
6964
6976
6955
6977
6956
6962
6957
6986
6942
6986
6980
6970
7107
6959
6959
6956
6982
6938
6963
6931
6966
6965
6999
6958
6980
7191
7060
7001
7319
7389
6962
7003
6946
6990
6951
6989
6946
7010
6951
6985
6940
6995
6956
6958
6989
6958
7003
6959
6987
6963
6996
6957
6984
6947
6982
6959
6955
6964
6954
6990
6923
6986
6946
7007
6977
6954
6954
6963
6941
6979
6979
6960
6978
6955
6979
6962
6990
6958
6987
6960
6964
6956
6982
6965
6976
6983
6948
6990
6965
7318
6976
6994
7075
7002
6965
6992
6962
6946
6970
6964
6992
6967
6981
6952
6972
6948
6957
6962
6978
6960
6969
6953
6947
7008
6957
7095
6945
6979
6968
6966
6961
6978
6946
6951
6965
6948
6963
6956
6960
6972
6958
6958
6961
6959
6969
6980
6964
6956
6960
6979
6958
6992
6970
6975
6973
6972
6983
6997
6956
6977
6967
6939
6967
6986
7268
6952
7031
7005
7021
6958
6970
6954
6954
