1040
1039
1040
1040
1052
1044
1069
1040
1050
1052
1054
1045
1040
1075
1056
1053
1040
1041
1041
1041
1040
1040
1053
1039
1054
1040
1040
1062
1045
1054
1040
1040
1040
1040
1053
1041
1041
1040
1040
1040
1042
1051
1039
1041
1053
1040
1056
1046
1071
1041
1040
1042
1039
1070
1047
1052
1040
1040
1070
1039
1049
1039
1051
1041
1040
1054
1065
1056
1059
1064
1039
1041
1039
1041
1049
1039
1041
1041
1058
1067
1040
1053
1041
1041
1040
1040
1054
1040
1070
1040
1040
1040
1054
1050
1040
1039
1040
1040
1040
1053
1050
1040
1039
1040
1040
1056
1052
1085
1040
1040
1040
1040
1067
1053
1059
1040
1040
1059
1040
1057
1041
1051
1046
1040
1040
1040
1049
1080
1063
1040
1040
1041
1041
1069
1041
1040
1041
1069
1050
1039
1048
1040
1040
1040
1040
1046
1040
1072
1040
1041
1040
1039
1058
1041
1053
1040
1040
1055
1040
1071
1039
1053
1041
1040
1064
1040
1044
1039
1041
1040
1040
1066
1040
1063
1040
1039
1052
1040
1051
1044
1040
1040
1040
1053
1041
1123
1040
1076
1045
1040
1059
1041
1053
1039
1040
1054
1040
1101
1048
1063
1039
1041
1039
1040
1066
1039
1040
1082
1045
1052
1040
1053
1040
1039
1040
1039
1050
1081
1070
1040
1042
1040
1039
1076
1040
1040
1132
1041
1044
1072
1064
1040
1052
1040
1041
1041
1067
1054
1090
1052
1039
1057
1040
1050
1053
1039
1127
1040
1040
1040
1050
1070
1041
1051
1040
1040
1108
1046
1052
1040
1040
1041
1040
1061
1039
1053
1070
1044
1040
1039
1068
1038
1059
1041
1039
1053
1046
1072
1040
1040
1040
1040
1086
1042
1066
1051
1041
1042
1040
1055
1040
1056
1041
1040
1040
1084
1071
1040
1061
1039
1040
1041
1040
1053
1039
1077
1040
1040
1051
1040
1065
1050
1039
1040
1040
1103
1040
1052
1040
1040
1039
1040
1054
1040
1041
1083
1047
1051
1040
1062
1040
1040
1039
1040
1059
1059
1050
1039
1040
1068
1039
1058
1040
1040
1039
1059
1059
1039
1053
1040
1040
1040
1041
1047
1040
1060
1040
1040
1040
1041
1040
1039
1049
1041
1065
1040
1040
1040
1041
1068
1040
1040
1039
1040
1064
1039
1063
1041
1041
1040
1039
1047
1040
1083
1058
1040
1040
1040
1050
1040
1048
1040
1040
1040
1040
1053
1039
1062
1058
1040
1053
1040
1053
1059
1081
1039
1039
1050
1040
1040
1041
1041
1040
1050
1065
1062
1051
1039
1040
1091
1041
1081
1040
1059
1041
1042
1051
1041
1050
1069
1070
1040
1040
1052
1040
1060
1041
1053
1040
1039
1041
1045
1068
1039
1049
1040
1040
1041
1072
1052
1056
1065
1040
1051
1040
1040
1060
1041
1082
1040
1055
1060
1040
1049
1040
1039
1042
1050
1103
1045
1068
1040
1040
1346
1050
1047
1042
1061
1040
1040
1117
1044
1040
1040
1053
1040
1040
1055
1040
1067
1040
1058
1040
1041
1054
1040
1040
1065
1051
1048
1052
1053
1040
1040
1041
1054
1040
1060
1040
1040
1045
1040
1051
1041
1062
1040
1041
1051
1039
1052
1040
1040
1040
1040
1066
1041
1041
1040
1051
1041
1040
1058
1046
1041
1041
1054
1089
1039
1074
1040
1040
1040
1054
1049
1040
1063
1081
1040
1045
1053
1061
1039
1040
1040
1040
1051
1091
1071
1046
1040
1040
1041
1062
1053
1040
1039
1084
1047
1044
1070
1040
1040
1040
1040
1058
1039
1082
1052
1045
1040
1040
1044
1072
1045
1064
1041
1066
1051
1040
1040
1041
1091
1040
1089
1054
1040
1040
1040
1055
1041
1069
1079
1039
1039
1040
1065
1041
1054
1040
1041
1040
1051
1053
1040
1074
1040
1040
1040
1041
1062
1040
1039
1040
1041
1039
1041
1061
1041
1053
1040
1040
1051
1041
1052
1039
1053
1040
1039
1051
1040
1058
1039
1052
1040
1041
1052
1045
1039
1040
1054
1058
1041
1069
1045
1040
1040
1040
1040
1041
1052
1059
1040
1052
1039
1052
1040
1062
1041
1040
1055
1056
1069
1040
1053
1040
1039
1076
1041
1051
1043
1039
1040
1040
1064
1040
1063
1040
1040
1040
1041
1076
1040
1040
1039
1040
1065
1041
1063
1040
1041
1039
1041
1054
1041
1060
1039
1040
1038
1044
1063
1040
1052
1039
1040
1064
1040
1053
1041
1040
1058
1040
1054
1040
1064
1059
1041
1040
1041
1053
1059
1061
1055
1041
1040
1040
1059
1040
1041
1050
1058
1041
1041
1050
1040
1040
1053
1040
1053
1040
1081
1039
1041
1039
1040
1063
1041
1054
1039
1039
1040
1041
1071
1039
1053
1039
1054
1041
1040
1052
1058
1040
1039
1041
1040
1040
1062
1040
1068
1051
1040
1078
1040
1040
1070
1061
1050
1063
1039
1040
1080
1039
1040
1039
1063
1040
1039
1041
1039
1057
1103
1050
1041
1040
1040
1039
1063
1040
1041
1040
1081
1062
1040
1051
1040
1041
1040
1040
1053
1040
1089
1040
1040
1041
1042
1060
1039
1040
1040
1040
1086
1040
1055
1040
1055
1040
1039
1052
1039
1039
1039
1051
1050
1040
1067
1041
1040
1040
1052
1059
1040
1068
1040
1163
1050
1041
1040
1040
1063
1059
1052
1040
1041
1065
1040
1061
1039
1041
1052
1057
1069
1041
1054
1041
1040
1064
1039
1053
1040
1058
1041
1039
1069
1040
1039
1040
1039
1053
1039
1082
1040
1044
1040
1040
1064
1040
1050
1039
1039
1088
1039
1057
1039
1040
1040
1040
1063
1040
1039
1059
1050
1039
1040
1055
1039
1039
1039
1051
1055
1059
1066
1040
1040
1040
1050
1072
1039
1040
1040
1060
1066
1050
1055
1040
1040
1041
1040
1054
1054
1060
1041
1040
1053
1039
1059
1050
1041
1055
1041
1085
1040
1039
1050
1040
1064
1040
1053
1040
1040
1089
1040
1055
1039
1041
1040
1040
1054
1040
1064
1040
1040
1040
1040
1061
1041
1054
1040
1041
1040
1051
1050
1040
1052
1040
1045
1040
1055
1048
1069
1060
1040
1042
1044
1052
1050
1040
1054
1040
1067
1040
1050
1054
1039
1044
1039
1040
1048
1050
1067
1039
1040
1040
1042
1048
1040
1040
1039
1040
1071
1041
1075
1051
1041
1055
1039
1059
1040
1040
1059
1040
1048
1040
1041
1041
1040
1067
1042
1067
1059
1040
1040
1039
1052
1040
1046
1039
1040
1055
1062
1074
1040
1040
1040
1039
1055
1040
1040
1040
1062
1187
1041
1066
1142
1049
1040
1041
1039
1040
1149
1060
1051
1087
1040
1040
1040
1069
1214
1073
1040
1048
1040
1040
1040
1040
1056
1040
1050
1109
1040
1042
1041
1053
1040
1039
1039
1040
1072
1056
1051
1040
1041
1041
1040
1061
1040
1060
1049
1039
1040
1041
1071
1041
1054
1039
1041
1041
1069
1052
1041
1064
1040
1039
1041
1040
1059
1040
1064
1041
1041
1061
1054
1056
1039
1041
1050
1041
1086
1041
1039
1040
1040
1054
1040
1052
1054
1041
1085
1039
1060
1040
1041
1041
1040
1053
1040
1070
1064
1040
1052
1067
1071
1041
1053
1040
1039
1053
1073
1066
1041
1063
1040
1039
1039
1040
1053
1039
1060
1040
1042
1041
1040
1063
1040
1054
1040
1076
1041
1040
1069
1039
1041
1040
1054
1060
1039
1094
1044
1040
1041
1052
1054
1040
1061
1040
1040
1095
1047
1073
1040
1040
1040
1040
1063
1054
1053
1082
1040
1040
1040
1054
1041
1061
1040
1040
1059
1082
1054
1054
1040
1040
1040
1086
1053
1065
1040
1088
1041
1040
1039
1039
1080
1041
1059
1057
1054
1040
1040
1064
1038
1051
1039
1040
1061
1041
1094
1040
1042
1041
1039
1063
1040
1051
1040
1039
1081
1040
1054
1054
1065
1040
1040
1039
1040
1066
1105
1054
1040
1040
1040
1041
1052
1053
1040
1041
1097
1061
1040
1051
1054
1040
1040
1041
1053
1040
1075
1052
1041
1040
1040
1061
1041
1041
1054
1040
1067
1040
1062
1040
1041
1040
1040
1053
1040
1108
1040
1041
1040
1040
1067
1039
1054
1040
1042
1079
1040
1056
1041
1060
1040
1040
1053
1041
1063
1080
1039
1041
1041
1060
