1384
1405
1386
1387
1388
1729
1438
1412
1401
1475
1396
1389
1435
1430
1386
1386
1385
1401
1386
1394
1385
1411
1385
1400
1385
1394
1385
1412
1387
1406
1386
1405
1386
1399
1385
1386
1386
1398
1385
1386
1387
1386
1385
1385
1385
1398
1397
1386
1408
1386
1395
1385
1406
1405
1415
1386
1393
1386
1411
1387
1395
1398
1413
1386
1400
1401
1399
1386
1412
1412
1398
1386
1399
1402
1391
1386
1385
1410
1386
1385
1387
1395
1386
1395
1386
1432
1386
1400
1386
1401
1386
1397
1386
1411
1385
1400
1385
1404
1385
1397
1386
1405
1414
1400
1386
1404
1386
1396
1400
1385
1425
1385
1389
1386
1390
1385
1385
1386
1445
1399
1406
1385
1399
1386
1406
1387
1442
1386
1411
1386
1411
1386
1405
1385
1441
1385
1386
1386
1385
1386
1384
1386
1424
1386
1392
1415
1863
1400
1418
1410
1385
1387
1388
1386
1385
1385
1386
1386
1400
1385
1402
1386
1412
1386
1396
1385
1426
1386
1395
1390
1400
1385
1400
1386
1391
1385
1386
1386
1386
1399
1386
1385
1409
1393
1503
1385
1436
1386
1400
1385
1419
1386
1397
1386
1406
1392
1384
1386
1386
1386
1394
1386
1386
1408
1386
1396
1385
1416
1405
1424
1386
1397
1385
1399
1386
1397
1404
1407
1386
1397
1388
1406
1386
1396
1406
1407
1386
1398
1385
1406
1387
1398
1386
1406
1386
1398
1386
1405
1386
1397
1385
1428
1386
1396
1387
1403
1386
1425
1385
1426
1387
1397
1387
1405
1386
1397
1386
1413
1385
1399
1385
1406
1386
1397
1387
1407
1386
1398
1388
1404
1386
1397
1385
1529
1404
1386
1385
1387
1397
1386
1407
1401
1414
1536
1403
1385
1398
1398
1411
1386
1414
1395
1419
1386
1396
1386
1398
1385
1424
1386
1409
1386
1397
1386
1419
1386
1417
1386
1413
1386
1413
1387
1408
1386
1399
1396
1386
1386
1385
1387
1385
1400
1385
1404
1386
1386
1385
1399
1386
1387
1386
1406
1398
1386
1394
1385
1386
1385
1400
1425
1385
1396
1387
1406
1399
1396
1386
1414
1385
1398
1400
1399
1386
1405
1386
1407
1386
1405
1386
1398
1385
1421
1387
1397
1386
1407
1387
1397
1386
1385
1385
1386
1398
1386
1386
1385
1386
1385
1398
1391
1397
1386
1399
1386
1417
1385
1397
1386
1422
1398
1398
1386
1404
1385
1396
1399
1417
1386
1400
1386
1404
1386
1398
1386
1416
1385
1398
1385
1413
1385
1411
1386
1477
1394
1387
1399
1387
1385
1386
1386
1435
1421
1386
1397
1387
1414
1395
1398
1426
1396
1386
1412
1391
1398
1386
1414
1427
1401
1402
1416
1386
1401
1386
1397
1415
1412
1391
1399
1385
1407
1385
1411
1385
1401
1390
1423
1386
1385
1386
1386
1385
1431
1391
1386
1388
1386
1385
1396
1386
1406
1385
1386
1396
1385
1391
1385
1385
1407
1406
1385
1411
1385
1398
1385
1419
1405
1398
1391
1409
1396
1397
1386
1406
1385
1398
1399
1407
1385
1397
1387
1399
1396
1418
1390
1398
1386
1406
1396
1399
1391
1431
1385
1408
1385
1405
1386
1400
1386
1427
1385
1407
1386
1386
1386
1398
1386
1396
1385
1391
1396
1386
1385
1386
1386
1386
1396
1389
1385
1386
1414
1385
1408
1386
1421
1390
1399
1386
1426
1386
1398
1386
1418
1395
1398
1386
1411
1386
1397
1396
1419
1385
1398
1385
1577
1386
1386
1404
1398
1385
1489
1417
1386
1440
1426
1702
1385
1436
1387
1386
1385
1392
1411
1412
1385
1403
1390
1403
1404
1399
1387
1393
1385
1386
1386
1385
1402
1386
1398
1403
1403
1385
1397
1387
1399
1386
1446
1386
1409
1387
1409
1384
1406
1385
1659
1385
1399
1391
1386
1387
1386
1408
1387
1513
1385
1402
1385
1408
1386
1398
1385
1405
1403
1386
1385
1385
1387
1385
1396
1386
1395
1386
1398
1385
1399
1386
1400
1386
1400
1399
1402
1387
1400
1386
1398
1391
1397
1385
1410
1388
1397
1384
1386
1386
1385
1386
1398
1391
1388
1386
1405
1386
1386
1386
1387
1385
1385
1407
1404
1401
1386
1412
1385
1407
1387
1409
1403
1402
1386
1420
1386
1398
1384
1409
1419
1400
1387
1396
1386
1385
1399
1385
1404
1386
1387
1389
1387
1386
1408
1385
1429
1402
1398
1386
1397
1386
1398
1387
1419
1386
1402
1386
1397
1385
1401
1386
1398
1385
1435
1386
1386
1385
1384
1387
1386
1385
1401
1385
1387
1414
1387
1399
1386
1394
1402
1394
1386
1422
1385
1403
1386
1394
1401
1397
1385
1411
1406
1386
1387
1385
1393
1388
1402
1386
1403
1386
1412
1387
1611
1387
1399
1386
1402
1387
1396
1384
1386
1385
1386
1408
1386
1398
1451
1388
1385
1427
1386
1399
1398
1385
1732
1386
1412
1399
1400
1385
1406
1385
1434
1386
1386
1386
1387
1386
1389
1386
1419
1398
1385
1411
1386
1398
1386
1395
1395
1406
1387
1413
1386
1403
1386
1428
1404
1396
1386
1413
1395
1397
1386
1403
1408
1398
1400
1409
1386
1395
1386
1403
1414
1386
1386
1385
1387
1386
1400
1384
1398
1385
1386
1394
1386
1386
1386
1386
1385
1401
1385
1385
1386
1385
1386
1398
1385
1408
1405
1386
1422
1400
1397
1386
1394
1420
1417
1386
1399
1385
1395
1385
1398
1420
1394
1385
1404
1385
1394
1387
1404
1404
1396
1399
1385
1387
1386
1387
1386
1417
1385
1386
1385
1385
1386
1385
1386
1387
1385
1398
1399
1413
1386
1394
1385
1396
1412
1408
1386
1399
1385
1400
1399
1394
1421
1413
1386
1409
1386
1400
1386
1402
1422
1396
1385
1409
1385
1399
1386
1385
1456
1387
1385
1387
1396
1386
1387
1386
1439
1387
1416
1385
1397
1386
1403
1385
1439
1384
1412
1386
1395
1391
1405
1385
1395
1391
1418
1401
1395
1386
1401
1387
1397
1437
1406
1385
1403
1386
1398
1391
1398
1426
1443
1386
1407
1386
1419
1385
1407
1428
1406
1385
1405
1386
1387
1386
1386
1394
1386
1386
1386
1399
1387
1398
1386
1401
1386
1401
1385
1401
1386
1395
1385
1418
1402
1398
1385
1423
1398
1397
1386
1412
1411
1404
1398
1405
1386
1396
1396
1397
1405
1403
1386
1401
1385
1442
1385
1393
1395
1547
1386
1399
1485
1385
1386
1386
1396
1492
1396
1431
1396
1386
1425
1386
1418
1387
1410
1386
1395
1387
1408
1386
1416
1386
1412
1387
1394
1386
1404
1399
1396
1386
1386
1388
1395
1399
1386
1385
1387
1397
1405
1396
1385
1396
1386
1396
1400
1412
1386
1393
1385
1395
1387
1399
1386
1401
1388
1407
1385
1386
1386
1386
1387
1427
1386
1387
1387
1385
1386
1399
1386
1430
1386
1387
1399
1385
1386
1387
1387
1427
1412
1386
1396
1385
1412
1386
1412
1429
1407
1384
1395
1400
1395
1386
1405
1399
1399
1399
1406
1386
1395
1386
1396
1385
1411
1386
1394
1386
1386
1385
1385
1386
1395
1386
1400
1386
1385
1395
1387
1403
1437
1399
1386
1407
1385
1406
1386
1405
1402
1400
1386
1418
1387
1396
1386
1401
1397
1406
1385
1406
1386
1395
1412
1397
1430
1406
1388
1401
1397
1406
1386
1397
1386
1386
1384
1386
1387
1386
1386
1384
1386
1388
1387
1387
1410
1424
1399
1385
1406
1386
1401
1397
1395
1386
1406
1386
1407
1392
1409
1386
1396
1386
1395
1387
1408
1410
1386
1385
1386
1386
1385
1386
1385
1418
1386
1385
1386
1386
1386
1397
1387
1405
1386
1386
1385
1386
1387
1397
1385
1436
1385
1395
1386
1404
1387
1400
1397
1411
1386
1401
1385
1398
1397
1398
1384
1411
1395
1399
1385
1404
1390
1398
1386
1418
1429
1400
1385
1385
1391
1395
1386
1387
1431
1496
1407
1393
1407
1385
1400
1386
1540
1389
1409
1386
1397
1397
1410
1387
1457
1385
1386
1395
1387
1387
1386
1387
1435
1393
1386
1386
1385
1386
1385
1395
1427
1407
1386
1399
1397
1399
1386
1414
1430
1401
1390
1403
1385
1402
1387
1411
1386
1396
1386
1407
1386
1410
1386
1407
1384
1402
1386
1412
