1743
1736
1769
1732
1760
1760
1731
1732
1741
2121
1757
1747
1768
1746
1731
1753
1744
1732
1744
1731
1738
1750
1753
1744
1745
1732
1746
1731
1744
1758
1731
1748
1732
1745
1744
1732
1762
1732
1750
1745
1731
1752
1732
1764
1732
1732
1745
1733
1752
1732
1749
1761
1731
1757
1731
1732
1891
1752
1735
1746
1797
1748
1731
1752
1744
1731
1732
1784
1731
1742
1752
1732
1757
1732
1745
1732
1731
1778
1731
1744
1731
1730
1752
1732
1787
1733
1731
1751
1731
1743
1732
1750
1750
1732
1756
1732
1756
1748
1775
1744
1732
1743
1742
1731
1748
1750
1745
1769
1731
1745
1731
1745
1747
1731
1741
1743
1731
1752
1730
1745
1749
1731
1751
1732
1732
1796
1732
1757
1731
1731
1749
1731
1784
1732
1732
1751
1731
1742
1732
1776
1741
1731
1731
1751
1732
1743
1773
1731
1741
1732
1757
1732
1732
1790
1731
1743
1732
1731
1746
1733
1791
1732
1731
1750
1730
1743
1730
1767
1743
1731
1750
1732
1732
1748
1759
1746
1731
1732
1743
1732
1733
1741
1731
1933
1789
1731
1742
1732
1731
1741
1774
1761
1732
1732
1743
1731
1748
1749
1732
1746
1732
1742
1732
1732
1763
1732
1747
1733
1731
1743
1732
1761
1730
1731
1744
1732
1741
1733
1742
1745
1732
1751
1732
1742
1756
1746
1740
1732
1750
1743
1733
1749
1741
1742
1751
1731
1742
1731
1744
1753
1731
1752
1731
1743
1741
1731
1762
1731
1732
1738
1732
1762
1733
1742
1742
1730
1755
1732
1732
1756
1739
1745
1732
1732
1739
1732
1750
1731
1729
1752
1732
1740
1731
1846
1744
1940
1732
1747
1733
1749
1744
1934
1747
1731
1760
1788
1732
1793
1752
1732
1786
1733
2103
1790
1778
1741
1731
1731
1767
1731
1766
1734
1732
1770
1732
1739
1731
1751
1742
1732
1741
1734
1732
1747
1749
1734
1751
1744
1740
1732
1752
1758
1744
1752
1732
1749
1731
1744
1760
1733
1750
1741
1730
1748
1732
1758
1751
1731
1739
1732
1750
1745
1748
1747
1732
1744
1742
1732
1738
1749
1742
1744
1731
1738
1733
1744
1759
1731
1739
1733
1758
1746
1732
1761
1731
1741
1745
1741
1752
1732
1746
1731
1731
1747
1730
1756
1731
1731
1739
1730
1766
1732
1731
1749
1730
1754
1731
1731
1747
1732
1755
1732
1733
1738
1742
1753
1734
1733
1740
1732
1753
1730
1732
1738
1764
1751
1732
1732
1739
1775
1745
1806
1737
1742
1895
1731
2119
1740
1732
1753
1732
1754
1735
1730
1741
1732
1750
1743
1731
1744
1732
1730
1740
1737
1754
1731
1732
1756
1732
1742
1732
1731
1740
1734
1756
1731
1732
1741
1732
1745
1772
1731
1746
1732
1753
1731
1732
1783
1731
1756
1732
1733
1740
1732
1808
1731
1744
1749
1731
1747
1736
1795
1730
1731
1761
1732
1743
1732
1773
1746
1731
1751
1734
1732
1752
1772
1745
1750
1745
1745
1731
1753
1745
1731
1753
1730
1732
1750
1734
1742
1732
1731
1742
1731
1754
1732
1733
1758
1732
1742
1731
1730
1769
1745
1741
1733
1731
1750
1735
1770
1733
1732
1752
1732
1742
1731
1757
1742
1732
1758
1742
1739
1743
1752
1731
1744
1733
1739
1732
1733
1761
1733
1751
1732
1732
1740
1731
1766
1731
1732
1743
1731
1754
1732
1759
1759
1731
1745
1731
1744
1732
1751
1742
1731
1753
1732
1731
1747
1750
1740
1731
1731
1747
1730
1747
1759
1732
1742
1732
1748
1731
1744
1731
1741
1869
1764
1747
1732
1742
1732
1731
1752
1732
1752
1740
1731
1743
1775
1733
1748
1735
1741
1731
1733
1788
1730
1743
1731
1733
1745
1732
1786
1751
1732
1743
1731
1750
1740
1775
1742
1731
1731
1760
1732
1743
1773
1731
1748
1732
1745
1732
1730
1746
1731
1740
1731
1730
1741
1731
1742
1732
1733
1760
1731
1741
1795
1749
1755
1731
1732
1740
1733
1768
1874
1732
1747
1743
1732
1751
1739
1770
1742
1732
1743
1733
1743
1743
1732
1750
1731
1751
1747
1742
1742
1732
1743
1741
1733
1745
1743
1742
1752
1730
1744
1732
1731
1754
1736
1750
1732
1733
1747
1742
1753
1747
1731
1749
1730
1743
1740
1744
1755
1731
1748
1763
1731
1745
1742
1759
1752
1732
1781
1730
1732
1761
1737
1744
1734
1746
1746
1731
1744
1736
1741
1745
1731
1751
1732
1741
1753
1731
1740
1732
1752
1750
1732
1746
1731
1731
1743
1732
1763
1732
1741
1747
1732
1741
1738
1774
1744
1732
1736
1750
1731
1745
1734
1758
1746
1731
1738
1731
1753
1733
1746
1758
1731
1741
1745
1732
1785
1747
1752
1749
1732
1741
1738
1756
1731
1730
1751
1731
1857
1743
1731
1745
1731
2107
1742
1770
1749
1742
1761
1760
1732
1762
1740
1731
1758
1733
1733
1763
1772
1740
1732
1753
1740
1731
1744
1772
1744
1731
1733
1741
1731
1748
1771
1732
1741
1731
1744
1732
1731
1780
1732
1758
1732
1732
1738
1732
1783
1732
1731
1743
1732
1764
1732
1772
1744
1732
1754
1731
1746
1746
1773
1742
1731
1760
1731
1731
1745
1773
1738
1754
1746
1741
1731
1744
1782
1744
1750
1732
1739
1751
1745
1781
1736
1754
1732
1744
1748
1731
1780
1731
1731
1737
1730
1740
1744
1771
1749
1730
1744
1747
1732
1739
1774
1757
1744
1732
1755
1731
1742
1783
1732
1739
1733
1753
1741
1747
1772
1732
1740
1741
1752
1731
1731
1779
1741
1747
1730
1731
1741
1741
1796
1732
1731
1738
1731
1751
1731
1768
1759
1733
1740
1731
1732
1765
1771
1746
1732
1730
1758
1732
1740
1772
1833
1756
1749
1756
1742
1742
1847
1731
1779
1743
1745
1756
1732
1808
1775
1737
1746
1749
1731
1786
1731
1731
1756
1732
1743
1732
1786
1743
1733
1755
1731
1743
1746
1775
1767
1732
1731
1749
1732
1756
1775
1742
1744
1732
1753
1732
1731
1796
1743
1748
1731
1731
1743
1732
1799
1732
1731
1746
1741
1744
1732
1777
1745
1742
1749
1732
1742
1747
1786
1862
1756
1732
1741
1744
1748
1780
1732
1747
1743
1742
1738
1748
1832
1730
1744
1731
1749
1742
1732
1796
1734
1732
1767
1730
1746
1731
1741
1753
1732
1749
1731
1731
1760
1751
1744
1732
1732
1755
1731
1749
1750
1742
1742
1731
1742
1751
1760
1745
1732
1731
1740
1776
1756
1751
1732
1739
1742
1747
1731
1735
1760
1732
1750
1731
1732
1764
1731
1766
1731
1742
1740
1732
1844
1732
1766
1753
1731
1742
1732
1759
1743
1755
1750
1731
1744
1754
1731
1744
1755
1752
1732
1732
1762
1731
1744
1755
1732
1743
1732
1750
1731
1731
1779
1731
1744
1732
1731
1740
1732
1772
1732
1731
1744
1733
1743
1732
1754
1743
1732
1753
1731
1736
1752
1753
1745
1731
1732
1740
1731
1751
1755
1732
1763
1731
1743
1731
1733
1821
1732
1733
1745
1731
1754
1750
1843
1754
1740
1750
1744
1732
1770
1731
1761
1744
1731
1750
1731
1768
1747
1731
1752
1732
1744
1752
1756
1746
1732
1755
1740
1734
1747
1757
1744
1749
1731
1743
1731
1751
1767
1731
1750
1732
1742
1733
1731
1766
1743
1751
1732
1731
1749
1744
1767
1732
1731
1742
1746
1751
1730
1754
1742
1731
1741
1852
1732
1744
1755
1743
1743
1731
1750
1731
1732
1762
1732
1752
1732
1740
1752
1732
1769
1733
1749
1732
1731
1751
1731
1773
1732
1733
1749
1732
1742
1732
1731
1755
1730
1751
1742
1742
1752
1732
1732
1743
1743
1750
1731
1793
1747
1744
1754
1732
1742
1733
1751
1746
1731
1756
1731
1742
1743
1742
1749
1731
1731
1745
1731
1752
1742
1731
1756
1732
1745
1743
1731
1765
1732
1745
1753
1731
1744
1732
1771
1753
1731
1761
1732
1741
1732
1759
1744
1732
1773
1743
1732
1745
1759
1755
1732
1732
1743
1732
1748
1758
1731
1762
1732
1754
1732
1731
1768
1731
1761
1731
1733
1753
1732
1775
1729
1731
1763
1731
1736
1732
1767
1767
1731
1739
1742
1731
1749
1759
