2130
2136
2095
2264
2077
2087
2098
2131
2091
2087
2092
2088
2089
2118
2077
2087
2102
2083
2091
2140
2078
2092
2093
2077
2087
2136
2076
2077
2099
2086
2079
2135
2104
2076
2086
2089
2087
2116
2093
2078
2076
2088
2078
2117
2093
2096
2080
2100
2089
2126
2078
2088
2079
2091
2089
2117
2078
2099
2094
2077
2089
2136
2086
2077
2093
2077
2086
2137
2078
2076
2104
2090
2078
2425
2110
2094
2152
2092
2109
2115
2078
2290
2162
2077
2101
2132
2087
2076
2086
2078
2079
2126
2105
2077
2097
2102
2078
2108
2088
2088
2079
2090
2094
2104
2089
2095
2076
2100
2094
2092
2080
2102
2089
2078
2093
2124
2078
2092
2087
2077
2094
2125
2078
2078
2100
2077
2077
2130
2103
2078
2090
2090
2088
2127
2085
2078
2089
2093
2079
2118
2086
2090
2077
2098
2087
2115
2099
2092
2077
2089
2087
2119
2078
2099
2094
2079
2088
2136
2076
2091
2094
2077
2087
2125
2078
2078
2098
2076
2078
2127
2108
2078
2086
2093
2087
2118
2095
2086
2585
2078
2102
2101
2128
2101
2089
2456
2077
2091
2114
2095
2090
2094
2078
2088
2137
2084
2077
2104
2094
2078
2121
2104
2077
2076
2093
2103
2118
2096
2094
2078
2105
2096
2118
2083
2110
2077
2077
2092
2142
2083
2092
2099
2089
2118
2136
2081
2076
2089
2077
2079
2136
2093
2078
2101
2088
2077
2139
2093
2077
2087
2087
2084
2136
2096
2096
2077
2088
2105
2124
2206
2088
2111
2083
2089
2112
2110
2077
2087
2078
2079
2126
2124
2077
2087
2102
2076
2127
2113
2089
2090
2093
2077
2111
2115
2077
2077
2096
2078
2107
2114
2087
2077
2098
2086
2102
2118
2088
2077
2106
2090
2090
2077
2085
2078
2078
2097
2100
2078
2089
2086
2077
2090
2106
2094
2077
2095
2091
2077
2098
2077
2086
2096
2088
2077
2092
2101
2077
2093
2093
2090
2089
2134
2077
2090
2099
2079
2078
2147
2077
2078
2095
2089
2077
2135
2092
2084
2100
2095
2077
2136
2103
2077
2077
2093
2090
2117
2166
2089
2077
2090
2089
2106
2092
2091
2077
2076
2091
2111
2077
2089
2086
2091
2088
2121
2076
2106
2089
2078
2087
2116
2076
2078
2103
2076
2092
2121
2078
2078
2103
2097
2077
2087
2115
2078
2103
2090
2077
2090
2099
2075
2080
2088
2096
2091
2094
2101
2077
2266
2089
2128
2092
2086
2097
2089
2091
2136
2093
2087
2078
2099
2140
2094
2128
2098
2548
2101
2080
2099
2078
2090
2119
2078
2077
2271
2087
2181
2085
2201
2107
2088
2088
2087
2104
2155
2090
2078
2077
2095
2099
2078
2100
2129
2078
2090
2129
2095
2076
2088
2091
2077
2110
2093
2091
2086
2103
2076
2117
2105
2078
2112
2085
2091
2110
2111
2077
2090
2099
2077
2098
2120
2088
2076
2090
2115
2094
2107
2103
2079
2089
2098
2095
2094
2106
2081
2078
2085
2126
2078
2086
2090
2089
2085
2125
2076
2088
2092
2078
2079
2115
2088
2086
2084
2086
2088
2109
2089
2079
2101
2090
2077
2098
2099
2078
2078
2086
2077
2078
2098
2078
2078
2103
2087
2078
2108
2100
2076
2093
2089
2089
2127
2101
2109
2087
2096
2078
2119
2098
2102
2076
2087
2096
2128
2090
2088
2077
2102
2091
2118
2078
2099
2076
2078
2093
2152
2078
2090
2091
2082
2102
2138
2078
2076
2105
2077
2077
2133
2086
2076
2088
2079
2078
2105
2088
2078
2094
2104
2078
2136
2088
2090
2118
2077
2088
2244
2077
2127
2103
2086
2077
2091
2100
2095
2077
2098
2077
2077
2109
2106
2078
2094
2098
2077
2095
2114
2092
2078
2086
2077
2077
2104
2076
2077
2085
2095
2083
2101
2095
2091
2092
2098
2078
2108
2095
2078
2077
2103
2086
2097
2098
2099
2078
2097
2088
2095
2090
2085
2077
2078
2097
2096
2078
2084
2104
2078
2086
2234
2106
2076
2095
2086
2092
2107
2271
2078
2202
2089
2089
2122
2113
2097
2077
2077
2090
2116
2077
2091
2098
2078
2086
2133
2365
2095
2098
2077
2078
2103
2086
2078
2086
2106
2077
2078
2090
2089
2077
2082
2089
2078
2089
2096
2078
2077
2115
2077
2078
2089
2088
2078
2088
2091
2089
2085
2136
2078
2100
2088
2087
2076
2096
2095
2078
2084
2109
2078
2078
2093
2076
2092
2088
2091
2077
2097
2105
2078
2087
2100
2076
2078
2096
2093
2103
2097
2085
2087
2107
2088
2077
2079
2086
2077
2077
2091
2093
2077
2084
2092
2104
2090
2085
2077
2111
2087
2129
2077
2109
2087
2077
2085
2098
2083
2095
2089
2077
2088
2090
2077
2078
2095
2103
2077
2087
2106
2078
2077
2097
2087
2078
2077
2089
2078
2145
2096
2179
2078
2089
2086
2078
2077
2240
2089
2096
2077
2095
2094
2084
2102
2085
2092
2099
2108
2077
2088
2097
2077
2077
2147
2090
2077
2103
2097
2077
2102
2088
2088
2077
2087
2093
2114
2089
2101
2077
2078
2085
2112
2085
2108
2090
2078
2094
2106
2090
2101
2087
2078
2111
2104
2076
2078
2100
2078
2077
2113
2103
2078
2099
2089
2077
2130
2093
2078
2076
2109
2077
2097
2099
2101
2076
2100
2087
2105
2078
2086
2077
2078
2087
2096
2077
2088
2096
2078
2087
2115
2089
2086
2094
2077
2090
2116
2076
2078
2087
2088
2077
2118
2089
2078
2096
2088
2077
2107
2088
2077
2077
2122
2106
2096
2096
2098
2078
2079
2097
2106
2078
2095
2086
2078
2103
2106
2079
2095
2087
2078
2160
2108
2096
2087
2090
2095
2080
2108
2095
2077
2079
2098
2075
2095
2094
2086
2076
2094
2089
2096
2094
2086
2077
2078
2088
2096
2077
2087
2076
2077
2087
2102
2077
2095
2089
2077
2077
2112
2077
2078
2089
2077
2077
2110
2097
2080
2089
2098
2077
2096
2110
2077
2077
2095
2116
2088
2220
2091
2181
2078
2096
2096
2113
2121
2099
2078
2090
2126
2077
2077
2087
2076
2077
2100
2090
2077
2092
2106
2077
2088
2099
2090
2077
2094
2077
2124
2101
2090
2077
2100
2089
2079
2094
2088
2076
2078
2090
2078
2090
2088
2097
2076
2102
2097
2077
2094
2112
2078
2079
2093
2079
2077
2097
2201
2078
2093
2088
2078
2088
2089
2078
2079
2086
2077
2078
2089
2077
2077
2103
2094
2077
2087
2095
2078
2103
2089
2077
2086
2094
2077
2094
2086
2077
2077
2088
2077
2095
2083
2103
2077
2087
2099
2096
2090
2085
2078
2087
2089
2107
2078
2089
2079
2077
2088
2100
2083
2086
2090
2076
2096
2105
2078
2091
2086
2078
2107
2088
2078
2077
2086
2076
2077
2090
2076
2078
2100
2085
2078
2122
2091
2077
2079
2086
2078
2096
2099
2087
2078
2096
2099
2081
2102
2089
2093
2076
2087
2119
2076
2098
2077
2077
2100
2110
2078
2098
2089
2077
2086
2087
2077
2093
2088
2077
2077
2091
2089
2078
2090
2075
2078
2095
2119
2075
2087
2093
2077
2101
2348
2078
2094
2184
2088
2076
2130
2087
2118
2078
2086
2077
2219
2100
2087
2077
2087
2112
2078
2077
2111
2088
2076
2090
2088
2078
2097
2107
2078
2091
2089
2076
2076
2092
2079
2078
2088
2088
2078
2091
2087
2077
2102
2091
2077
2077
2100
2077
2078
2095
2099
2077
2087
2096
2086
2077
2092
2078
2086
2095
2077
2077
2090
2107
2078
2093
2097
2090
2077
2161
2082
2101
2089
2089
2077
2110
2089
2110
2081
2093
2077
2077
2089
2080
2077
2090
2099
2077
2106
2106
2084
2078
2110
2078
2078
2095
2103
2077
2098
2088
2092
2097
2093
2079
2091
2109
2229
2118
2091
2096
2078
2077
2098
2119
2078
2099
2078
2088
2094
2111
2081
2108
2090
2076
2096
2090
2083
2087
2088
2078
2078
2096
2078
2076
2099
2110
2078
2089
2094
2078
2094
2096
2091
2079
2083
2077
2082
2085
2087
2078
2096
2089
2078
2077
2087
2078
2093
2088
2086
2077
2095
2084
2093
2102
2085
2076
2101
2090
2102
2083
2084
2078
2079
2080
2144
2077
2087
2095
2076
2086
2411
2077
2097
2089
2087
2077
2167
2087
