2433
2478
2443
2599
2423
2423
2444
2965
2964
2446
2423
2425
2434
2442
2438
2423
2422
2489
2439
2430
2423
2454
2473
2436
2433
2423
2441
2465
2473
2424
2440
2434
2453
2463
2423
2444
2432
2442
2465
2435
2441
2432
2445
2475
2432
2439
2432
2424
2423
2433
2448
2432
2423
2422
2487
2437
2435
2423
2434
2458
2433
2435
2440
2435
2829
2440
2490
2489
2438
2436
2433
2450
2464
2424
2441
2461
2437
2455
2424
2434
2451
2424
2425
2445
2434
2444
2423
2422
2458
2453
2439
2422
2424
2451
2434
2423
2433
2435
2441
2435
2422
2435
2440
2435
2453
2424
2439
2444
2433
2438
2426
2432
2454
2435
2423
2424
2431
2444
2442
2424
2452
2439
2434
2423
2441
2447
2433
2439
2432
2423
2451
2435
2436
2433
2421
2439
2450
2427
2444
2439
2432
2456
2437
2422
2447
2435
2461
2422
2442
2446
2448
2422
2440
2452
2445
2436
2427
2471
2434
2463
2432
2436
2444
2444
2432
2433
2424
2432
2467
2422
2434
2433
2458
2449
2424
2425
2455
2443
2439
2442
2441
2431
2574
2519
2432
2435
2432
2422
2434
2435
2459
2434
2424
2685
2445
2449
2434
2437
2424
2503
2438
2448
2425
2422
2463
2436
2428
2423
2442
2447
2435
2422
2440
2432
2461
2434
2436
2449
2432
2432
2440
2424
2432
2444
2438
2442
2423
2455
2432
2423
2432
2445
2447
2434
2422
2439
2452
2449
2435
2423
2443
2450
2456
2423
2424
2431
2435
2424
2425
2447
2432
2438
2442
2436
2431
2442
2423
2453
2447
2432
2440
2423
2423
2458
2447
2444
2425
2432
2473
2432
2422
2423
2454
2452
2434
2431
2437
2433
2442
2432
2423
2441
2433
2437
2445
2433
2475
2453
2430
2435
2449
2435
2448
2424
2443
2434
2435
2431
2439
2423
2454
2443
2432
2423
2441
2450
2437
2422
2422
2442
2444
2428
2424
2441
2430
2422
2444
2437
2435
2432
2438
2423
2435
2438
2450
2424
2434
2436
2431
2422
2423
2448
2440
2424
2423
2458
2435
2445
2424
2438
2441
2434
2425
2425
2434
2443
2448
2423
2441
2434
2451
2423
2423
2540
2446
2442
2423
2435
2433
2458
2471
2441
2956
2433
2456
2436
2422
2423
2448
2453
2475
2424
2434
2436
2442
2455
2423
2454
2433
2439
2439
2423
2438
2444
2430
2448
2466
2445
2437
2424
2423
2466
2434
2438
2423
2439
2461
2433
2432
2427
2434
2458
2449
2422
2441
2436
2433
2423
2437
2439
2606
2423
2423
2444
2449
2450
2440
2452
2436
2436
2442
2434
2443
2432
2446
2424
2423
2433
2629
2431
2429
2458
2519
2444
2433
2692
2448
2609
2436
2443
2440
2436
2433
2433
2441
2425
2444
2452
2433
2441
2431
2426
2477
2437
2428
2421
2440
2473
2442
2423
2442
2436
2447
2424
2423
2440
2439
2442
2466
2428
2443
2435
2427
2462
2441
2441
2438
2424
2442
2462
2442
2422
2423
2440
2477
2427
2423
2436
2439
2477
2423
2424
2436
2435
2422
2469
2449
2435
2437
2422
2468
2441
2436
2423
2424
2447
2437
2434
2423
2422
2432
2479
2428
2424
2434
2436
2474
2430
2443
2434
2439
2423
2464
2449
2433
2438
2421
2472
2447
2430
2423
2423
2464
2444
2423
2424
2449
2431
2464
2428
2427
2432
2437
2479
2427
2449
2431
2448
2445
2424
2438
2440
2438
2424
2461
2436
2430
2423
2423
2458
2443
2422
2434
2432
2443
2433
2435
2423
2430
2440
2445
2433
2433
2443
2444
2445
2439
2450
2434
2422
2440
2435
2433
2501
2431
2448
2433
2439
2453
2457
2454
2447
2423
2433
2435
2457
2443
2424
2424
2435
2449
2422
2424
2443
2443
2432
2445
2428
2451
2433
2422
2443
2451
2436
2432
2434
2583
2444
2436
2445
2422
2422
2555
2432
2485
2424
2437
2449
2552
2449
2424
2423
2477
2481
2430
2425
2423
2450
2447
2446
2422
2438
2432
2452
2424
2424
2439
2444
2451
2492
2626
2423
2433
2449
2432
2423
2443
2433
2449
2428
2425
2437
2437
2439
2452
2428
2445
2437
2424
2483
2436
2448
2435
2423
2435
2428
2433
2439
2428
2424
2438
2435
2437
2425
2433
2464
2457
2425
2422
2439
2442
2450
2424
2435
2440
2429
2456
2422
2433
2442
2426
2437
2427
2436
2442
2423
2434
2440
2435
2441
2424
2438
2450
2435
2422
2424
2434
2459
2423
2423
2435
2441
2448
2422
2423
2437
2447
2422
2435
2434
2452
2433
2428
2455
2433
2443
2424
2434
2437
2444
2424
2435
2442
2433
2450
2434
2423
2435
2444
2435
2424
2429
2501
2434
2435
2467
2634
2435
2440
2432
2467
2445
2430
2468
2423
2433
2458
2446
2431
2423
2454
2461
2433
2547
2433
2423
2442
2470
2425
2435
2688
2445
2547
2431
2437
2466
2436
2434
2437
2435
2447
2447
2436
2422
2437
2445
2450
2423
2434
2444
2438
2442
2428
2456
2432
2423
2422
2435
2431
2435
2436
2423
2458
2443
2445
2425
2446
2453
2455
2423
2422
2567
2437
2443
2423
2436
2435
2437
2446
2428
2433
2435
2434
2456
2424
2435
2433
2433
2423
2451
2435
2444
2423
2424
2473
2435
2445
2424
2437
2454
2435
2424
2423
2433
2433
2448
2423
2433
2443
2434
2458
2427
2435
2445
2424
2443
2444
2436
2438
2423
2423
2474
2434
2425
2423
2443
2473
2438
2424
2439
2439
2433
2439
2423
2440
2435
2436
2458
2441
2438
2436
2423
2443
2442
2438
2437
2422
2434
2455
2437
2423
2423
2435
2471
2423
2423
2438
2433
2451
2423
2424
2435
2439
2423
2456
2442
2431
2439
2423
2450
2436
2435
2425
2422
2432
2459
2424
2423
2439
2432
2584
2423
2441
2459
2439
2496
2435
2440
2432
2443
2454
2422
2423
2433
2437
2423
2470
2440
2447
2439
2422
2458
2451
2432
2423
2425
2464
2456
2434
2424
2423
2437
2475
2435
2424
2439
2444
2483
2422
2422
2436
2437
2423
2438
2437
2437
2438
2424
2480
2438
2436
2423
2424
2457
2436
2440
2423
2438
2437
2456
2424
2423
2439
2439
2449
2424
2442
2437
2443
2432
2439
2439
2438
2421
2423
2459
2437
2437
2423
2440
2443
2438
2424
2423
2441
2433
2441
2423
2445
2434
2439
2449
2433
2443
2438
2457
2436
2422
2442
2439
2423
2440
2430
2434
2440
2422
2424
2490
2440
2435
2423
2443
2473
2436
2431
2423
2437
2456
2451
2425
2422
2434
2432
2497
2433
2433
2441
2430
2480
2423
2449
2437
2435
2466
2436
2436
2436
2433
2424
2510
2432
2449
2422
2421
2495
2444
2442
2422
2437
2455
2450
2428
2422
2443
2437
2483
2443
2435
2441
2437
2472
2569
2438
2435
2438
2464
2560
2490
2431
2433
2421
2458
2434
2434
2446
2423
2481
2452
2443
2421
2423
2477
2451
2436
2421
2444
2444
2442
2423
2433
2444
2435
2484
2435
2434
2440
2434
2471
2429
2433
2441
2432
2423
2486
2444
2440
2425
2423
2482
2434
2442
2423
2470
2479
2438
2423
2424
2433
2438
2476
2428
2445
2433
2448
2464
2423
2441
2446
2437
2423
2440
2449
2435
2424
2434
2479
2439
2432
2434
2442
2472
2440
2424
2428
2431
2431
2447
2423
2434
2439
2434
2470
2424
2434
2431
2431
2466
2423
2431
2430
2424
2424
2440
2434
2441
2423
2423
2479
2445
2435
2423
2422
2479
2443
2423
2423
2438
2455
2446
2423
2422
2441
2439
2466
2423
2434
2436
2436
2447
2422
2434
2437
2446
2426
2427
2441
2432
2423
2422
2456
2432
2439
2423
2435
2458
2433
2423
2423
2434
2438
2429
2422
2433
2444
2431
2448
2425
2432
2441
2423
2443
2564
2435
2438
2423
2423
2580
2437
2435
2424
2423
2504
2433
2440
2437
2422
2486
2434
2448
2422
2424
2479
2444
2438
2423
2446
2438
2468
2424
2433
2436
2437
2468
2433
2445
2435
2436
2472
2429
2435
2444
2423
2424
2479
2447
2435
2423
2422
2485
2435
2423
2423
2430
2438
2436
2426
2425
2429
2438
2478
2422
2441
2433
2447
2463
2423
2442
2429
2436
2423
2444
2440
2434
2424
2433
2476
2438
2423
2424
2440
2474
2440
2423
2423
2438
2443
2435
