2778
2770
2851
2823
2823
2778
2793
2792
2795
2803
2784
2788
2777
2798
2777
2783
2789
2781
2785
2800
2791
2797
2782
2813
2780
2779
2771
2778
2798
2778
2796
2788
2769
2780
2769
2786
2789
2796
2776
2789
2868
2790
2875
2819
2797
2847
2780
2833
2791
2779
2780
2775
2782
2793
2801
2780
2808
2769
2769
2799
2796
2809
2776
2780
2777
2772
2789
2789
2776
2791
2779
2785
2768
2787
2788
2778
2809
2778
2791
2768
2784
2783
2778
2797
2779
2802
2775
2767
2779
2777
2796
2792
2789
2784
2769
2784
2775
2787
2790
2780
2785
2778
2778
2770
2791
2789
2775
2794
2775
2798
2779
2769
2784
2779
2804
2775
2795
2770
2769
2785
2783
2796
2779
2807
2801
2789
2796
2770
2781
2779
2780
2779
2790
2780
2769
2811
2772
2785
2783
2786
2813
2786
2772
2784
2784
2801
2780
2788
2784
2779
2869
2769
2795
2787
2799
2779
2792
2794
2770
2789
2787
2781
2777
2797
2795
2769
2795
2770
2774
2801
2793
2793
2780
2780
2769
2768
2781
2780
2823
2804
2768
2833
2814
2850
2832
2783
2780
2770
2792
2817
2784
2790
2786
2798
2795
2768
2771
2785
2808
2784
2782
2780
2768
2797
2796
2780
2787
2779
2812
2767
2770
2797
2801
2919
2779
2781
2782
2786
2773
2781
2780
2781
2804
2779
2769
2769
2779
2810
2810
2785
2779
2781
2770
2771
2784
2779
2834
2783
2795
2770
2768
2827
2806
2790
2788
2792
2809
2770
2871
2782
2784
2824
2787
2779
2768
2779
2783
2785
2793
2784
2842
2773
2767
2780
2783
2826
2789
2778
2779
2770
2813
2784
2780
2776
3130
2837
2880
2768
2769
2801
2872
2788
3129
2787
2843
2829
2785
2768
2780
2797
2787
2790
2786
2780
2772
2776
2778
2784
2800
2791
2776
2780
2769
2789
2790
2784
2783
2777
2809
2775
2770
2794
2794
2795
2779
2793
2768
2769
2809
2780
2786
2780
2784
2782
2769
2795
2783
2783
2792
2783
2769
2768
2801
2786
2781
2790
2784
2786
2783
2783
2783
2783
2805
2788
2783
2779
2770
2797
2793
2781
2784
2778
2789
2769
2780
2795
2788
2787
2781
2783
2769
2788
2793
2787
2781
2794
2796
2773
2771
2775
2781
2799
2798
2777
2768
2781
2799
2781
2783
2792
2782
2775
2782
2779
2784
2800
2792
2776
2769
2783
2798
2791
2791
2787
2777
2788
2777
2780
2786
2792
2803
2786
2782
2769
2783
2804
2783
2769
2785
2839
2833
2810
2821
2800
2780
2905
2792
2828
2808
2794
2813
2802
2783
2779
2781
2769
2804
2818
2778
2785
2776
2792
2784
2769
2794
2779
2800
2812
2778
2767
2769
2800
2795
2784
2777
2777
2777
2767
2784
2777
2786
2805
2785
2769
2769
2792
2798
2791
2781
2788
2793
2785
2768
2783
2783
2789
2805
2779
2785
2770
2768
2790
2780
2786
2789
2804
2768
2771
2787
2790
2805
2782
2784
2780
2778
2786
2784
2780
2778
2796
2796
2781
2769
2770
2793
2787
2778
2786
2802
2784
2777
2796
2784
2791
2815
2781
2784
2776
2777
2794
2785
2792
2805
2790
2795
2768
2769
2781
2795
2777
2790
2804
2779
2785
2795
2786
2787
2794
2806
2782
2768
2783
2795
2799
2797
2781
2784
2777
2785
2769
2794
2797
2779
2783
2794
2768
2784
2785
2790
2794
2780
2796
2800
2770
2783
2769
2806
2807
2905
2780
2939
2824
2804
2932
2801
3392
2790
2778
2781
2782
2784
2794
2781
2769
2777
2773
2781
2792
2782
2809
2789
2777
2843
2915
2792
2777
2785
2796
2789
2822
2799
2784
2795
2790
2768
2769
2850
2799
2814
2788
2794
2780
2798
2783
2768
2793
2780
2815
2784
2782
2779
2774
2782
2801
2783
2787
2810
2796
2768
2770
2798
2796
2788
2796
2785
2782
2788
2773
2780
2926
2793
2807
2779
2788
2767
2768
2776
2789
2794
2778
2839
2773
2770
2779
2780
2833
2786
2799
2779
2769
2814
2768
2892
2778
2779
2800
2780
2769
2768
2770
2808
2802
2778
2791
2781
2786
2770
2825
2782
2823
2814
2820
2785
2780
2785
2769
2783
2790
2799
2803
2791
2769
2768
2815
2809
2784
2781
2790
2803
2783
2769
2767
2787
2803
2787
2781
2783
2800
2783
2770
2781
2784
2807
2799
2787
2768
2769
2789
2800
2785
2783
2787
2800
2779
2768
2787
2792
2794
2781
2786
2780
2778
2796
2793
2778
2820
2950
2795
2789
2768
2797
2818
2895
2834
2793
2894
2804
2770
2769
2797
2792
2821
2779
2801
2778
2781
2794
2768
2789
2783
2789
2804
2782
2778
2769
2793
2791
2797
2777
2795
2798
2770
2769
2793
2789
2806
2793
2785
2769
2788
2797
2786
2777
2838
2798
2781
2780
2768
2769
2833
2888
3344
2792
2961
3408
2814
2775
2784
2783
2790
2769
2785
2783
2777
2796
2793
2769
2768
2795
2823
2788
2785
2778
2767
2788
2797
2780
2781
2791
2809
2774
2767
2770
2788
2779
2789
2777
2779
2793
2770
2768
2783
2779
2807
2778
2781
2780
2768
2806
2780
2783
2778
2792
2788
2770
2784
2779
2786
2778
2799
2778
2770
2789
2953
2800
2780
2783
2853
2816
3342
2782
2780
2777
2778
2785
2780
2827
2780
2792
2768
2768
2820
2778
2788
2779
2786
2809
2769
2788
2782
2785
2822
2785
2781
2767
2768
2786
2782
2780
2783
2811
2770
2769
2767
2782
2806
2783
2784
2787
2888
2791
2769
2780
2778
2781
2781
2781
2769
2773
2784
2783
2779
2780
2785
2781
2770
2769
2782
2778
2784
2781
2782
2769
2767
2783
2782
2783
2782
2780
2770
2769
2781
2781
2777
2783
2782
2771
2769
2792
2785
2781
2781
2778
2770
2770
2779
2785
2778
2787
2789
2780
2769
2778
2813
2783
2793
2779
2783
2782
2768
2770
2784
2792
2783
2782
2789
2770
2772
2781
2782
2782
2785
2793
2773
2768
2779
2784
2784
2796
2777
2785
2769
2786
2784
2779
2794
2781
2783
2788
2768
2769
2801
2792
2786
2777
2795
2791
2884
2869
2779
2778
2850
2778
2783
2778
2799
2808
2769
2793
2781
2780
2781
2795
2779
2769
2772
2779
2782
2780
2787
2784
2774
2768
2781
2783
2793
2786
2782
2786
2771
2768
2785
2777
2788
2779
2792
2769
2768
2795
2782
2786
2776
2795
2844
2770
2782
2784
2786
2783
2781
2778
2768
2779
2814
2784
2789
2791
2779
2780
2769
2782
2785
2790
2802
2781
2778
2768
2769
2836
2783
2777
2782
2798
2802
2769
2769
2779
2786
2798
2795
2788
2783
2803
2769
2779
2790
2780
2798
2789
2776
2769
2768
2806
2786
2777
2792
2778
2803
2783
2769
2787
2788
2801
2778
2784
2781
2781
2780
2778
2788
2776
2799
2792
2769
2769
2793
2796
2779
2789
2775
2769
2785
2780
2788
2785
2812
2795
2776
2780
2767
2804
2777
2795
2779
2797
2823
2770
2767
2779
2787
2895
2780
2797
2783
2788
2822
2814
2790
2790
2829
2779
2787
2768
2769
2822
2788
2783
2781
2791
2798
2770
2770
2791
2798
2780
2806
2781
2782
2813
2768
2780
2789
2785
2822
2778
2799
2768
2769
2829
2779
2787
2778
2784
2769
2769
2780
2784
2806
2796
2783
2785
2770
2840
2769
2794
2791
2784
2881
2799
2781
2770
2772
2780
2787
2776
2776
2806
2768
2771
2770
2780
2803
2783
2784
2769
2776
2787
2819
2785
2777
2788
2800
2769
2770
2777
2776
2784
2778
2780
2769
2788
2768
2785
2778
2784
2801
2776
2769
2768
2779
2852
2777
2776
2789
2809
2788
2770
2799
2775
2784
2779
2780
2778
2767
2780
2785
2781
2780
2778
2796
2768
2770
2788
2780
2791
2793
2778
2769
2778
2780
2785
2775
2785
2794
2776
2780
2768
2775
2798
2778
2788
2780
2795
2785
2768
2801
2781
2787
2942
2782
2779
2779
2770
2777
2778
2793
2791
2803
2791
2783
2769
2769
2819
2783
2785
2795
2782
2783
2783
2768
2780
2784
2792
2781
2780
2781
2769
2784
2795
2780
2785
2796
2770
2769
2769
2799
2792
2786
2795
2782
2769
2780
2797
2780
2786
2797
2796
2768
2770
2786
2783
2786
2791
2782
2772
2791
2769
