3124
3131
3232
3447
3733
3137
3136
3172
3130
3474
3143
3132
3152
3125
3175
3126
3145
3126
3130
3128
3144
3132
3125
3128
3113
3135
3124
3120
3115
3147
3134
3134
3132
3148
3134
3132
3128
3124
3151
3128
3133
3127
3152
3127
3124
3139
3148
3124
3114
3115
3116
3125
3114
3141
3143
3149
3135
3147
3130
3143
3140
3129
3130
3126
3150
3127
3159
3125
3150
3132
3146
3129
3141
3124
3114
3115
3126
3133
3116
3146
3174
3181
3130
3141
3131
3165
3131
3127
3132
3125
3173
3134
3154
3123
3171
3131
3143
3142
3162
3124
3124
3114
3114
3157
3113
3133
3135
3175
3124
3149
3122
3174
3135
3135
3122
3139
3164
3131
3150
3122
3163
3140
3143
3129
3168
3122
3124
3125
3114
3157
3129
3132
3127
3437
3120
3177
3148
3208
3140
3148
3123
3130
3126
3126
3124
3125
3132
3129
3126
3125
3124
3128
3129
3122
3123
3131
3136
3149
3131
3211
3116
3116
3114
3134
3114
3116
3129
3136
3135
3125
3125
3135
3149
3132
3125
3135
3147
3129
3126
3126
3126
3279
3197
3132
3140
3125
3167
3135
3131
3128
3259
3153
3126
3124
3156
3231
3133
3120
3123
3173
3124
3132
3130
3154
3134
3127
3138
3143
3138
3125
3126
3127
3138
3130
3129
3125
3157
3117
3120
3115
3137
3123
3115
3129
3136
3150
3122
3127
3121
3152
3125
3126
3126
3149
3131
3129
3120
3127
3149
3115
3114
3117
3133
3134
3124
3133
3126
3138
3126
3130
3137
3151
3129
3133
3135
3150
3138
3129
3127
3128
3121
3136
3136
3116
3141
3232
3114
3117
3137
3141
3129
3124
3145
3122
3127
3125
3129
3171
3127
3126
3133
3170
3156
3130
3124
3127
3150
3126
3114
3116
3160
3115
3125
3142
3167
3148
3135
3123
3130
3193
3139
3124
3140
3167
3148
3133
3129
3119
3120
3115
3115
3127
3165
3127
3133
3124
3178
3152
3130
3124
3283
3132
3152
3137
3131
3234
3136
3668
3135
3278
3125
3124
3137
3124
3133
3133
3128
3126
3190
3123
3114
3128
3116
3115
3137
3129
3126
3151
3127
3129
3136
3139
3127
3140
3126
3134
3141
3126
3127
3147
3126
3114
3127
3114
3129
3126
3125
3128
3138
3137
3124
3145
3127
3125
3128
3125
3123
3166
3125
3139
3122
3165
3145
3124
3114
3114
3132
3129
3113
3119
3145
3125
3135
3132
3143
3138
3553
3127
3149
3140
3126
3126
3126
3183
3122
3123
3127
3137
3122
3315
3162
3147
3129
3142
3126
3122
3124
3117
3116
3147
3120
3127
3135
3152
3134
3138
3124
3132
3166
3125
3128
3133
3150
3129
3138
3125
3131
3118
3115
3115
3115
3146
3138
3137
3129
3149
3136
3125
3132
3133
3127
3130
3130
3131
3151
3134
3128
3124
3143
3150
3123
3139
3113
3138
3144
3118
3114
3141
3115
3116
3124
3157
3125
3266
3126
3146
3134
3122
3139
3125
3161
3127
3131
3135
3149
3126
3128
3126
3114
3144
3123
3123
3144
3144
3127
3135
3141
3144
3145
3125
3126
3135
3158
3124
3150
3114
3133
3125
3116
3122
3123
3138
3128
3140
3125
3157
3137
3283
3124
3157
3207
3139
3648
3150
3158
3134
3125
3126
3163
3129
3133
3129
3177
3132
3116
3117
3147
3117
3115
3330
3114
3162
3129
3129
3124
3171
3126
3128
3120
3142
3125
3123
3134
3125
3174
3127
3133
3129
3169
3114
3114
3116
3417
3115
3115
3115
3124
3155
3125
3128
3124
3153
3130
3130
3126
3134
3130
3126
3128
3129
3116
3124
3256
3150
3114
3799
3123
3116
3115
3131
3136
3130
3124
3129
3147
3155
3127
3143
3156
3147
3137
3125
3132
3161
3128
3124
3144
3148
3147
3136
3127
3150
3150
3115
3117
3127
3136
3114
3142
3123
3153
3154
3158
3131
3154
3149
3123
3145
3130
3144
3139
3131
3129
3152
3140
3123
3127
3119
3131
3127
3115
3125
3156
3128
3133
3138
3152
3146
3146
3128
3129
3154
3128
3128
3128
3151
3124
3150
3125
3154
3140
3115
3115
3130
3297
3140
3114
3114
3143
3162
3123
3137
3178
3142
3123
3148
3148
3121
3125
3126
3127
3127
3139
3131
3121
3169
3131
3125
3131
3174
3131
3126
3129
3115
3118
3115
3126
3114
3166
3127
3125
3124
3170
3124
3133
3123
3231
3167
3125
3126
3126
3162
3126
3122
3128
3159
3115
3114
3125
3127
3165
3138
3124
3128
3173
3120
3197
3134
3129
3126
3134
3121
3128
3174
3130
3114
3124
3153
3115
3123
3666
3145
3115
3114
3125
3132
3165
3128
3125
3133
3165
3126
3128
3128
3126
3124
3125
3127
3123
3174
3125
3126
3123
3167
3123
3125
3117
3114
3114
3123
3132
3125
3175
3126
3128
3125
3169
3120
3138
3317
3143
3143
3130
3131
3179
3133
3126
3130
3124
3129
3135
3133
3124
3135
3120
3114
3632
3138
3115
3128
3117
3127
3133
3126
3131
3140
3155
3131
3129
3130
3150
3166
3126
3132
3141
3131
3126
3135
3131
3129
3126
3139
3116
3118
3113
3117
3128
3136
3143
3124
3140
3125
3152
3129
3126
3134
3152
3130
3123
3143
3122
3135
3135
3127
3115
3143
3114
3114
3136
3145
3273
3154
3134
3130
3273
3193
3125
3141
3182
3124
3136
3137
3142
3140
3124
3138
3132
3135
3123
3138
3116
3133
3125
3115
3124
3157
3128
3124
3132
3134
3143
3139
3123
3125
3158
3124
3131
3134
3144
3125
3137
3124
3157
3116
3113
3119
3115
3129
3127
3141
3127
3127
3130
3126
3122
3125
3126
3132
3123
3126
3126
3122
3123
3128
3125
3134
3115
3113
3131
3120
3127
3124
3128
3124
3140
3124
3122
3139
3161
3130
3133
3139
3169
3140
3124
3125
3171
3132
3112
3124
3114
3157
3132
3131
3130
3152
3125
3131
3134
3139
3125
3139
3139
3128
3147
3130
3125
3137
3139
3129
3125
3116
3115
3133
3114
3124
3166
3157
3127
3146
3124
3150
3134
3126
3127
3143
3127
3130
3151
3131
3277
3142
3150
3131
3154
3141
3124
3147
3134
3131
3124
3115
3115
3152
3131
3125
3141
3145
3129
3136
3132
3122
3137
3127
3140
3125
3163
3126
3141
3131
3148
3144
3124
3114
3116
3133
3115
3127
3126
3176
3128
3134
3124
3163
3125
3135
3125
3126
3129
3122
3132
3123
3164
3127
3123
3122
3144
3123
3115
3114
3114
3130
3122
3125
3135
3161
3136
3130
3133
3146
3147
3126
3132
3125
3166
3125
3133
3153
3191
3115
3130
3117
3173
3139
3127
3133
3137
3180
3130
3139
3130
3167
3233
3129
3131
3147
3150
3127
3142
3127
3186
3123
3115
3115
3146
3112
3131
3134
3133
3151
3143
3123
3131
3171
3129
3126
3177
3146
3145
3128
3134
3129
3154
3115
3119
3115
3154
3114
3132
3133
3163
3245
3145
3131
3128
3350
3135
3125
3129
3422
3127
3130
3132
3132
3124
3125
3128
3126
3144
3124
3125
3131
3120
3115
3117
3114
3129
3134
3127
3144
3125
3138
3140
3130
3125
3151
3127
3130
3137
3129
3130
3144
3121
3130
3160
3116
3116
3129
3127
3114
3145
3127
3130
3145
3138
3124
3136
3140
3134
3147
3125
3136
3136
3135
3125
3145
3130
3129
3129
3115
3122
3128
3134
3125
3147
3128
3125
3145
3130
3136
3137
3132
3155
3167
3129
3130
3137
3166
3126
3136
3115
3115
3144
3161
3118
3115
3162
3126
3135
3135
3146
3155
3126
3136
3128
3135
3126
3127
3144
3157
3128
3131
3124
3142
3119
3116
3114
3130
3150
3136
3131
3131
3146
3135
3132
3126
3142
3126
3137
3139
3129
3310
3146
3160
3124
3225
3128
3733
3126
3159
3135
3136
3128
3127
3140
3115
3116
3119
3170
3115
3135
3129
3173
3126
3126
3124
3142
3153
3130
3134
3135
3184
3141
3124
3124
3175
3123
3128
3127
3115
3171
3124
3133
3133
3189
3149
3129
3139
3168
3146
3139
3125
3126
3212
3130
3129
3136
3168
3130
3124
3116
3116
3140
3140
3126
3141
3180
3135
3127
3131
3165
3159
3125
3128
3123
3199
3127
3127
3153
3193
3116
3131
3115
3172
3132
3131
3125
3151
3183
3129
3136
3127
3169
3144
3126
3138
3141
