347
348
412
352
348
349
348
348
348
349
523
349
348
348
360
348
353
349
353
348
348
349
353
350
352
349
352
349
353
353
359
349
350
363
362
350
349
348
372
348
348
348
348
348
348
348
353
350
349
347
351
349
350
349
352
359
348
354
352
349
349
348
349
353
348
358
349
348
349
360
349
349
368
386
349
349
348
348
349
348
353
363
348
348
348
352
353
349
349
364
347
348
349
348
349
348
349
349
348
348
350
349
358
348
348
363
373
352
349
348
363
350
349
349
366
348
361
353
360
348
349
348
364
393
380
348
363
348
352
348
372
364
349
349
348
348
349
348
348
348
349
348
349
348
348
348
349
349
348
348
348
354
349
351
348
349
349
348
348
348
349
349
348
349
348
349
349
349
348
348
349
349
348
349
349
349
349
349
349
368
348
349
348
348
348
348
349
348
349
414
385
382
347
349
380
436
347
349
350
361
349
348
362
365
348
348
366
361
393
348
349
374
351
349
357
348
352
348
348
349
348
348
348
356
350
349
358
348
348
352
352
349
367
348
354
349
370
348
348
349
349
348
348
349
348
349
348
349
348
348
362
349
348
349
348
349
353
360
367
350
364
377
351
352
349
370
349
349
350
348
348
348
348
349
348
348
348
348
348
348
350
349
349
348
348
349
349
348
352
348
679
348
348
348
348
442
349
396
349
348
348
349
348
348
348
358
348
349
391
360
367
350
348
349
349
349
348
350
348
351
352
352
349
348
349
363
348
350
348
375
348
349
349
399
349
349
348
364
348
348
350
349
355
358
355
350
348
348
349
349
348
349
348
350
358
353
359
348
360
381
348
353
374
349
350
348
352
350
349
349
349
348
349
349
350
349
390
348
360
348
349
353
400
349
347
348
350
348
348
348
349
358
348
385
348
353
348
348
348
348
348
348
348
361
348
348
352
352
417
349
348
349
358
348
348
349
358
349
349
349
397
369
355
348
348
347
360
349
363
348
348
349
348
349
353
357
348
368
348
369
348
349
424
348
351
348
349
423
348
350
348
349
352
348
352
349
348
351
349
349
349
354
350
365
349
348
348
358
352
348
348
348
348
349
349
350
348
348
348
350
349
349
348
350
348
351
348
349
360
349
348
348
366
348
349
348
359
348
348
348
348
352
348
348
349
354
349
349
348
350
349
349
350
377
348
348
349
359
349
348
348
381
348
349
349
358
348
349
349
373
363
348
348
389
349
348
349
358
352
349
348
348
349
348
348
349
348
358
348
350
349
348
348
352
349
352
349
349
348
348
348
349
403
349
348
348
360
349
354
348
362
350
352
348
348
348
359
348
348
348
349
349
349
349
348
348
350
349
364
348
350
352
361
348
361
349
348
350
349
348
348
348
348
349
349
348
348
355
380
348
348
348
348
348
349
348
348
348
349
358
355
349
349
349
350
349
350
348
348
353
348
360
348
349
391
353
348
348
348
349
349
348
362
348
348
352
348
349
349
348
349
349
349
353
349
350
348
348
347
349
348
349
348
348
347
348
349
369
350
348
359
349
348
350
406
349
359
349
358
349
348
349
375
354
349
349
396
349
360
352
352
349
352
348
384
348
348
348
361
353
357
348
361
349
349
349
374
348
348
352
348
348
348
349
348
348
349
349
350
367
348
349
348
351
348
348
348
348
348
348
348
349
348
357
348
352
352
349
348
348
349
348
357
353
351
364
348
356
349
353
348
368
352
349
348
348
349
356
348
348
354
349
348
350
348
349
348
348
362
348
348
349
348
353
348
349
349
348
349
350
348
350
349
352
354
348
363
361
349
349
373
348
353
348
362
353
349
349
373
348
424
349
363
349
348
350
350
364
348
352
388
348
349
351
363
352
349
348
390
349
349
352
348
358
350
351
377
349
348
350
361
353
349
348
349
359
350
348
348
349
350
357
348
349
348
349
350
349
348
348
349
360
349
352
348
349
350
354
353
349
350
348
353
349
348
349
349
347
348
349
361
350
351
348
348
348
348
349
348
348
348
348
349
350
353
349
348
348
349
348
348
394
348
348
350
349
349
404
348
352
350
348
352
349
348
348
348
352
357
348
348
348
348
353
348
349
348
348
348
348
353
348
349
348
349
350
350
348
348
348
348
350
353
349
348
352
348
348
349
349
359
356
348
353
349
353
348
349
352
348
348
359
349
348
348
348
352
352
348
348
348
348
349
359
348
349
348
349
348
353
348
349
352
353
364
350
349
352
350
352
352
350
348
349
349
350
349
348
353
349
353
357
348
348
347
348
348
348
348
349
349
348
348
349
348
348
348
349
352
348
352
353
348
349
352
350
349
352
348
349
348
363
349
348
371
349
350
352
348
348
353
353
362
349
348
348
348
349
347
348
349
353
349
348
363
352
348
350
350
348
349
350
348
349
348
361
348
351
357
392
351
348
360
349
409
352
361
361
348
352
386
349
348
349
364
349
349
349
361
348
349
425
353
348
349
348
425
348
348
452
348
348
348
349
350
348
348
352
352
353
352
349
348
349
348
376
348
348
350
353
349
348
349
374
348
348
348
359
349
352
348
348
348
350
349
347
348
353
349
349
348
348
356
348
348
348
349
348
358
348
349
348
392
348
352
349
362
348
349
348
376
349
353
348
362
350
348
366
383
359
348
348
361
350
349
349
372
348
349
352
360
350
350
349
375
349
348
349
359
349
348
348
383
349
349
349
360
348
348
350
393
348
348
350
362
349
348
349
348
348
348
349
348
347
348
348
373
357
348
349
361
349
396
348
348
348
349
350
348
349
350
349
350
349
365
349
348
349
348
364
348
349
348
348
375
349
348
349
363
348
363
348
360
349
348
348
379
350
349
349
349
349
348
349
348
349
348
349
348
348
349
352
349
349
364
349
349
349
349
349
348
349
349
349
348
352
348
349
348
348
348
348
349
353
349
349
348
350
352
348
352
401
347
349
348
362
347
348
350
379
348
349
348
349
349
349
353
349
348
364
348
349
359
350
348
349
350
350
348
348
362
348
349
350
375
353
348
349
364
348
349
348
350
353
348
349
361
