3480
3495
3571
3500
3480
3494
3473
3479
3476
3496
3461
3461
3461
3481
3475
3473
3476
3491
3478
3474
3474
3483
3470
3474
3481
3511
3468
3525
3512
3562
3470
3490
3471
3501
3463
3503
3474
3513
3486
3489
3489
3516
3477
3498
3478
3514
3486
3486
3470
3526
3589
3474
3461
3466
3462
3473
3470
3481
3476
3476
3477
3476
3477
3477
3469
3524
3475
3468
3485
3511
3472
3487
3469
3516
3482
3471
3469
3611
3582
3610
3472
4081
3964
3474
3520
3462
3460
3485
3522
3471
3487
3476
3515
3471
3515
3482
3516
3472
3494
3470
3530
3481
3460
3460
3513
3473
3481
3478
3511
3485
3467
3476
3518
3469
3473
3472
3508
3483
3471
3480
3516
3477
3479
3489
3510
3462
3470
3462
3510
3483
3472
3483
3512
3476
3480
3474
3510
3486
3469
3471
3508
3468
3479
3470
3513
3480
3489
3470
3645
3471
3474
3481
3516
3482
3471
3466
3525
3471
3471
3483
3505
3476
3478
3466
3510
3471
3471
3476
3479
3461
3483
3465
3499
3479
3471
3471
3496
3474
3479
3527
3471
3598
3526
3515
3477
3477
3471
3487
3470
3470
3461
3480
3460
3461
3474
3489
3473
3474
3467
3492
3470
3478
3469
3493
3468
3472
3474
3533
3471
3475
3469
3494
3474
3471
3473
3493
3463
3460
3519
3506
3495
3477
3473
3527
3500
3485
3473
3903
3470
3486
3460
3469
3471
3470
3480
3496
3470
3470
3479
3472
3487
3478
3471
3479
3473
3469
3482
3488
3471
3470
3476
3478
3459
3471
3483
3474
3475
3474
3487
3473
3475
3469
3489
3475
3476
3472
3491
3475
3477
3472
3486
3464
3460
3460
3473
3475
3471
3474
3486
3477
3475
3475
3485
3484
3471
3480
3486
3495
3472
3479
3495
3483
3470
3473
3473
3466
3486
3474
3489
3481
3474
3491
3483
3483
3484
3477
3482
3491
3473
3486
3496
3481
3485
3478
3485
3478
3463
3460
3482
3478
3475
3485
3491
3484
3477
3473
3497
3478
3479
3485
3487
3477
3490
3472
3482
3486
3477
3473
3613
3480
3484
3471
3492
3557
3884
3835
3531
3470
3483
3470
3495
3473
3459
3460
3506
3479
3469
3475
3515
3478
3471
3486
3521
3474
3475
3471
3520
3472
3476
3470
3521
3475
3476
3471
3494
3460
3461
3473
3491
3474
3470
3472
3488
3475
3486
3475
3466
3474
3470
3471
3480
3470
3472
3482
3466
3461
3461
3471
3489
3472
3469
3492
3489
3476
3472
3486
3490
3503
3475
3601
3948
3490
3483
3495
3473
3488
3463
3464
3461
3473
3508
3468
3476
3493
3475
3473
3496
3476
3526
3475
3498
3484
3476
3477
3509
3473
3481
3489
3485
3461
3471
3474
3504
3534
3474
3475
3501
3474
3477
3472
3494
3475
3480
3472
3494
3474
3477
3473
3495
3461
3460
3461
3490
3478
3471
3473
3493
3475
3634
3502
3521
3614
3473
3486
3689
3487
3462
3463
3499
3470
3487
3475
3491
3475
3472
3473
3496
3470
3472
3485
3488
3470
3482
3471
3494
3471
3483
3470
3479
3461
3461
3467
3515
3501
3479
3470
3517
3484
3479
3478
3510
3492
3473
3478
3502
3490
3471
3498
3515
3477
3471
3465
3514
3482
3475
3498
3513
3474
3514
3474
3518
3484
3477
3469
3528
3471
3472
3470
4017
3494
3467
3470
3512
3473
3472
3475
3470
3516
3471
3477
3500
3470
3483
3501
3490
3482
3473
3500
3478
3459
3467
3516
3486
3477
3470
3517
3483
3475
3471
3515
3486
3473
3470
3525
3486
3479
3484
3514
3491
3460
3469
3467
3612
3521
3489
3471
3462
3505
3469
3473
3468
3529
3469
3474
3473
3661
3472
3469
3473
3513
3612
3475
3471
3512
3460
3460
3484
3484
3470
3485
3479
3499
3472
3472
3487
3479
3476
3481
3479
3483
3485
3467
3488
3478
3461
3469
3459
3479
3485
3476
3475
3503
3474
3473
3504
3482
3500
3471
3472
3489
3471
3471
3486
3479
3473
3470
3459
3480
3471
3473
3485
3472
3477
3480
3475
3468
3487
3477
3477
3471
3478
3479
3478
3472
3488
3470
3507
3476
3462
3470
3473
3474
3484
3470
3497
3483
3476
3470
3496
3478
3468
3485
3488
3493
3468
3477
3498
3460
3460
3481
3498
3473
3475
3473
3497
3473
3470
3492
3492
3475
3482
3477
3491
3486
3471
3474
3501
3476
3487
3458
3478
3472
3469
3478
3579
3477
3576
3480
3491
3625
3473
3479
3501
3484
3474
3492
3491
3460
3463
3459
3491
3470
3478
3482
3495
3476
3488
3473
3494
3483
3475
3483
3493
3474
3492
3471
3492
3483
3471
3463
3489
3472
3471
3493
3486
3485
3468
3474
3499
3478
3470
3481
3488
3476
3483
3474
3499
3472
3471
3488
3497
3474
3593
3460
3479
3481
3474
3472
3474
3589
3561
3526
3475
3472
3529
3505
3476
3485
3502
3480
3473
3490
3495
3472
3470
3489
3556
3470
3486
3469
3512
3487
3469
3493
3507
3481
3493
3486
3510
3550
3491
3471
3617
3474
3488
3491
3530
3490
3472
3473
3526
3477
3470
3460
3497
3461
3470
3481
3509
3477
3473
3477
3507
3495
3475
3478
3508
3476
3470
3477
3509
3472
3471
3478
3508
3461
3460
3459
3699
3472
3489
3470
3505
3482
3476
3470
3514
3469
3476
3472
3517
3483
3471
3469
3485
3463
3461
3474
3469
3477
3469
3469
3474
3475
3471
3490
3484
3476
3491
3475
3469
3488
3542
3516
3459
3460
3473
3509
3477
3481
3474
3514
3485
3494
3468
3495
3470
3489
3468
3496
3480
3475
3469
3495
3478
3460
3460
3479
3482
3474
3471
3505
3478
3471
3493
3489
3479
3482
3469
3511
3487
3469
3484
3510
3479
3485
3484
3516
3485
3481
3478
3513
3495
3490
3471
3528
3486
3471
3483
3507
3474
3479
3471
3490
3486
3460
3461
3489
3461
3472
3498
3495
3475
3483
3472
3493
3474
3471
3488
3493
3468
3485
3473
3496
3486
3472
3493
3490
3476
3470
3472
3481
3472
3460
3482
3499
3481
3473
3490
3489
3478
3480
3477
3499
3474
3469
3489
3489
3477
3482
3478
3489
3485
3471
3477
3491
3477
3473
3993
3507
3486
3469
3478
3486
3472
3471
3482
3473
3492
3469
3475
3483
3503
3472
3489
3472
3473
3483
3477
3473
3460
3461
3460
3505
3475
3487
3742
3509
3488
3477
3469
3513
3478
3487
3480
3511
3490
3473
3473
3508
3460
3459
3471
3502
3478
3469
3477
3581
3466
3577
3486
3620
3507
3487
3484
3511
3471
3473
3481
3486
3461
3489
3472
3500
3487
3479
3472
3507
3475
3489
3480
3498
3491
3475
3477
3504
3478
3475
3483
3496
3467
3475
3476
3495
3477
3462
3473
3609
3469
3482
3472
3504
3481
3473
3488
3503
3473
3480
3479
3505
3485
3471
3476
3514
3477
3470
3489
3504
3476
3468
3461
3503
3462
3478
3481
3510
3470
3496
3470
3526
3470
3475
3469
3497
3470
3484
3473
3488
3486
3475
3473
3496
3541
3473
3460
3501
3471
3470
3475
3523
3476
3475
3498
3508
3477
3486
3505
3511
3473
3474
3487
3510
3474
3486
3475
3511
3487
3475
3459
3507
3459
3475
3473
3510
3470
3477
3469
3628
3484
3475
3474
3667
3632
4149
4243
3479
3472
3475
3473
3473
3479
3470
3493
3482
3474
3469
3507
3472
3462
3470
3463
3471
3470
3472
3497
3476
3471
3486
3487
3473
3491
3474
3492
3468
3477
3483
3491
3478
3509
3482
3485
3471
3461
3459
3540
3469
3476
3471
3499
3482
3477
3469
3514
3471
3476
3470
3517
3470
3474
3470
3512
3472
3477
3473
3516
3460
3463
4010
3531
3472
3477
3479
3509
3471
3475
3468
3492
3475
3471
3484
3487
3479
3558
3473
3488
3473
3461
3461
3489
3470
3479
3483
3490
3477
3483
3467
3497
3481
3469
3488
3489
3481
3484
3471
3491
3487
3477
3468
3492
3461
3462
3471
3490
3486
3471
3505
3813
3478
3470
3477
3567
3519
3471
3470
3520
3465
3459
3459
3505
3474
3472
3474
3490
3475
3472
3474
3470
3470
3488
3473
3504
3477
3468
3505
3471
3472
3473
3471
3462
3479
3472
3472
3470
3471
3473
3512
3540
3476
3473
3490
3471
3473
3469
3497
3471
3468
3474
