3817
3843
3997
3806
3875
3819
3837
3835
3836
3817
3808
3813
3821
3826
3816
3965
3920
3943
3815
3840
3833
3816
3853
3816
3817
3833
3840
3834
3820
3815
3854
3817
3824
3839
3814
3834
3814
3840
3812
3813
3828
3837
3824
3825
3838
3830
3816
3828
3851
3819
3827
3822
3842
3819
3816
3847
3822
3816
3835
3840
3835
3818
3819
3847
3822
3816
3843
3816
3829
3823
3839
3831
3817
3832
3836
3813
3828
3842
3816
4188
3823
3864
3818
3832
3816
3849
3831
3821
3867
3819
3820
3831
3858
3823
3828
3814
3828
3819
3821
3868
4023
3834
3820
3859
3829
3817
3830
3819
3819
3829
3857
3817
3814
3821
3859
3822
3817
3816
3815
3820
3830
3856
3823
3815
3820
3829
3934
3900
3860
3835
3825
3823
3857
3821
3830
3817
3825
3815
3825
3872
3815
3826
3829
3877
3817
3814
3824
3823
3816
3816
3851
3808
3837
3818
3866
3819
3815
3862
3807
3818
3818
3862
3835
3829
3818
3874
3823
3943
3900
3825
3821
3822
3860
3816
3818
3816
3860
3817
3841
4337
3852
4018
3859
3830
3820
3873
3836
3817
3851
3858
3814
3824
3838
3821
3819
3817
3859
3824
3820
3850
3836
3828
3817
3840
3840
3827
3816
3854
3821
3828
3814
3817
3830
3821
3845
3825
3812
3834
3850
3821
3827
3820
3847
3828
3825
3869
3827
3829
3823
3953
3821
3813
3862
3845
3829
3817
3826
3836
3816
3807
3829
3818
3827
3825
3825
3827
3807
3830
3822
3825
3829
3824
3831
3820
3824
3836
3825
3838
3821
3820
3832
3817
3826
3834
3817
3826
3824
3819
3824
3824
3863
3820
3824
3835
3825
3827
3829
3821
3828
3823
3841
3823
3818
3831
3846
3814
3838
3822
3836
3948
3853
3841
3837
3824
3815
3846
3827
3824
3819
3825
3814
3833
3837
3833
3829
3814
3877
3818
3817
3828
3836
3832
3816
3862
4161
3846
3815
3872
3817
3848
3861
3828
3831
3820
3860
3877
3820
3816
3866
3835
3820
3856
3837
3820
3935
3840
3828
3827
3817
3915
3830
3841
3842
3836
3825
3871
3841
3818
3814
3822
3818
3829
3814
3830
3824
3806
3827
3848
3832
3823
3826
3823
3823
3812
3847
3841
3818
3833
3846
3824
3807
3815
3837
3818
3821
3865
3829
3828
3813
3874
3826
3828
3817
3821
3819
3806
3867
3819
3822
3817
3867
3817
3828
3810
3825
3823
3818
3857
3825
4329
3819
3864
3816
3825
3828
3826
3817
3816
3858
3964
3869
3813
3850
3820
3949
3893
3924
3855
3822
3854
3865
3818
3827
3825
3814
3840
3862
3823
3819
3815
3860
3822
3823
3815
3817
3825
3822
3860
3833
3821
3817
3864
4016
3832
3824
3844
3838
3821
3860
3827
3817
3827
3861
3827
3814
3806
3826
3822
3825
3868
3824
3826
3817
3859
3830
3818
3826
3816
3816
3822
3858
3831
3824
3815
3872
3824
3826
3817
3839
3836
3822
3863
3831
3819
3833
3862
3826
3832
3820
3873
3826
3816
3870
3826
3823
3813
3860
3831
3825
3815
3854
3823
3826
3829
3827
3827
3830
3864
3828
3815
3826
3864
3831
3822
3819
3836
3820
3809
3837
3832
3815
3827
3842
3822
3935
3861
3913
3828
3825
4083
3867
3818
3815
3867
3823
3830
3840
3838
3828
3820
3848
3834
3819
3833
3839
3831
3818
3841
3845
3817
3821
3833
3812
3834
3823
3900
3825
3817
3847
3826
3816
3834
3848
3854
3818
3824
3859
3819
3831
3838
3837
3834
3820
3841
3830
3824
3835
3858
3819
3843
3824
3837
3954
3915
3825
3838
3840
3834
3838
3820
3819
3814
3839
3817
3820
3840
3825
3818
3808
3835
3822
3828
3820
3848
3812
3820
3841
3824
3827
3824
3836
3818
3817
3817
3820
3818
3825
3829
3823
3819
3817
3824
3827
3819
4098
3831
3832
3834
3837
3842
3816
3843
4146
3827
3832
3841
3983
3857
3818
4570
3821
3825
3819
3851
3826
3818
3819
3837
3818
3818
3838
3819
3823
3808
3837
3816
3819
3819
3839
3816
3835
3831
3823
3816
3819
3835
3831
3816
3863
3840
3818
3820
3829
3828
3830
3823
3836
3827
3821
3831
3839
3818
3832
3809
3821
3821
3819
3856
3820
3821
3838
3834
3834
3823
3830
3833
3822
3864
3834
3821
3830
3824
3842
3819
3824
3839
3819
3820
3827
3831
3835
3820
3833
3847
3833
3855
3853
3816
3826
3830
3812
3823
3818
3861
3821
3834
3813
3837
3835
3816
3826
3833
3818
3818
3839
3828
3819
3815
3841
3818
3817
3819
4038
4065
3818
3834
3970
3858
3826
3886
3814
3837
3872
3867
3823
3815
3852
3818
3834
3823
3828
3837
3817
3860
3826
3819
3832
3838
3826
3813
3821
3836
3822
3815
3850
3826
3833
3824
3818
3872
4587
3898
3833
3821
3837
3824
3818
3822
3837
3825
3810
3816
3844
3816
3821
3837
3825
3816
3814
3840
3817
3824
3818
3842
3818
3808
3845
3825
3823
3825
3838
3870
3833
3833
3845
3827
3814
3842
3819
3817
3817
3837
3821
3815
3821
3836
3814
3814
3811
3822
3814
3822
3834
3813
3813
3825
3856
3829
3827
3821
3936
3826
3818
3854
3921
3826
3818
3940
3819
3824
3824
3820
3837
3824
3865
3813
3825
3812
3862
3818
3833
3816
3838
3824
3816
3845
3818
3817
3814
3837
3806
3816
3841
3818
3818
3812
3845
3816
3817
3818
3835
3820
3816
3851
3818
3823
3816
3840
3816
3821
3818
3835
3821
3806
3840
3816
3824
3817
3850
3820
3820
3829
3832
3828
3837
3848
3834
3816
3828
3871
3822
3827
3823
3874
3819
3806
3863
3827
3842
3814
3866
3837
3816
3819
3871
3821
3826
3844
3821
3832
3807
3865
3821
3816
3832
3901
3823
3828
3823
3824
3815
3817
3865
3817
3816
3809
3876
3817
3819
3818
4120
3922
3821
3904
3829
3826
3824
3896
3807
3885
3868
3819
3838
3819
3876
3808
3814
3835
3863
3821
3817
3864
3833
3807
3820
3883
3821
3835
3820
3869
3839
3818
3868
3825
3819
3833
3864
3957
3819
3816
3871
3825
3818
3865
3823
3836
3820
3861
3841
3819
3833
3861
3819
3834
3830
3832
3825
3818
3869
3822
3822
3816
3860
3831
3817
3819
3863
3822
3832
3863
3823
3831
3819
3865
3817
3818
3835
3855
3824
3848
3864
3824
3825
3817
3866
3819
3816
3824
3865
3822
3815
3855
3822
3809
3819
3834
3821
3821
3821
3838
3822
3813
3819
3817
3815
3822
3857
3822
3807
3814
4225
3880
3920
3868
3979
3835
3823
3888
3818
3836
3818
3855
3824
3825
3856
3828
3813
3831
3862
3811
3840
3817
3880
3831
3817
3872
3818
3829
3813
3854
3842
3818
3815
3858
3818
3839
3816
3829
3832
3834
3932
4046
3818
3829
3857
3825
3819
3847
3819
3817
3829
3840
3843
3828
3820
3844
3818
3818
3848
3819
3816
3825
3845
3829
3815
3867
3874
3819
3827
3823
3820
3815
3822
3847
3820
3818
3830
3837
3820
3878
3820
3834
3821
3825
3844
3823
3829
3814
3849
3828
3819
3829
3838
3821
3833
3838
3820
3829
3826
3851
3822
3818
3832
3837
3824
3815
3826
3836
3823
3824
3849
3858
3843
3818
3897
3860
3823
3847
3832
3819
3831
3836
3835
3820
3819
3846
3818
3827
3838
3819
3830
3818
3853
3821
3824
3828
3843
3819
3815
3834
3836
3815
3823
3850
3824
3830
3820
3844
3841
3820
3845
3818
3817
3832
3850
3827
3824
3815
3848
3819
3819
3827
3819
3835
3813
3844
3830
3822
3825
3841
3818
3831
3832
3834
3817
3821
3867
3817
3830
3814
3829
3828
3820
3822
3815
3821
3827
3834
3821
3832
3817
3827
3827
3817
3831
3829
3821
3815
3860
4057
3823
3818
3870
3816
3818
3849
3824
3821
3827
3866
3816
3824
3816
3858
3824
3816
3853
3820
3824
3814
3937
3817
3858
3819
3914
4091
3811
3864
3815
3828
3825
3836
3832
3813
3838
3821
3819
3824
3841
3828
3814
3823
3855
3815
3815
3830
3816
3833
3816
3833
3828
3818
3826
3835
3820
3825
3815
3834
3827
3821
3867
3824
3818
3807
3872
3817
3817
3821
3850
3823
3807
3862
3832
3822
3817
3884
3819
