4204
4163
4297
4178
4205
4175
4159
4189
4175
4162
4232
4256
4166
4159
4175
4168
4164
4201
4168
4163
4173
4175
4175
4170
4181
4276
4162
4194
4165
4180
4175
4183
4167
4167
4186
4161
4174
4162
4167
4166
4163
4195
4165
4179
4168
4164
4190
4162
4188
4166
4177
4299
4173
4220
4171
5008
4198
4167
4205
4161
4156
4182
4175
4162
4212
4160
4168
4170
4174
4175
4163
4188
4163
4180
4172
4175
4171
4161
4173
4169
4170
4180
4163
4167
4168
4176
4161
4179
4175
4163
4197
4162
4170
4196
4164
4203
4166
4183
4174
4164
4190
4170
4196
4170
4181
4185
4158
4202
4163
4193
4200
4194
4196
4244
4184
4183
4182
4162
4162
4198
4164
4179
4186
4190
4199
4162
4170
4162
4174
4180
4245
4164
4184
4177
4174
4169
4186
4171
4174
4176
4175
4167
4170
4168
4161
4180
4181
4172
4173
4185
4163
4166
4174
4268
4283
4182
4422
4166
4315
4192
4172
4181
4162
4198
4162
4160
4197
4166
4176
4163
4166
4179
4161
4197
4164
4179
4186
4169
4171
4160
4213
4262
4450
4208
4188
4162
4165
4215
4164
4163
4182
4191
4166
4160
4173
4163
4168
4208
4160
4164
4178
4183
4163
4163
4252
4161
4168
4181
4170
4159
4173
4186
4160
4179
4270
4208
4168
4188
4269
4166
4193
4206
4190
4165
4210
4163
4161
4173
4166
4167
4157
4173
4162
4164
4277
4163
4166
4162
4172
4175
4163
4228
4164
4170
4203
4185
4174
4159
4213
4171
4161
4201
4165
4168
4167
4175
4165
4177
4212
4171
4173
4205
4175
4163
4172
4216
4156
4174
4197
4173
4173
4157
4222
4287
4165
4165
4178
4174
4173
4189
4160
4164
4168
4164
4161
4171
4177
4161
4166
4182
4160
4165
4163
4184
4172
4167
4183
4169
4159
4174
4166
4173
4163
4191
4166
4174
4184
4193
4173
4164
4197
4174
4174
4185
4162
4182
4305
4191
4171
4172
4257
4674
4180
4187
4179
4162
4181
4164
4183
4165
4165
4166
4166
4161
4165
4158
4181
4167
4168
4162
4163
4177
4161
4180
4176
4164
4169
4161
4175
4162
4212
4159
4163
4184
4182
4170
4158
4184
4166
4164
4181
4168
4173
4165
4171
4159
4167
4172
4161
4175
4165
4171
4161
4163
4179
4397
4215
4161
4180
4177
4162
4168
4154
4167
4209
4158
4178
4204
4175
4164
4157
4184
4162
4169
4184
4169
4162
4161
4175
4164
4160
4205
4163
4165
4210
4178
4160
4181
4186
4220
4223
4202
4172
4176
4678
4211
4161
4188
4180
4167
4177
4199
4182
4162
4188
4179
4162
4183
4178
4175
4172
4170
4183
4163
4183
4179
4175
4168
4174
4165
4169
4182
4187
4174
4172
4182
4178
4163
4185
4184
4162
4172
4179
4177
4164
4178
4248
4163
4185
4285
4209
4189
4226
4169
4178
4201
4168
4177
4208
4186
4168
4167
4231
4164
4178
4206
4180
4163
4163
4172
4161
4177
4219
4180
4165
4204
4194
4164
4176
4223
4167
4173
4207
4195
4165
4173
4165
4164
4179
4206
4190
4167
4205
4185
4173
4171
4223
4175
4168
4203
4189
4166
4177
4182
4181
4170
4202
4189
4157
4220
4180
4177
4173
4217
4177
4162
4218
4180
4158
4179
4178
4180
4167
4203
4172
4158
4206
4179
4175
4162
4227
4166
4160
4218
4179
4171
4169
4184
4172
4173
4217
4178
4176
4200
4176
4177
4161
4215
4174
4240
4226
4277
4204
4467
4202
4165
4175
4165
4163
4175
4162
4177
4165
4162
4194
4159
4173
4183
4170
4174
4165
4237
4201
4194
4195
4178
4178
4168
4165
4168
4161
4197
4178
4174
4190
4170
4301
4165
4204
4162
4160
4177
4186
4170
4174
4191
4180
4186
4197
4172
4169
4186
4183
4202
4160
4165
4165
4163
4188
4167
4161
4187
4166
4157
4168
4181
4200
4180
4179
4170
4160
4162
4188
4166
4175
4178
4180
4164
4181
4171
4162
4159
4192
4161
4165
4184
4164
4173
4161
4603
4182
4163
4166
4286
4198
4201
4224
4179
4163
4219
4190
4163
4182
4179
4178
4163
4195
4179
4166
4199
4164
4179
4187
4196
4179
4165
4205
4164
4165
4174
4192
4179
4164
4241
4170
4164
4214
4186
4176
4206
4185
4166
4163
4245
4174
4165
4206
4179
4169
4165
4228
4167
4170
4206
4181
4170
4171
4180
4170
4167
4192
4163
4161
4185
4195
4165
4167
4198
4167
4167
4181
4178
4168
4168
4169
4171
4162
4209
4162
4166
4207
4184
4165
4165
4232
4177
4165
4207
4183
4166
4168
4158
4161
4171
4209
4165
4165
4205
4175
4167
4167
4361
4186
4170
4206
4281
4987
4451
4170
4169
4179
4206
4160
4164
4166
4167
4175
4172
4191
4166
4167
4192
4160
4180
4166
4199
4165
4173
4193
4288
4185
4158
4200
4165
4202
4205
4166
4174
4169
4175
4159
4161
4203
4163
4165
4182
4170
4163
4200
4181
4169
4163
4181
4183
4178
4167
4176
4164
4160
4183
4161
4163
4171
4177
4164
4174
4204
4183
4163
4164
4165
4157
4171
4174
4162
4173
4460
4171
4165
4194
4247
4170
4179
4208
4165
4160
4191
4163
4165
4182
4166
4165
4175
4185
4166
4164
4182
4171
4164
4167
4188
4165
4163
4189
4167
4164
4172
4170
4167
4166
4183
4297
4161
4182
4168
4159
4164
4190
4171
4167
4184
4170
4165
4163
4161
4172
4164
4198
4162
4160
4183
4166
4176
4161
4199
4169
4166
4216
4163
4179
4164
4171
4163
4162
4214
4177
4175
4201
4166
4162
4212
4224
4170
4166
4203
4155
4167
4161
4182
4171
4173
4209
4168
4180
4207
4176
4169
4174
4202
4161
4181
4205
4180
4162
4162
4175
4162
4176
4320
4183
4239
4167
4281
4202
4176
4222
4175
4181
4191
4168
4163
4178
4167
4167
4164
4174
4177
4166
4184
4191
4164
4170
4170
4177
4174
4186
4168
4164
4178
4163
4171
4164
4175
4164
4164
4188
4164
4176
4170
4181
4175
4166
4180
4160
4165
4170
4170
4178
4160
4181
4167
4164
4171
4176
4178
4166
4170
4173
4199
4201
4178
4192
4174
4195
4166
4167
4193
4170
4183
4169
4191
4179
4193
4198
4168
4177
4164
4158
4164
4164
4219
4163
4164
4204
4179
4161
4166
4229
4169
4160
4203
4167
4170
4161
4187
4168
4164
4219
4164
4166
4206
4396
4193
4162
4410
4201
5108
4255
4171
4160
4206
4172
4161
4180
4181
4176
4162
4185
4175
4164
4179
4183
4169
4175
4187
4175
4167
4187
4167
4175
4174
4185
4178
4165
4182
4292
4160
4173
4162
4175
4164
4175
4187
4166
4187
4169
4173
4168
4175
4179
4162
4181
4170
4161
4165
4177
4171
4166
4184
4171
4164
4172
4185
4174
4166
4174
4171
4166
4172
4164
4180
4163
4219
4177
4170
4222
4177
4160
4162
4212
4162
4163
4217
4164
4164
4176
4164
4162
4166
4206
4161
4168
4198
4171
4170
4167
4210
4166
4164
4202
4164
4164
4168
4314
4186
4158
4289
4219
4164
5093
4177
4164
4167
4174
4166
4165
4187
4169
4164
4162
4177
4169
4161
4181
4162
4163
4167
4167
4162
4177
4176
4159
4175
4184
4176
4177
4167
4181
4193
4177
4189
4178
4164
4200
4192
4163
4180
4185
4163
4173
4166
4177
4163
4167
4178
4163
4174
4184
4177
4166
4168
4180
4169
4233
4213
4178
4169
4185
4179
4172
4174
4180
4177
4164
4166
4181
4160
4172
4195
4164
4176
4180
4176
4161
4164
4177
4174
4177
4204
4178
4167
4204
4167
4166
4172
4210
4174
4167
4203
4164
4161
4181
4162
4173
4166
4299
4241
4166
4193
4275
5048
4196
4208
4166
4161
4185
4160
4160
4185
4162
4169
4158
4183
4166
4174
4187
4172
4170
4185
4171
4170
4162
4192
4162
4167
4192
4162
4168
4163
4194
4333
4162
4181
4157
4166
4165
4178
4173
4172
4204
4167
4158
4202
4185
4163
4174
4220
4162
4174
4203
4178
4163
4177
4171
4159
4179
4236
4187
4163
4206
4164
4162
4179
4202
4183
4167
4201
4171
4174
4200
4168
4165
4159
4190
4164
4166
4181
4170
4157
4170
4192
4164
4180
4189
4163
4166
4168
4166
4169
4168
4191
4158
4158
4223
4161
4180
4160
