4517
4550
4531
4525
4556
4527
4517
4558
4522
4513
4557
4518
4528
4548
4519
4508
4554
4513
4525
4509
4516
4520
4508
4554
4525
4523
4546
4521
4514
4550
4523
4509
4566
4514
4519
4526
4522
4520
4510
4548
4517
4524
4548
4527
4509
4556
4507
4520
4552
4507
4514
4549
4513
4512
4508
4511
4521
4511
4514
4509
4508
4549
4515
4519
4526
4524
4509
4534
4515
4521
4627
4631
4672
4536
4520
4523
4521
4511
4527
4507
4545
4517
4508
4529
4507
4517
4525
4525
4505
4536
4515
4520
4506
4517
4515
4508
4532
4511
4520
4524
4519
4506
4534
4528
4522
4524
4514
4524
4522
4528
4509
4530
4508
4521
4507
4510
4509
4509
4539
4518
4525
4514
4529
4508
4525
4519
5143
4523
4521
4523
4524
4529
4511
4534
4513
4522
4515
4529
4514
4508
4534
4511
4520
4520
4744
4508
4517
4514
4508
4519
4516
4509
4508
4514
4511
4507
4515
4510
4512
4517
4512
4507
4514
4514
4507
4620
4636
4634
4633
4667
4543
4515
4505
4519
4516
4528
4515
4523
4540
4514
4615
4556
5057
4547
4508
4512
4523
4519
4506
4703
4631
4515
4528
4666
4519
4527
4535
4510
4536
4521
4510
4524
4511
4521
4507
4532
4511
4508
4525
4507
4515
4533
4509
4513
4539
4508
4509
4515
4514
4508
4510
4525
4506
4505
4531
4513
4513
4545
4509
4515
4526
4503
4509
4514
4515
4513
4514
4529
4511
4516
4528
4506
4510
4529
4516
4635
4529
4512
4506
4525
4515
4510
4506
4524
4508
4509
4524
4506
4510
4535
4508
4511
4529
4522
4512
4529
4511
4507
4514
4507
4508
4526
4531
4512
4511
4532
4552
4513
4528
4505
4507
4528
4509
4509
4653
4536
4510
4505
4688
4838
4508
4708
4515
4647
4521
4509
4510
4520
4519
4513
4522
4510
4513
4561
4534
4527
4536
4534
4509
4525
4517
4514
4508
4544
4520
4506
4550
4507
4514
4548
4528
4511
4556
4523
4514
4511
4510
4511
4511
4559
4507
4508
4555
4516
4508
4531
4517
4514
4535
4517
5052
4531
4524
4516
4529
4521
4519
4508
4539
4512
4508
4535
4510
4510
4527
4521
4514
4530
4517
4510
4534
4512
4507
4515
4512
4502
4511
4532
4532
4510
4529
4559
4508
4535
4513
4505
4532
4513
4506
4666
4641
4514
4507
4564
4835
4513
4594
4509
4519
4583
4506
4510
4554
4525
4513
4555
4554
4511
4559
4525
4512
4514
4511
4507
4508
4533
4505
4528
4531
4575
4549
4556
4510
4505
4567
4514
4515
4532
4515
4527
4549
4528
4509
4592
4525
4523
4513
4518
4510
4510
4517
4510
4515
4513
4518
4514
4525
4505
4527
4513
4508
4525
4545
4545
4511
4529
4527
4510
4507
4511
4509
4550
4552
4511
4520
4529
4527
4505
4539
4528
4520
4526
4538
4522
4530
4542
4510
4517
4532
4521
4508
4553
4508
4516
4538
4527
4520
4534
4536
4511
4534
4527
4661
4562
4628
4568
4507
4584
4511
4518
4558
4517
4521
4518
4545
4516
4527
4526
4518
4518
4530
4519
4510
4511
4512
4535
4537
4520
4517
4532
4508
4522
4517
4521
4513
4520
4537
4507
4530
4522
4519
4522
4539
4512
4523
4559
4509
4520
4528
4536
4513
4549
4529
4512
4541
4526
4523
4508
4532
4520
4521
4544
4522
4510
4525
4522
4509
4539
4525
4521
4522
4536
4514
4527
4523
4512
4517
4525
4518
4532
4549
4510
4520
4525
4526
4534
4508
4534
4510
4521
4526
4534
4507
4536
4510
4508
4554
4818
4538
4576
4511
4585
4640
4558
4516
4522
4504
4702
4511
4503
4553
4516
4520
4556
4520
4518
4566
4517
4527
4557
4509
4528
4523
4524
4516
4521
4533
4555
4513
4548
4516
4561
4538
4509
4537
4534
4525
4519
4542
4511
4531
4510
4510
4512
4509
4540
4519
4523
4527
4531
4516
4538
4515
4517
4546
4515
4523
4507
4524
4511
4532
4546
4505
4532
4549
4522
4506
4556
4512
4521
4707
4630
4512
4553
4545
4512
4521
4539
4522
4509
4568
4511
4529
4556
4508
4516
4555
4522
4509
4543
4511
4528
4549
4521
4512
4516
4523
4513
4535
4560
4526
4519
4697
4514
4521
4520
4510
4523
4553
4520
4510
4558
4507
4525
4507
4522
4516
4508
4569
4512
4529
4533
4540
4516
4542
4513
4518
4535
4515
4523
4530
4526
4508
4520
4515
4520
4518
4530
4513
4510
4542
4516
4526
4533
4526
4512
4551
4512
4510
4534
4515
4529
4510
4543
4512
4523
4529
4511
4525
4540
4521
4512
4551
4508
4524
4555
4543
4606
4521
4604
4526
4543
5131
4524
4528
4550
4517
4537
4532
4526
4523
4533
4527
4511
4543
4506
4522
4527
4531
4518
4523
4525
4513
4533
4536
4520
4511
4689
4646
4507
4666
4508
4519
4567
4634
4913
4572
4524
4533
4551
4508
4504
4549
4509
4504
4520
4532
4540
4513
4540
4517
4512
4542
4513
4514
4539
4511
4510
4544
4529
4534
4535
4531
4533
4512
4564
4510
4515
4551
4522
4507
4563
4513
4527
4543
4518
4532
4532
4538
4512
4522
4505
4511
5040
4524
4536
4509
4549
4510
4517
4541
4519
4502
4549
4512
4504
4583
4513
4526
4541
4520
4517
4517
4513
4523
4509
4548
4536
4507
4549
4513
4513
4547
4517
4506
4546
4526
4514
4537
4529
4527
4510
4926
4546
4526
4637
4576
4890
4541
4512
4510
4547
4525
4534
4531
4532
4522
4540
4522
4518
4525
4519
4525
4512
4551
4521
4522
4539
4519
4510
4539
4524
4508
4549
4513
4631
4521
4526
4510
4510
4529
4523
4521
4537
4534
4508
4547
4508
4518
4532
4511
4533
4532
4526
4511
4525
4520
4521
4513
4548
4528
4507
4546
4514
4534
4539
4521
4514
4531
4516
4519
4533
4515
4524
4515
4550
4512
4533
4537
4521
4520
4528
4527
4508
4538
4525
4521
4546
4517
4512
4516
4542
4513
4527
4531
4525
4511
4592
4514
4518
4544
4516
4528
4564
4540
4512
4548
4517
4509
4509
4540
4513
4509
4552
4516
4509
4558
4513
4510
4556
4516
4512
4551
4517
4512
4512
4512
4508
4512
4558
4508
4530
4560
4520
4511
4549
4503
4520
4545
4507
4513
4509
4512
4531
4513
4551
4515
4512
4550
4506
4513
4548
4508
4520
4574
4507
4524
4545
4521
4510
4509
4552
4517
4510
4550
4505
4507
4600
4514
4509
4550
4515
4507
4556
4519
4518
4515
4528
4506
4518
4558
4509
4510
4548
4531
4510
4561
4527
4523
4554
4531
4509
4552
4802
4529
4516
4649
5047
4516
4545
4506
4523
4540
4527
4511
4541
4517
4509
4530
4513
4510
4511
4517
4510
4516
4526
4509
4517
4539
4511
4514
4531
4510
4514
4553
4509
4513
4550
4523
4506
4559
4518
4527
4512
4512
4509
4510
4555
4502
4520
4533
4522
4507
4542
4523
4567
4537
4519
4512
4532
4533
4503
4508
4528
4510
4511
4527
4528
4510
4527
4506
4513
4561
4529
4518
4538
4570
4511
4521
4527
4546
4509
4564
4522
4521
4550
4517
4512
4548
4523
4510
4558
4513
4535
4553
4512
4511
4507
4675
4539
4518
4691
4526
4511
4566
4514
4532
4535
4511
4515
4543
4520
4505
4539
4517
4529
4508
4520
4535
4511
4564
4519
4511
4557
4511
4507
4559
4520
4512
4548
4516
4523
4553
4516
4518
4513
4555
4520
4508
4554
4524
4521
4555
4510
4532
4551
4527
4510
4549
4524
4510
4518
4537
4520
4561
4590
4512
4520
4555
4510
4525
4549
4525
4510
4553
4513
4522
4507
4614
4513
4534
4556
4511
4521
4558
4513
4522
4556
4519
4512
4544
4515
4515
4561
4513
4515
4523
4511
4517
4510
4554
4516
4510
4924
4526
4525
4579
4510
5527
5015
4520
4526
4546
4521
4507
4514
4537
4504
4526
4528
4529
4513
4602
4520
4512
4549
4511
4522
4532
4523
4506
4527
4507
4521
4515
4526
4553
4508
4526
4505
4518
4556
4514
4519
4551
4510
4515
4549
4513
4516
4547
4511
4511
4543
4511
4512
4506
4509
4509
4505
4569
4510
4529
4555
4511
4514
4549
4512
4509
4544
4505
4508
4536
4571
4508
4505
4531
4508
4526
4532
4525
4520
4544
4517
4528
4526
4512
