4864
4971
5335
4898
4877
4858
4891
4866
4860
4868
4867
4869
4880
4868
4855
4870
4882
4867
4871
4873
4857
4907
4866
4867
4871
4880
4865
4887
4866
4860
4877
4887
4927
4892
4874
4864
4885
4884
4858
4853
4945
4861
4858
4893
4854
4860
4899
4856
4853
4897
4858
4860
4882
4850
4852
4888
4859
4854
4873
4851
4858
4878
4856
4852
4875
4856
4859
4877
4851
4853
4876
4855
4868
4872
4853
4868
4985
4914
4866
5653
4876
4857
4863
4854
4858
4886
4869
4901
4856
4887
4871
4866
4885
4907
4855
4882
4877
4876
4871
4887
4863
4886
4881
4867
4880
4885
4855
4879
4888
4861
4893
4885
4878
4870
4887
4866
4895
4873
4866
4880
4901
4854
4890
4873
4870
4881
4907
4859
4930
4901
4867
4878
4916
4857
4889
4895
4854
4885
4891
4857
4887
4907
4859
4887
4897
4945
4857
4889
4856
4864
4883
4863
4852
4882
4863
4876
4876
4870
4856
4882
4867
4863
4876
4857
4873
5183
4958
4866
4896
4897
4880
4882
4875
4852
4878
4852
4856
4883
4858
4851
4971
5016
4862
4912
4865
4881
4915
4869
4855
4901
4865
4867
4874
4860
4858
4892
4856
4872
4871
4866
4864
4886
4859
4859
4856
4916
4895
4877
4851
4879
4881
4860
4884
4868
4868
4885
4885
4858
4882
4872
4881
4885
4883
4849
4881
4882
4872
4876
4880
4864
4896
4873
4867
4873
4882
4864
4876
4873
4864
4877
4884
4864
4992
5033
4851
4895
5069
4934
5373
4856
4852
4874
4878
4860
4871
4877
4872
4897
4852
4855
4867
4852
4864
4875
4856
4857
4875
4865
4929
4880
4851
4855
4887
4856
4855
4870
4854
4861
4892
4854
4871
4886
4863
4852
4889
4863
4868
4879
4854
4853
4891
4856
4854
4875
5364
4857
4881
4865
4853
4880
4855
4858
4899
4854
4862
4889
4861
4850
4873
4859
4857
4856
4856
4850
4854
4861
4853
4866
4856
4854
4869
4854
4857
4863
4900
4866
4857
4855
4887
4863
4883
5008
5004
4854
4907
4908
4877
4916
4902
4855
4881
4887
4857
4877
4878
4855
4884
4884
4853
4876
4877
4856
4883
4873
4861
4877
4858
4875
4876
4862
4854
4883
4869
4879
4878
4866
4854
4891
4854
4868
4875
4867
4870
4885
4860
4868
4878
4875
4860
4888
4856
4870
4887
4863
4991
4889
4854
4859
4858
4862
4872
4856
4876
4854
4874
4858
4868
4867
4875
4853
4865
4860
4876
4855
4871
4848
4873
4863
4968
5486
5006
4896
4881
4878
4879
4885
4866
4886
4863
4876
4893
4866
4860
4884
4858
4871
4886
4868
4853
4880
4870
4859
4879
4864
4854
4892
4872
4884
4894
4864
4870
4878
4875
4855
4884
4866
4864
4882
4872
4857
4895
4862
4862
4876
4868
4868
5512
4873
4860
4871
4860
4869
4871
4870
4897
4897
4860
4871
4878
4872
4848
4899
4858
4868
4898
4864
4852
4915
4856
4863
4894
4869
4856
4919
4860
4867
4900
4867
4856
4885
4998
4855
4899
4972
4861
5013
4915
4874
4897
4868
4903
4889
4861
4894
4894
4858
4905
4870
4868
4906
4882
4859
4907
4872
4876
4901
4884
4873
4913
4883
4866
4901
4869
4867
4905
4874
4858
4889
4869
4876
4880
4883
4850
4898
4878
4875
4881
4911
4856
4870
4864
4855
4853
4865
4863
4855
4859
4851
4863
4872
4862
4907
4858
4893
4867
4868
4862
4852
4865
4865
4862
4869
4856
4857
4875
4861
4855
4853
4862
4856
4861
4860
4862
4859
4866
4860
4862
4864
4855
4865
4891
4950
5321
4901
4867
4855
4883
4858
4858
4887
4867
4871
4879
4855
4939
4878
4886
4860
4858
4854
4861
4866
4871
4879
4871
4857
4931
4858
4865
4895
4861
4868
4902
4861
4857
4899
4881
4856
4900
4854
4865
4917
4855
4855
4895
4860
4862
4899
4862
4856
4895
4867
4857
4897
4867
4858
4906
4852
4859
5038
4864
4871
4897
4900
5398
4891
4869
4855
4912
4858
4867
4903
4870
4863
4905
4856
4864
4902
4866
4865
4894
4869
4860
4911
4860
4869
4894
4869
4863
4950
4860
4862
4899
4873
4856
4903
4855
4862
4903
4866
4858
4909
4857
4859
4894
4860
4865
4894
4872
4853
4886
4861
4860
4878
4854
4860
4885
4854
4859
4872
4858
4860
4875
4856
4849
4878
4859
4850
4875
4860
4851
4876
4855
4856
4890
4861
4853
4878
4862
4864
4879
4863
4851
4878
4864
4856
4880
4854
4920
5069
4943
4867
4888
5489
4881
4890
4852
4906
4860
4864
4901
4861
4863
4902
4857
4865
4896
4856
4861
4879
4872
4854
4887
4866
4872
4878
4869
4856
4893
4905
4869
4882
4869
4865
4890
4868
4866
4879
4876
4856
4878
4859
4933
4887
4860
4863
4878
4863
5023
5250
4859
4895
4867
4866
4887
4868
4856
5010
4962
4879
5012
4901
4854
4952
4862
4877
4909
4866
4856
4906
4859
4864
4885
4866
4859
4907
4860
4865
4888
4864
4857
4888
4848
4866
4900
4856
4867
4889
4866
4866
4902
4861
4864
4889
4883
4858
4892
4849
4865
4888
4876
4852
4907
4850
4859
4855
4855
4859
4874
4875
4894
4883
4848
4928
4905
4867
4910
4881
4860
4899
4868
4873
4874
4977
4864
4890
4874
4868
4876
4892
4860
4889
4869
4872
4884
4873
4857
4873
4875
4862
4890
4880
4862
4879
4894
4854
4890
5020
4886
4893
4931
4852
4901
4869
4878
4878
4867
4852
4892
4895
4865
4897
4862
4852
4906
4855
4860
4892
4855
4866
4895
4863
4857
4898
4877
4870
4890
4865
4922
4892
4853
4865
4878
4870
4861
4890
4861
4867
4876
4873
4855
4893
4849
4859
4898
4860
4864
4878
4870
4861
4896
4862
4863
4877
4876
4853
4893
4850
4870
4885
4866
4859
4979
4857
4862
4876
4859
4854
4875
4859
4857
4893
4859
4865
4902
4862
4851
4889
4851
4864
4873
4871
4866
4882
4850
4872
5027
4898
4855
5041
4860
4866
4875
4863
4852
4866
4866
4865
4871
4851
4874
4859
4866
4853
4877
4856
4869
4857
4864
4853
4879
4863
4868
4851
4858
4863
4859
4856
4858
4870
4852
4859
4865
4882
4853
4871
4852
4866
4862
4867
4849
4861
4853
4862
4853
4874
4864
4865
4854
4901
4868
4871
4852
4869
4861
4858
4875
4854
4868
4860
4857
4875
4884
4857
4911
4873
4873
4894
4890
4860
4911
4883
4872
4894
4882
4862
4910
4871
4873
4898
4873
4878
4896
4889
4858
4912
5064
4883
4910
4918
4857
4901
4863
4878
4911
4874
4853
4904
4856
4870
4893
4869
4860
4912
4859
4870
4890
4867
4864
4901
4861
4856
4903
4872
4867
4892
4865
4925
4910
4858
4869
4889
4869
4863
4900
4860
4876
4888
4871
4855
4901
4861
4867
4894
4857
4857
4919
4855
4857
4908
4854
4899
4863
4868
4861
4883
4860
4866
4878
4866
4862
4916
4862
4869
4878
4864
4985
4884
4868
4893
4876
4858
4861
4892
4856
4856
4890
4855
4868
4883
4871
4866
4865
4859
4867
5157
4884
4883
5008
5724
4900
4893
4880
4877
4871
4864
4881
4858
4867
4873
4880
4856
4885
4866
4866
4896
4870
4857
4876
4863
4863
4875
4857
4870
4875
4879
4886
4891
4857
4870
4884
4871
4859
4881
4858
4874
4877
4866
4853
4885
4863
4862
4878
4868
4855
4892
4860
5406
4907
4871
4862
4876
4866
4854
4892
4861
4862
4887
4870
4854
4881
4862
4876
4881
4855
4849
4879
4861
4868
4864
4852
4858
4878
4855
4863
4886
4858
4860
4862
4853
4856
4854
4865
4855
4953
4962
4878
4991
4855
4886
4868
4866
4897
4879
4853
4883
4862
4929
4873
4874
4858
4880
4869
4864
4888
4865
4855
4883
4857
4857
4875
4856
4874
4871
4872
4976
4876
4862
4855
4873
4850
4862
4894
4853
4858
4872
4855
4867
4876
4855
4850
4876
4862
4854
4879
4851
4855
4963
4853
4859
4881
4856
4865
4872
4855
4861
4871
4852
4855
4900
4951
4869
4874
4871
4855
4882
4850
4875
4871
4852
4862
4865
4851
4853
4871
4861
4868
4868
4865
4855
4895
4856
4870
4994
4968
4956
5008
4864
5406
4878
4857
4864
4859
4857
4867
4853
4854
