5206
5326
5894
6394
5238
5211
5216
5204
5213
5209
5229
5238
5211
5224
5219
5216
5212
5219
5226
5215
5218
5220
5211
5200
5211
5197
5204
5203
5210
5203
5203
5199
5197
5201
5237
5216
5297
5225
5194
5264
5197
5211
5236
5215
5196
5251
5209
5213
5261
5209
5246
5217
5206
5251
5209
5223
5229
5213
5213
5231
5231
5212
5230
5224
5232
5212
5226
5229
5203
5232
5533
5291
5228
5264
5267
5200
5222
5232
5239
5208
5239
5201
5217
5202
5223
5218
5221
5222
5236
5210
5224
5223
5227
5197
5230
5215
5216
5201
5220
5216
5232
5210
5226
5225
5202
5200
5230
5205
5207
5232
5251
5223
5210
5223
5203
5229
5203
5228
5207
5276
5221
5230
5204
5235
5202
5223
5214
5222
5206
5219
5197
5227
5208
5213
5215
5224
5273
5231
5199
5205
5205
5207
5219
5206
5206
5205
5220
5200
5218
5204
5207
5202
5210
5248
5293
5302
5253
5232
5227
5220
5209
5210
5214
5212
5213
5203
5210
5239
5208
5214
5213
5199
5221
5202
5194
5224
5204
5216
5196
5210
5343
5591
5222
5229
5249
5228
5254
5204
5216
5252
5212
5499
5237
5197
5255
5383
5221
5216
5209
5204
5226
5198
5216
5224
5201
5221
5216
5209
5239
5210
5197
5241
5205
5209
5243
5222
5200
5246
5202
5218
5211
5208
5241
5209
5198
5240
5194
5204
5244
5200
5201
5248
5221
5201
5254
5203
5247
5205
5214
5245
5209
5263
5256
5203
5209
5249
5214
5203
5255
5212
5248
5203
5217
5239
5216
5202
5253
5202
5212
5251
5221
5212
5249
5208
5214
5213
5219
5251
5211
5240
5250
5209
5212
5255
5215
5201
5366
5210
5202
5395
5254
5252
5211
5217
5230
5218
5201
5251
5206
5217
5242
5222
5233
5245
5195
5234
5214
5214
5227
5211
5202
5244
5199
5203
5235
5203
5220
5220
5211
5217
5236
5205
5232
5209
5213
5242
5216
5202
5253
5205
5208
5221
5205
5228
5220
5324
5206
5204
5204
5200
5200
5198
5222
5196
5217
5213
5211
5214
5218
5207
5212
5216
5216
5218
5223
5208
5223
5206
5217
5224
5210
5202
5220
5204
5212
5210
5210
5206
5215
5199
5348
5252
5207
5273
5225
5221
5219
5207
5229
5206
5200
5217
5211
5213
5237
5208
5215
5239
5207
5225
5215
5214
5230
5216
5212
5232
5209
5212
5227
5213
5202
5233
5204
5216
5210
5211
5228
5217
5204
5239
5209
5229
5218
5227
5200
5241
5204
5198
5374
5579
5324
5236
5333
5760
5224
5201
5219
5204
5213
5222
5211
5206
5206
5201
5221
5216
5209
5210
5227
5204
5222
5200
5209
5240
5209
5204
5224
5205
5212
5214
5203
5211
5219
5194
5213
5213
5210
5225
5248
5197
5260
5229
5219
5234
5213
5224
5232
5209
5253
5233
5208
5234
5219
5208
5235
5212
5259
5226
5215
5227
5227
5210
5225
5223
5214
5240
5214
5207
5216
5205
5222
5222
5199
5217
5216
5209
5214
5229
5200
5237
5195
5205
5234
5329
5233
5371
5877
5255
5216
5217
5282
5219
5205
5237
5200
5251
5219
5215
5232
5217
5200
5221
5215
5201
5245
5206
5213
5218
5211
5229
5222
5205
5239
5219
5225
5224
5238
5204
5255
5202
5225
5221
5226
5224
5243
5203
5255
5218
5222
5222
5242
5203
5261
5203
5225
5222
5210
5231
5238
5200
5221
5215
5205
5231
5217
5208
5239
5214
5197
5265
5206
5238
5215
5235
5222
5236
5199
5239
5216
5234
5227
5219
5204
5260
5211
5245
5218
5345
5239
5394
5213
5257
5241
5214
5239
5198
5196
5229
5202
5210
5222
5207
5201
5223
5207
5209
5222
5220
5219
5220
5204
5243
5209
5219
5223
5224
5201
5258
5207
5224
5241
5224
5230
5220
5205
5259
5201
5216
5533
5222
5204
5302
5513
5220
5730
5202
5250
5216
5212
5254
5211
5217
5254
5218
5217
5257
5210
5251
5217
5225
5257
5216
5216
5256
5218
5205
5281
5202
5214
5254
5199
5215
5212
5200
5237
5213
5198
5248
5207
5213
5260
5225
5213
5257
5210
5248
5212
5212
5253
5221
5213
5246
5216
5221
5251
5209
5208
5261
5205
5215
5197
5217
5237
5227
5201
5242
5206
5224
5242
5212
5200
5255
5206
5208
5196
5195
5241
5212
5219
5246
5224
5213
5410
5311
5215
5375
5230
5514
5234
5196
5241
5207
5213
5205
5226
5198
5232
5199
5218
5225
5216
5227
5218
5215
5234
5215
5203
5229
5204
5219
5249
5217
5202
5225
5198
5250
5215
5206
5243
5224
5199
5248
5205
5218
5211
5225
5203
5217
5201
5229
5201
5255
5212
5209
5199
5218
5194
5211
5211
5217
5199
5218
5195
5245
5210
5203
5249
5221
5209
5263
5208
5201
5269
5207
5221
5219
5209
5236
5317
5335
5242
5209
5213
5236
5213
5201
5226
5200
5209
5219
5211
5217
5211
5239
5218
5217
5210
5217
5199
5208
5234
5206
5197
5224
5228
5241
5217
5208
5232
5211
5201
5252
5208
5253
5268
5226
5206
5244
5203
5238
5219
5222
5222
5215
5197
5254
5294
5222
5237
5218
5204
5224
5203
5237
5214
5197
5235
5212
5212
5246
5208
5202
5239
5202
5216
5203
5222
5217
5515
5219
5247
5221
5226
5534
5218
5201
5208
5205
5241
5203
5221
5217
5220
5204
5246
5200
5224
5230
5216
5201
5229
5201
5228
5210
5213
5222
5209
5224
5224
5208
5207
5232
5199
5204
5229
5204
5206
5215
5198
5237
5198
5215
5216
5218
5200
5231
5198
5220
5225
5211
5203
5214
5201
5223
5197
5213
5219
5208
5196
5226
5197
5206
5214
5209
5201
5212
5230
5225
5212
5211
5227
5197
5214
5215
5218
5199
5234
5200
5220
5217
5218
5217
5513
5234
5249
5250
5219
5239
5221
5206
5243
5197
5223
5218
5274
5225
5239
5200
5246
5205
5214
5244
5204
5202
5252
5211
5203
5217
5203
5227
5223
5237
5227
5213
5202
5247
5207
5220
5236
5226
5204
5221
5206
5243
5215
5225
5222
5219
5204
5254
5203
5756
5259
5209
5237
5221
5204
5224
5220
5211
5236
5212
5203
5228
5267
5204
5236
5204
5245
5214
5217
5236
5219
5201
5219
5203
5205
5213
5197
5200
5210
5202
5211
5198
5192
5221
5451
5216
5281
5205
5211
5261
5209
5203
5235
5198
5217
5224
5195
5228
5208
5214
5246
5212
5212
5230
5211
5209
5212
5200
5231
5208
5203
5245
5206
5239
5262
5199
5204
5256
5196
5201
5214
5199
5243
5204
5199
5229
5218
5196
5226
5213
5202
5236
5204
5209
5232
5212
5226
5212
5204
5229
5210
5206
5253
5214
5218
5256
5344
5211
5258
5206
5242
5227
5198
5244
5205
5205
5245
5208
5204
5238
5196
5205
5218
5205
5206
5198
5217
5217
5347
5301
5418
5203
5209
5304
5196
5217
5197
5207
5234
5230
5207
5229
5216
5218
5251
5211
5212
5246
5210
5209
5217
5212
5225
5209
5207
5232
5206
5235
5233
5214
5201
5230
5206
5211
5222
5211
5225
5202
5201
5228
5200
5211
5221
5220
5204
5236
5202
5749
5221
5203
5237
5223
5211
5220
5219
5200
5235
5203
5211
5230
5241
5219
5218
5209
5230
5214
5215
5235
5210
5212
5230
5209
5212
5232
5210
5208
5209
5204
5223
5202
5204
5216
5347
5215
5326
5254
5201
5729
5203
5242
5215
5217
5234
5218
5204
5238
5199
5210
5253
5206
5202
5249
5197
5239
5201
5199
5255
5212
5209
5249
5212
5202
5305
5203
5208
5256
5211
5208
5223
5204
5260
5212
5221
5243
5227
5200
5256
5205
5224
5247
5213
5198
5236
5199
5255
5203
5216
5238
5214
5197
5257
5208
5218
5255
5214
5213
5201
5212
5260
5224
5211
5260
5211
5207
5256
5207
5218
5260
5212
5202
5219
5202
5233
5216
5200
5224
5312
5210
5347
5255
5219
5309
5201
5269
5235
5214
5243
5239
5199
5261
5196
5206
5258
5209
5199
5258
5199
5237
5228
5202
5251
5216
5211
5240
5211
5206
5265
5205
5213
5211
5210
5206
5234
5197
5245
5204
5198
5221
5207
5202
5224
5205
5201
5218
5201
5231
5214
5201
5224
5211
5208
5229
5200
5215
5227
5212
5202
5234
5201
5217
5205
5208
5220
5214
5200
