5559
5656
5607
5560
5618
5580
5556
5555
5575
5564
5572
5555
5550
5575
5559
5563
5558
5558
5563
5562
5554
5575
5563
5562
5561
5543
5616
5550
5556
5593
5560
5588
5548
5565
5588
5563
5556
5601
5552
5583
5565
5552
5597
5551
5563
5588
5575
5593
5556
5551
5600
5543
5559
5554
5552
6082
5553
5568
6140
5596
5558
5560
5554
5565
5567
5552
5558
5565
5575
5554
5557
5581
5565
5562
5562
5547
5574
5567
5542
5587
5549
5579
5548
5570
5568
5556
5556
5576
5561
5569
5565
5551
5574
5554
5560
5563
5558
5570
5546
5543
5570
5598
5557
5560
5552
5573
5548
5567
5573
5563
5575
5542
5565
5569
5570
5552
5584
5621
5572
5560
5561
5571
5550
5566
5569
5557
5578
5559
5556
5577
5552
5562
5566
5565
5883
5580
5643
5565
5583
5594
5567
5553
5596
5549
5547
5606
5551
5586
5555
5563
5575
5562
5556
5565
5558
5581
5558
5553
5570
5551
5556
5543
5562
5554
5570
5551
5573
5543
5543
5565
5546
5577
5541
5592
5779
5558
5574
5550
5566
5564
5620
6094
5584
5548
5560
5566
5541
5556
5573
5560
5565
5554
5544
5558
5562
5548
5568
5543
5577
5556
5542
5567
5542
5558
5564
5564
5570
5544
5548
5562
5567
5548
5575
5553
5719
5554
5549
5765
5563
5655
5551
5573
5582
5558
5562
5579
5562
5572
5567
5559
5571
5543
5587
5557
5570
5574
5573
5555
5545
5566
5594
5571
5556
5607
5549
5561
5566
5557
5599
5563
5568
5592
5556
5598
5562
5552
5597
5556
5559
5586
5557
5696
5557
5562
5601
5558
5543
5609
5550
5598
5553
5565
5594
5553
5566
5589
5567
5589
5572
5548
5596
5566
5565
5584
5559
5600
5549
5602
5602
5561
5553
5555
5554
5747
5564
5553
5790
5560
5761
5592
5557
5587
5539
5545
5558
5558
5555
5589
5551
5575
5553
5546
5577
5548
5573
5558
5539
5595
5557
5572
5574
5555
5570
5543
5573
5569
5570
5558
5584
5560
5550
5567
5554
5600
5545
5575
5702
5545
5622
6054
5545
5573
5548
5575
5548
5554
5573
5542
5567
5557
5556
5555
5555
5556
5570
5555
5556
5571
5548
5569
5546
5543
5575
5548
5563
5561
5562
5557
5547
5543
5574
5550
5699
5698
5547
5691
5577
5667
5588
5546
5556
5591
5549
5583
5546
5565
5564
5553
5579
5555
5555
5571
5554
5560
5562
5556
5556
5560
5547
5583
5546
5555
5575
5546
5583
5547
5553
5556
6035
5607
5597
5591
5552
5615
5552
5555
5595
5564
5594
5553
5550
5596
5558
5602
5562
5543
5621
5550
5566
5594
5541
5600
5550
5566
5577
5572
5551
5598
5550
5576
5562
5563
5582
5553
5561
5574
5561
5574
5565
5554
5619
5545
5560
5550
5552
5579
5558
5556
5567
5558
5546
5574
5551
5584
5552
5565
5574
5545
5564
5550
5567
5565
5573
5555
5580
5548
5557
5561
5553
5586
5551
5557
5575
5687
5603
5639
5556
5600
5581
5562
5591
5557
5676
5550
5569
5561
5567
5545
5582
5549
5566
5578
5548
5583
5553
5556
5554
5560
5574
5567
5552
5578
5546
5592
5560
5560
5577
5559
5561
5570
5573
5565
5567
5556
5576
5563
5546
5593
5549
5586
5553
5569
5569
5564
5559
5573
5554
5567
5573
5550
5579
5556
5560
5582
5567
5576
5562
5547
5585
5559
5553
5562
5562
5574
5551
5565
5563
5568
5548
5565
5550
5568
5578
5645
5655
5790
5597
5950
5557
5594
5559
5559
5567
5546
5578
5568
5543
5580
5559
5557
5566
5648
5649
5587
5557
5563
5557
5557
5922
5560
5622
5623
6211
5561
5586
5547
5560
5648
5564
5552
5548
5563
5559
5560
5580
5558
5574
5549
5553
5576
5588
5556
5555
5554
5570
5592
5558
5565
5554
5708
5547
5568
5566
5561
5547
5585
5584
5569
5564
5548
5584
5550
5567
5576
5559
5578
5560
5555
5573
5547
5553
5548
5560
5571
5555
5556
5567
5564
5543
5586
5544
5594
5545
5547
5600
5546
5610
5543
5562
5599
5556
5551
5586
5574
5583
5554
5552
5893
5562
5558
5701
5742
5599
5586
5568
5595
5556
5585
5555
5546
5587
5551
5553
5588
5550
5590
5552
5549
5588
5544
5555
5546
5542
5595
5591
5548
5593
5545
5591
5549
5555
5590
5554
5547
5585
5546
5656
5555
5543
5567
5547
5540
5556
5643
5601
5550
5884
5576
5550
5851
5560
5546
5567
5550
5554
5557
5546
5559
5553
5564
5557
5560
5548
5566
5546
5556
5551
5552
5567
5545
5551
5544
5554
5567
5581
5555
5853
5549
5584
5578
6472
6014
5546
5579
5549
5548
5586
5545
5552
5587
5554
5591
5554
5563
5576
5552
5544
5570
5549
5566
5559
5545
5575
5598
5546
5566
5552
5580
5775
5575
5605
5552
5574
5559
5554
5583
5547
5560
5569
5569
5568
5698
5560
5689
5569
5549
5576
5545
5590
5553
5560
5606
5547
5601
5552
5557
5596
5554
5553
5600
5551
5592
5548
5550
5595
5549
5555
5600
5557
5645
5582
5606
5593
5548
5565
5581
5546
5574
5570
5562
5573
5564
5548
5583
5562
5563
5576
5546
5593
5556
5554
5574
5556
5566
5575
5553
5591
5544
5552
5546
5606
5576
5557
5555
5565
5562
5588
5565
5543
5596
5561
5549
5614
5547
5600
5552
5548
5595
5555
5555
5891
5586
5585
5720
5602
5619
5564
5559
5579
5578
5572
5569
5548
5589
5562
5556
5578
5544
5579
5547
5553
5565
5556
5566
5547
5568
5561
5570
5549
5569
5558
5562
5564
5557
5571
5562
5551
5575
5559
5568
5566
5547
5571
5546
5569
5555
5579
5578
5544
5568
5568
5572
5550
5575
5549
5566
5549
5555
5578
5543
5589
5569
5557
5584
5562
5554
5585
5558
5565
5563
5570
5569
5555
5552
5584
5567
5555
5591
5555
5723
5560
5580
5747
5586
5588
5599
5571
5601
5557
5555
5589
5556
5581
5555
5563
5600
5559
5575
5573
5565
5578
5556
5543
5603
5546
5585
5565
5555
5614
5543
5565
5585
5571
5571
5586
5546
5590
5558
5562
5601
5549
5574
5566
5561
5591
5565
5552
5588
5548
5573
5567
5560
5589
5562
5564
5570
5558
5563
5582
5551
5598
5556
5564
5554
5542
5605
5551
5561
5594
5544
5585
5547
5560
5586
5550
5549
5608
5550
5590
5711
5570
5680
5909
5574
5557
5557
5572
5556
5541
5588
5545
5577
5551
5554
5567
5565
5569
5563
5578
5568
5666
5557
5590
5552
5557
5573
5558
5571
5563
5554
5571
5559
5549
5577
5552
5579
5549
5560
5567
5561
5562
5563
5568
5561
5567
6085
5597
5561
5555
5572
5547
5604
5546
5558
5596
5561
5597
5564
5560
5602
5547
5570
5600
5556
5599
5557
5556
5588
5567
5550
5611
5552
5607
5555
5545
5603
5546
5568
5717
5578
5590
5648
5554
5928
5547
5598
5570
5561
5595
5562
5564
5594
5566
5585
5576
5547
5607
5558
5542
5612
5550
5602
5550
5574
5594
5557
5555
5603
5556
5566
5571
5549
5600
5559
5562
5558
5560
5595
5563
5546
5609
5555
5572
5573
5544
5582
5545
5571
5571
5565
5568
5563
5544
5567
5550
5547
5582
5542
5568
5600
5546
5579
5553
5562
5570
5545
5573
5553
5554
5569
5555
5552
5568
5546
5565
5560
5548
5714
5557
5546
5611
6525
5936
5551
5551
5561
5548
5574
5556
5555
5567
5559
5556
5567
5548
5588
5546
5549
5582
5550
5573
5550
5556
5566
5552
5577
5568
5558
5568
5567
5547
5579
5556
5553
5578
5562
5571
5558
5540
5577
5558
5555
5563
5567
5595
5550
5565
5593
5566
5585
5576
5550
5559
5553
5558
5591
5547
5578
5569
5546
5587
5547
5564
5583
5556
5560
5560
5553
5578
5554
5545
5576
5554
5558
5573
5549
5752
5560
5547
5649
5555
5607
5547
5563
5594
5557
5598
5547
5561
5589
5555
5545
5595
5556
5599
5562
5568
5594
5551
5554
5597
5556
5582
5555
5541
5628
5549
5559
5565
5548
5564
5541
5580
5562
5563
5542
5579
5545
5567
5543
5544
5571
5549
5561
5551
5559
5566
5557
5560
5566
5550
5553
5547
5558
5599
5553
5564
5568
5558
5588
5564
5545
5609
5546
5555
5586
5546
