5912
5988
7113
6254
5917
5894
5903
5894
5903
5905
5943
5900
5893
5910
5894
5903
5909
5896
5904
5898
5904
5894
5915
5895
5890
5915
5895
5901
5899
5908
5903
5900
6029
5912
5901
6129
5906
5929
5906
5906
5913
5910
5908
5900
5912
5896
5912
5917
5911
5901
5903
5903
5922
5912
5896
5903
5896
5920
5913
5899
5898
5898
5951
5892
5896
5902
5893
5947
5891
5907
5907
5897
5930
5914
5911
5896
5950
5920
5919
5919
5904
5906
5911
5903
5911
5904
5913
5905
5910
5914
5899
5981
5912
5903
5909
5909
5905
5911
5913
5889
5913
5921
5914
5915
5895
5901
5902
6088
5981
5926
5918
5908
5943
5901
5950
5888
5898
5946
5890
5947
5891
5937
5940
5893
5942
5889
5907
5934
5912
5927
5894
5908
5935
5903
5933
5912
5891
5911
5892
5914
5897
5890
5909
5897
5908
5893
5903
5918
5893
5921
5897
5890
5928
5897
5912
5917
5897
5913
5900
5920
5899
5903
5916
5891
5931
5895
5893
5922
5968
5907
5909
5909
5920
5919
5914
5903
5900
5917
5904
5930
6070
5937
5918
5890
5934
5904
5922
5920
5901
5913
5900
6002
5895
5908
5934
5895
5934
5913
5903
5926
5914
5927
5908
5930
5917
5913
5913
5917
5921
5920
5903
5921
5916
5892
5935
5908
5908
5920
5897
5925
5897
6064
6126
5897
6123
5900
5949
5928
5898
5928
5904
5907
5886
5900
5912
5899
5933
5903
5894
5920
5899
5909
5905
5893
5919
5905
5916
5899
5908
5910
5898
5920
5903
5898
5934
5909
5919
5911
5900
5933
5906
5910
5923
5896
5939
6425
5938
5895
5891
5926
5892
5939
5903
5920
5925
5916
5918
5902
5903
5918
5900
5927
5898
5899
5948
5892
5920
5910
5893
5937
5903
5911
5925
5899
5930
5915
6059
5925
5900
6137
5928
5952
5898
5906
5951
5910
5921
5902
5913
5934
5899
5939
5891
5914
5935
5913
5927
5904
5917
5941
5914
5913
5932
5924
5936
5912
5927
5923
5901
5946
5906
5919
5926
5893
5945
5901
5910
5934
5896
5936
5904
5990
5907
5896
5943
5894
5937
5908
5901
5942
5900
5923
5930
5902
5927
5918
5911
5905
6187
5933
5907
5932
5924
5891
5923
5895
5949
5905
5895
5939
5901
6079
5931
5907
6134
5902
5954
5928
5897
5940
5906
5929
5906
5911
5932
5909
5923
5903
5914
5922
5910
5935
5895
5903
5931
5910
5911
5922
5909
5919
5916
5912
5905
5901
5930
5909
5922
5897
6073
5937
5896
5919
5951
5893
5911
5899
5892
5914
5896
5915
5899
5902
5912
5897
5905
5896
5888
5919
5910
5933
5909
5936
5909
5902
5956
5894
5925
5914
5888
5926
5895
5912
5918
5894
5913
5915
5915
5911
5904
5920
5892
5927
5909
5893
5925
5896
5912
5920
5894
5926
5904
5905
5920
5906
5914
6054
5936
6070
5954
5935
5909
5915
5950
5897
5910
5915
5906
5899
5903
5916
5893
5928
5924
5892
5923
5899
5914
5922
5894
5912
5902
5914
5906
5913
5905
5893
5921
5911
5913
5913
5904
5905
5897
5926
5901
5903
5892
5912
5905
5892
5929
5894
5894
5899
5894
5899
5900
5914
5897
5928
5947
5906
5916
5932
5907
5904
5924
5907
5913
5917
5913
5918
5907
5899
5912
5913
5905
5903
5910
5902
6065
5923
5925
5947
6167
5908
5906
5943
5904
5914
5916
5902
5914
5904
5920
5898
5909
5919
5890
5921
5898
5910
5931
5891
5918
5904
5913
5908
5908
5919
5892
5921
5915
5904
5911
5904
5904
5924
5920
5913
5926
5923
5926
5939
5895
5913
5900
5895
5900
5901
5911
5894
5904
5910
5891
5923
5891
5894
5908
5893
5901
5908
5897
5888
5908
5895
5897
5899
5903
5889
5899
5902
5889
5907
5895
5902
5897
5897
5906
5898
5903
5887
5911
5906
5887
6205
5911
5971
5991
5914
5932
5930
5908
5908
5922
5917
5906
5907
5910
5905
5930
5900
5888
5919
5907
5917
5909
5891
5915
5898
5912
5941
5903
5921
5887
5928
5891
5893
5940
5895
5937
5903
5905
6038
5900
5912
5888
5913
5906
5923
5927
5891
5896
5917
5904
5922
5906
5907
5910
5911
5906
5901
5902
5927
5907
5921
5904
5888
5931
5895
5937
5914
5892
5924
5902
5927
5901
5912
5912
5900
6127
6011
5901
5981
5907
5940
5922
5911
5914
5918
5923
5895
5917
5922
5938
5941
5908
5893
5919
5908
5918
5917
5898
5921
5916
5914
5902
5903
5930
5899
5938
5907
5907
5934
5892
5941
5897
5905
5925
5898
5925
5903
5909
5915
5933
5916
5906
5914
5914
5904
5935
5910
5887
5917
5918
5929
5917
5896
5942
5908
5929
5905
5900
5938
5887
5935
5900
5891
5956
5892
5919
5906
5908
5933
5900
5926
6153
5947
5964
5916
5953
5908
5910
5910
5906
6254
5935
5910
6147
5922
5948
5910
5901
5914
5903
5914
5917
5895
5912
5903
5928
5899
5921
5908
5908
5938
5889
5930
5917
5892
5933
5901
5921
5901
5911
5924
5899
5930
5892
5929
5922
5904
5941
5895
5903
5926
5916
5919
5917
6411
5921
5919
5929
5923
5913
5922
5904
5929
5910
5894
5930
5898
5947
5907
5890
5926
5903
5923
5895
5928
5925
5895
5950
5895
5900
5925
5900
5920
5901
5903
6037
6025
5926
6019
5916
5955
5902
5922
5903
5903
5923
5908
5912
5915
5892
5920
5915
5913
5900
5922
5924
5895
5931
5908
5894
5923
5900
5976
6026
5906
5904
5903
5906
5888
5923
5894
5894
5919
5892
5903
5907
5905
5901
5902
5903
5902
5916
5900
5916
5918
5904
5915
5907
5906
5902
5922
5894
6052
5915
5891
5915
5902
5909
5900
5925
5904
5898
5912
5894
5913
5903
5898
5910
5897
5903
6040
6020
5894
5940
6781
5927
5903
5932
5896
5901
5930
5905
5913
5915
5896
5916
5912
5913
5902
5904
5926
5897
5937
5901
5903
5934
5897
5931
5993
5904
5944
5906
5924
5902
5908
5911
5926
5989
5896
5910
5902
5955
5899
5903
5941
5940
5915
5895
5912
5897
5900
5905
5908
5904
5903
5916
5899
6046
5920
5898
5912
5903
5906
5906
5902
5907
5905
5916
5894
5909
5916
5890
5915
5899
5901
6078
5935
5920
5964
5922
5927
5921
5920
5901
5921
5917
5906
5921
5915
5890
5924
5912
5916
5918
5896
5924
5904
5918
5905
5903
5931
5891
5933
6015
5895
5910
5900
5896
5903
5895
5897
5896
5896
5887
5901
5895
5896
5906
5890
6179
5914
5895
5889
5898
5897
5889
5910
5895
5892
5909
5900
5894
5905
5924
5896
5922
5894
5899
5926
5899
5913
5896
5889
5918
5901
5905
5893
5893
5903
5916
5909
6025
5906
6037
5905
6485
5918
5890
5899
5899
5903
5892
5901
5892
5890
5903
5893
5891
5902
5895
5901
5907
5890
5889
5898
5912
5891
5899
5925
5886
5957
5892
5898
5903
5900
5957
5906
5901
5917
5896
5917
5900
5898
5890
6298
5935
5890
5905
5900
5898
5908
5910
5901
5891
5899
5903
5893
5900
5925
5881
5913
5888
5889
5902
5891
5910
5902
5898
5897
5900
5902
5904
5903
5908
5903
5908
6059
5916
6029
5912
5925
5911
5898
5896
5914
5912
5912
5902
5900
5901
5922
5912
5901
5935
5892
5935
5904
5900
5930
5898
5917
5893
5898
6033
5916
5911
5894
5899
5910
5895
5927
5893
5897
5920
5890
5909
5901
5893
5909
5900
5944
5894
5905
5915
5891
5923
5895
5902
5926
5893
5916
5906
5896
5961
5902
5914
5902
5907
5914
5900
5927
5898
5900
5925
5896
5916
5905
5910
5916
5910
5911
6018
5994
5944
6627
5951
5923
5892
5941
5892
5927
5900
5900
5936
5900
5940
5897
5905
5943
5891
5959
5911
5893
5944
5892
5929
5909
5920
5933
5905
5928
5894
5913
5921
5902
5946
5896
5901
5923
5903
5911
5915
5903
5912
5933
5933
5901
5898
5929
5891
6177
5898
5896
5921
5899
5912
5902
5898
6053
5900
5917
5893
5904
5917
5892
5930
5897
5899
5926
5892
5929
5909
5903
5923
5916
6036
5899
5898
6097
6829
5944
5896
5914
5923
5914
5930
5901
5918
5909
5889
5958
5899
5905
5912
5899
5937
5904
5894
5912
5898
5922
5899
