6254
6377
6268
6374
6389
6273
6300
6274
6241
6269
6266
6254
6267
6254
6275
6245
6256
6287
6251
6273
6240
6266
6282
6240
6265
6254
6279
6258
6242
6278
6251
6268
6252
6252
6264
6242
6262
6265
6272
6261
6242
6269
6260
6258
6758
6266
6250
6309
6239
6250
6261
6248
6246
6244
6261
6263
6239
6249
6257
6289
6252
6244
6269
6250
6256
6251
6245
6267
6243
6261
6263
6246
6247
6246
6371
6400
6284
6277
6258
6246
6250
6250
6280
6251
6250
6255
6254
6256
6269
6238
6271
6244
6253
6261
6241
6272
6239
6252
6267
6249
6258
6227
6270
6256
6244
6264
6247
6271
6261
6239
6259
6253
6297
6251
6262
6262
6242
6258
6293
6257
6260
6245
6260
6267
6251
6255
6262
6244
6252
6244
6259
6263
6261
6260
6251
6266
6254
6249
6247
6244
6237
6236
6248
6252
6240
6380
6483
6279
6266
6246
6252
6243
6263
6239
6233
6268
6253
6245
6242
6265
6254
6243
6255
6250
6251
6247
6262
6249
6258
6249
6248
6268
6246
6261
6264
6241
6257
6242
6246
6256
6461
6288
6273
6296
6252
6263
6276
6585
6257
6249
6267
6247
6251
6254
6257
6276
6243
6250
6274
6270
6283
6355
6268
6257
6259
6264
6237
6277
6250
6275
6250
6299
6281
6247
6271
6401
6394
6251
6240
6432
6598
6297
6254
6260
6243
6261
6266
6251
6280
6244
6259
6267
6258
6282
6235
6272
6252
6271
6283
6243
6283
6252
6263
6250
6260
6277
6239
6276
6267
6263
6272
6243
6301
6261
6280
6252
6267
6247
6255
6306
6260
6258
6244
6247
6254
6261
6267
6251
6264
6254
6261
6249
6251
6284
6243
6245
6257
6247
6244
6236
6247
6254
6241
6248
6249
6258
6242
6379
6285
6253
6444
6263
6868
6266
6251
6248
6240
6254
6245
6243
6238
6240
6247
6234
6239
6247
6264
6248
6238
6263
6247
6257
6236
6255
6265
6241
6263
6249
6245
6263
6233
6261
6242
6268
6239
6256
6302
6235
6292
6297
6264
6255
6242
6292
6259
6268
6255
6255
6265
6262
6246
6273
6343
6257
6280
6244
6250
6290
6241
6287
6253
6281
6241
6239
6295
6260
6283
6261
6411
6285
6240
6468
6296
6297
6278
6245
6272
6255
6272
6253
6272
6265
6263
6269
6261
6271
6261
6267
6262
6266
6273
6243
6290
6255
6254
6259
6263
6278
6243
6265
6254
6272
6268
6240
6282
6250
6253
6252
6250
6279
6244
6430
6254
6248
6261
6247
6267
6259
6412
6719
6263
6322
6261
6256
6237
6275
6270
6257
6282
6258
6268
6264
6250
6274
6251
6279
6241
6273
6276
6246
6277
6248
6271
6284
6253
6280
6249
6275
6252
6257
6615
6271
6435
6282
6506
6262
6282
6252
6263
6267
6262
6270
6248
6285
6264
6259
6299
6247
6280
6263
6267
6282
6249
6288
6259
6280
6279
6244
6282
6246
6285
6253
6268
6278
6242
6285
6262
6277
6330
6259
6268
6267
6267
6251
6252
6265
6257
6265
6263
6295
6264
6251
6265
6262
6265
6245
6263
6273
6259
6265
6247
6267
6246
6251
6280
6247
6275
6236
6259
6280
6255
6268
6466
6540
6277
6299
6315
6286
6248
6253
6285
6251
6293
6246
6246
6264
6251
6294
6246
6291
6254
6248
6286
6257
6295
6255
6250
6254
6255
6286
6242
6291
6252
6242
6280
6251
6296
6246
6277
6261
6251
6293
6242
6252
6267
6245
6250
6263
6258
6260
6249
6272
6265
6256
6257
6265
6271
6272
6254
6264
6271
6258
6261
6257
6268
6261
6257
6278
6252
6263
6275
6472
6276
6285
6403
6345
6304
6244
6300
6255
6287
6270
6242
6305
6252
6266
6250
6270
6287
6251
6286
6268
6270
6276
6241
6243
6247
6266
6242
6273
6234
6230
6264
6234
6398
6242
6266
6255
6263
6275
6274
6314
6251
6255
6258
6255
6285
6242
6269
6262
6256
6284
6242
6284
6274
6272
6251
6245
6280
6253
6266
6248
6249
6257
6237
6295
6245
6286
6250
6241
6446
6245
6330
6289
6301
6260
6256
6298
6236
6291
6250
6281
6245
6244
6303
6243
6276
6260
6262
6256
6227
6277
6255
6255
6252
6277
6277
6253
6257
6263
6268
6242
6257
6273
6266
6262
6256
6262
6262
6258
6264
6253
6308
6243
6251
6264
6265
6255
6299
6278
6253
6235
6285
6246
6270
6267
6234
6290
6237
6261
6239
6292
6293
6236
6253
6246
6257
6240
6244
6248
6250
6381
6402
6251
6368
6271
6250
6249
6325
6243
6260
6257
6260
6289
6249
6294
6249
6284
6283
6243
6306
6252
6278
6271
6261
6286
6338
6284
6257
6265
6280
6246
6272
6265
6270
6253
6246
6444
6267
6274
6266
6266
6250
6330
6240
6262
6270
6242
6258
6261
6255
6250
6244
6277
6251
6263
6259
6288
6377
6262
6384
6261
6266
6247
6256
6257
6249
6299
6245
6292
6268
6239
6298
6252
6315
6243
6281
6268
6252
6300
6240
6288
6272
6239
6284
6264
6309
6240
6290
6271
6257
6310
6249
6303
6249
6250
6248
6244
6305
6243
6254
6261
6244
6367
6265
6282
6313
6279
6273
6268
6275
6253
6253
6273
6278
6248
6249
6286
6262
6273
6251
6280
6279
6260
6275
6260
6281
6251
6254
6286
6251
6272
6244
6259
6265
6246
6287
6255
6285
6288
6238
6289
6255
6275
6252
6292
6311
6243
6273
6262
6279
6262
6243
6286
6268
6264
6444
6273
6267
6274
6263
6268
6269
6246
6257
6254
6268
6267
6258
6286
6261
6255
6275
6255
6402
6263
6270
6416
6261
6297
6242
6279
6261
6241
6258
6249
6283
6255
6258
6280
6248
6273
6249
6276
6267
6261
6258
6264
6272
6255
6258
6377
6248
6271
6238
6278
6249
6248
6256
6249
6283
6242
6251
6260
6247
6263
6243
6278
6253
6254
6261
6252
6272
6240
6248
6251
6265
6257
6240
6280
6251
6261
6271
6250
6278
6242
6277
6259
6252
6263
6250
6288
6255
6255
6280
6253
6414
6356
6456
6600
6587
6247
6236
6290
6246
6278
6238
6260
6270
6247
6273
6256
6263
6250
6249
6270
6248
6273
6247
6264
6263
6252
6262
6255
6286
6253
6254
6271
6253
6281
6247
6275
6258
6259
6239
6259
6276
6246
6300
6256
6251
6282
6240
6265
6497
6273
6256
6239
6282
6260
6287
6290
6291
6276
6253
6303
6255
6289
6274
6242
6283
6252
6285
6257
6273
6280
6251
6369
6363
6336
6741
6533
6324
6259
6247
6244
6287
6237
6298
6251
6253
6304
6256
6307
6261
6283
6269
6247
6293
6244
6290
6258
6240
6282
6399
6267
6246
6247
6250
6250
6255
6236
6260
6249
6253
6242
6246
6255
6242
6252
6237
6250
6256
6240
6261
6248
6248
6243
6251
6258
6242
6255
6281
6252
6259
6240
6253
6253
6256
6246
6251
6261
6241
6248
6247
6242
6245
6244
6400
6258
6254
6268
6253
6295
6252
6255
6256
6504
6247
6246
6259
6256
6255
6238
6258
6248
6247
6252
6249
6264
6249
6245
6257
6256
6265
6239
6267
6251
6243
6280
6246
6271
6238
6248
6271
6249
6262
6238
6258
6261
6735
6255
6264
6248
6251
6237
6260
6261
6245
6246
6269
6254
6257
6265
6399
6272
6254
6268
6251
6260
6261
6246
6285
6250
6254
6246
6264
6279
6239
6263
6353
6267
6295
6242
6297
6248
6241
6247
6254
6275
6246
6260
6249
6243
6287
6247
6259
6260
6253
6247
6245
6257
6249
6246
6247
6275
6274
6265
6250
6256
6272
6243
6253
6252
6249
6257
6235
6266
6240
6238
6282
6251
6557
6243
6261
6255
6248
6262
6243
6276
6251
6243
6242
6256
6284
6391
6263
6241
6259
6249
6235
6261
6252
6271
6247
6232
6276
6239
6255
6223
6248
6397
6264
6320
6253
6281
6265
6260
6265
6244
6271
6241
6283
6266
6241
6276
6253
6266
6251
6242
6275
6244
6306
6245
6291
6253
6239
6285
6261
6294
6249
6286
6257
6260
6310
6250
6287
6256
6251
6255
6265
6300
6241
6328
6253
6264
6297
6240
6287
6247
6265
6266
6249
6304
6251
6268
6275
6311
6288
6241
6296
6269
6254
6268
6278
6299
6256
6262
6279
6258
6254
6282
6571
6251
6267
6306
6262
6266
6258
6271
6258
6276
6247
6248
6266
6259
6264
