6604
6824
6630
6610
6616
6613
6586
7113
6616
6598
6613
6610
6613
6624
6609
6636
6628
6628
6608
6627
6600
6737
6665
6603
6630
6613
6632
6601
6611
6610
6610
6624
6605
6616
6584
6918
6716
6613
6638
6609
6612
6609
6644
6622
6631
6612
6610
6607
6584
6645
6592
6638
6615
6604
6608
6620
6605
6603
6637
6573
6614
6582
6609
6618
6606
6633
6603
6620
6621
6632
6609
6625
6588
6611
6623
6607
6621
6617
6621
6592
6602
6603
6607
6623
6614
6631
6587
6630
6608
6612
6628
6584
6610
6602
6623
6603
6629
6595
6593
6616
6588
6624
6583
6738
6893
6641
7346
6649
6608
6592
6650
6575
6631
6596
6623
6605
6637
6590
6588
6627
6589
6644
6600
6648
6614
6592
6611
6606
6650
6600
6643
6587
6617
6608
6608
6610
6597
6649
6596
6639
6607
6647
6682
6627
6606
6606
6642
6606
6642
6603
6650
6596
6574
6600
6612
6636
6611
6680
6575
6626
6600
6602
6621
6611
6642
6605
6616
6624
6629
6580
6900
6658
6686
6630
6621
6648
6592
6651
6601
6615
6730
6631
6594
6606
6628
6626
6613
6630
6600
6614
6619
6614
6625
6618
6606
6595
6662
6611
6636
6604
6598
6752
6603
6668
6853
6956
6613
6615
6597
6592
6621
6604
6620
6602
6624
6601
6623
6581
6602
6627
6605
6621
6603
6628
6610
6615
6604
6596
6614
6590
6613
6608
6604
6604
6602
6612
6624
6626
6607
6613
6621
6624
6607
6614
6619
6614
6604
6619
6616
6609
6614
6603
6608
6618
6606
6629
6622
6611
6620
6605
6620
6619
6622
6618
6761
6584
6629
6614
6708
6633
6595
6665
7264
6674
6604
6623
6591
6610
6623
6605
6689
6613
6668
6614
6636
6625
6615
6605
6614
6665
6597
6643
6616
6652
6629
6611
6624
6600
6634
6604
6654
6598
6643
6606
6579
6628
6608
6637
6614
6748
6602
6614
6615
6603
6615
6600
6626
6585
6627
6615
6627
6612
6611
6622
6620
6626
6600
6639
6577
6609
6598
6603
6632
6595
6598
6594
6729
6625
6607
6672
7765
6630
6604
6611
6582
6635
6602
6621
6595
6594
6616
6604
6619
6611
6623
6602
6600
6602
6617
6641
6605
6647
6617
6644
6628
6602
6643
6619
6670
6584
6651
6602
6653
6628
6611
6662
7161
6660
6621
6640
6609
6623
6626
6585
6625
6605
6646
6593
6629
6597
6632
6603
6597
6648
6604
6643
6614
6648
6625
6634
6609
6602
6656
6613
7065
6609
6659
6603
6699
6659
6895
6691
6906
6683
6616
6639
6586
6641
6618
6605
6646
6590
6627
6595
6655
6611
6617
6622
6597
6643
6595
6629
6608
6626
6618
6589
6608
6615
6625
6600
6617
6618
6617
6610
6621
6639
6607
6636
6616
6614
6614
6641
6611
6603
6620
6604
6661
6592
6634
6614
6615
6616
6610
6621
6607
6615
6597
6637
6612
6620
6615
6610
6625
6601
6625
6624
6629
6745
6715
6729
7528
6813
6596
6659
6606
6649
6641
6638
6589
6613
6652
6616
6654
6582
6652
6610
6648
6626
6603
6638
6623
6632
6615
6637
6611
6646
6614
6579
6650
6622
6650
6621
6648
6606
6623
6583
6613
7193
6624
6641
6587
6636
6610
6657
6608
6660
6650
6619
6646
6594
6664
6601
6606
6602
6605
6632
6616
6622
6616
6620
6569
6602
6594
6599
6625
6719
6657
6740
6634
6922
6621
6596
6600
6632
6581
6602
6603
6651
6610
6596
6612
6610
6624
6615
6654
6599
6624
6586
6624
6627
6610
6631
6614
6615
6600
6610
6602
6611
6613
6614
6609
6724
6611
6669
6599
6605
6629
6626
6603
6600
6624
6593
6610
6653
6748
6639
6614
6757
8045
6661
6593
6621
6600
6613
6613
6621
6623
6599
6603
6690
6624
6614
6631
6592
6609
6599
6614
6618
6645
6616
6599
6622
6629
6609
6618
6600
6617
6610
6635
6610
6630
6613
6629
6602
6606
6634
6612
6611
6595
6601
6611
6614
6617
6600
6622
6592
6626
6588
6631
6625
6610
6614
6600
6621
6605
6622
6605
6597
6626
6612
6640
6617
6989
6705
6633
6692
6646
6637
6639
6617
6619
6620
6607
6637
6601
6644
6624
6630
6632
6604
6675
6612
6637
6606
6641
6628
6615
6613
6615
6674
6591
6646
6613
6636
6638
6611
6780
6611
6608
6611
6622
6616
6656
6600
6592
6643
6603
6636
6612
6628
6619
6624
6600
6605
6633
6606
6634
6606
6636
6624
6617
6609
6585
6628
6609
6616
6619
6619
6612
6615
6872
6608
6764
7409
6686
6617
6621
6588
6653
6596
6606
6664
6587
6646
6611
6662
6628
6638
6617
6601
6637
6606
6638
6603
6695
6577
6567
6619
6607
6624
6611
6626
6607
6615
6629
6624
6621
6610
6645
6604
6669
6635
6636
6637
6610
6633
6619
6603
6683
6630
6602
6636
6593
6606
6583
6618
6612
6610
6632
6655
6595
6600
6596
6598
6595
6613
6592
6603
6598
6613
6602
6594
6602
6593
6616
6604
6623
6602
6599
6593
6605
6609
6608
6601
6587
6606
6595
6615
6619
6591
6605
6618
6621
6609
6625
6609
6597
6601
6615
6602
6617
6743
6703
6646
7475
7044
6600
6631
6600
6617
6603
6589
6616
6604
6642
6621
6615
6615
6609
6614
6618
6619
6625
6616
6586
6623
6608
6622
6616
6592
6620
6620
6630
6623
6757
6611
6603
6600
6599
6638
6619
6644
6606
6622
6621
6621
6625
6607
6614
6614
6623
6590
6630
6606
6741
6617
6598
6627
6614
6617
6630
6610
6601
6617
6623
6612
6622
6575
6610
6780
6618
6680
7284
6675
6606
6649
6583
6637
6634
6624
6638
6597
6624
6588
6637
6606
6613
6617
6613
6600
6600
6625
6599
6598
6721
6608
6617
6619
6620
6602
6658
6582
6608
6608
6630
6619
6601
6605
6606
6651
6615
6612
6609
6615
6604
6621
6614
6598
6633
6613
6610
6709
6615
6630
6615
6617
6604
6617
6596
6622
6600
6617
6609
6605
6620
6607
6773
6637
6609
6743
6632
6630
6619
6639
6597
6620
6592
6614
6623
6620
6609
6607
6618
6598
6624
6614
6627
6618
6603
6609
6631
6625
6626
6629
6589
6618
6599
6601
6637
6615
6629
6615
6630
6617
6629
6599
7148
6658
6606
6648
6595
6630
6622
6623
6607
6607
6631
6614
6621
6623
6622
6586
6622
6615
6600
6624
6604
6618
6609
6626
6601
6612
6600
6595
6748
6635
6624
6635
6638
6642
6592
6610
6604
6632
6592
6608
6603
6630
6610
6598
6629
6601
6619
6613
6621
6613
6619
6603
6599
6630
6732
6627
6593
6619
6596
6604
6635
6605
6628
6592
6590
6611
6648
6606
6605
6611
6573
6603
6593
6615
6613
6620
6603
6601
6620
6578
6616
6725
6604
6592
6616
6625
6602
6625
6615
6608
6607
6615
6607
6613
6614
6604
6740
6622
6687
6627
6635
6633
6627
6596
6626
6614
6613
6628
6600
6615
6606
6613
6621
6588
6620
6595
6628
6604
6632
6607
6595
6590
6588
6630
6613
6617
6599
6623
6596
6604
6622
6605
6624
6650
6627
6604
7129
6620
6603
6625
6626
6600
6606
6616
6601
6621
6599
6595
6613
6747
6618
6606
6598
6576
6587
6603
6606
6608
6603
6619
6603
6630
6612
6623
6868
6640
6674
6620
7015
6612
6636
6612
6639
6616
6599
6639
6619
6632
6629
6608
6600
6613
6609
6620
6640
6616
6615
6605
6631
6609
6752
6608
6597
6604
6607
6625
6597
6614
6584
6595
6593
6603
6626
6605
6610
6619
6614
6617
6623
6633
6599
6621
6596
6631
6616
6606
6636
6630
6613
6595
6631
6604
6674
6604
6615
6612
6599
6631
6620
6627
6594
6616
6736
6783
6632
7984
7041
7214
6657
6591
6634
6605
6618
6598
6632
6625
6593
6620
6606
6615
6617
6621
6611
6631
6587
6615
6632
6610
6640
6633
6633
6609
6626
6616
6627
6624
6614
6623
6575
6624
6593
6671
6612
6589
6610
6611
6612
6625
6605
6608
6616
6598
6609
6614
6603
6746
6600
6598
6598
6608
6616
6595
6610
6605
6609
6604
6616
6604
6593
6731
6706
6637
6627
6641
6617
6629
6592
6613
6645
6613
6629
6624
6614
6602
6622
6619
6625
6610
6610
6626
6590
6635
6613
6600
6605
6622
6612
6617
6627
6610
6630
