253
253
254
253
252
253
253
253
253
254
253
268
253
252
252
254
260
254
253
252
253
253
253
254
264
252
253
253
252
253
253
253
252
254
253
253
252
258
253
253
253
263
252
253
253
253
253
253
253
253
253
287
253
253
253
253
253
252
253
253
253
254
253
263
253
252
253
253
253
253
253
253
253
253
252
253
253
257
253
254
253
253
253
253
253
253
252
253
270
253
253
253
254
254
262
253
253
253
254
253
253
254
253
271
253
254
253
253
252
253
252
253
253
252
253
253
266
253
253
253
253
253
253
253
253
253
253
253
253
302
253
253
257
253
253
252
252
253
254
253
253
253
253
253
252
253
253
254
253
253
253
253
252
253
253
252
253
253
253
253
253
252
253
252
253
285
253
253
253
254
253
253
252
253
253
253
252
254
281
254
264
253
253
252
277
253
252
253
253
254
253
257
252
253
253
253
252
264
253
253
253
253
253
257
253
280
254
253
253
253
252
253
253
253
253
253
255
253
270
252
252
274
264
253
253
253
252
253
253
253
253
265
253
253
253
253
253
254
252
253
253
253
253
253
255
253
252
253
252
264
253
253
253
253
253
254
253
253
253
253
253
253
253
253
254
253
253
253
252
252
254
253
288
253
253
254
253
253
253
253
253
253
253
253
253
253
253
253
253
254
253
253
253
253
253
266
254
253
253
252
253
253
252
253
272
253
253
253
253
253
256
253
253
253
253
252
253
253
253
253
254
253
253
253
253
253
253
253
255
253
253
253
252
253
253
262
253
254
254
253
254
253
253
253
253
253
253
253
254
253
252
270
254
253
253
253
254
253
253
253
253
253
253
252
254
257
262
253
253
253
253
254
253
253
255
253
253
253
254
253
253
254
253
254
254
252
252
253
258
253
252
253
253
254
253
253
253
282
254
253
254
253
257
254
253
253
279
253
253
253
253
253
253
252
253
253
253
253
255
253
253
253
253
253
257
253
253
253
254
253
253
253
253
253
253
253
253
254
253
253
259
254
265
252
253
253
253
252
257
253
253
253
252
252
253
253
253
253
253
253
259
253
253
253
253
253
252
252
268
253
252
252
253
253
253
253
253
253
253
253
253
253
253
253
254
254
253
254
254
253
254
253
252
253
252
264
253
253
253
254
253
253
253
253
265
252
253
253
254
253
253
253
253
253
253
253
255
252
253
253
253
253
264
253
254
253
253
255
253
253
253
253
253
254
253
256
253
252
253
253
253
253
253
253
252
259
252
253
252
266
253
252
252
253
253
252
253
253
253
252
252
252
252
253
253
253
253
253
252
253
253
253
256
253
253
253
253
253
253
255
252
253
253
253
253
253
253
253
253
254
253
255
256
253
253
253
252
252
253
256
253
253
253
293
253
253
252
253
253
253
253
254
273
253
253
253
253
259
253
254
253
253
285
253
253
253
253
253
253
252
253
254
253
254
253
265
259
253
253
253
253
269
253
253
263
254
253
253
253
253
255
253
253
253
253
259
253
253
253
252
269
252
252
254
256
253
254
254
253
254
253
252
253
253
258
253
282
253
253
270
254
253
253
253
253
253
254
254
253
253
253
253
254
255
253
253
253
253
252
303
253
254
253
252
253
253
253
253
264
253
254
253
254
253
254
253
254
253
253
253
253
253
253
253
253
253
263
253
254
253
254
254
253
253
253
253
253
252
252
253
252
252
252
253
265
253
253
253
253
254
253
253
254
268
253
253
254
253
253
253
253
254
303
253
254
253
253
253
253
253
253
279
253
253
253
253
253
253
253
257
253
253
253
252
253
254
253
259
256
253
253
254
255
253
253
253
256
260
252
253
266
253
253
253
252
253
253
253
254
266
253
254
253
253
253
253
256
253
263
253
253
253
253
253
253
253
253
254
253
254
252
253
253
254
253
255
253
253
253
253
253
253
254
254
253
253
253
253
253
253
281
252
253
253
253
253
254
254
253
289
253
253
253
253
253
253
254
253
253
253
253
253
253
254
253
252
252
252
262
254
253
253
253
253
254
253
294
254
253
253
253
253
253
252
252
253
253
252
255
264
253
253
253
253
253
253
253
253
253
254
253
253
253
253
253
253
253
253
253
253
253
264
252
253
253
253
253
253
253
253
253
253
253
253
263
253
253
253
253
253
253
253
253
264
252
253
256
253
253
253
253
253
253
253
253
253
254
254
253
252
253
253
253
253
253
260
253
254
254
253
253
253
253
253
253
253
253
253
253
253
253
253
254
253
254
253
253
279
253
253
253
253
253
253
254
253
253
253
253
254
253
267
255
253
253
253
254
254
254
253
254
253
253
253
253
296
253
253
253
253
253
258
253
253
265
253
254
253
252
254
253
253
253
253
254
253
254
253
253
253
254
254
253
252
252
253
253
289
253
253
253
253
254
253
253
253
253
253
254
253
253
254
253
253
253
253
253
253
253
253
282
253
253
253
254
253
253
253
254
254
253
254
254
254
253
253
253
253
253
252
253
252
254
287
253
253
253
253
253
253
261
253
286
253
253
253
253
253
253
253
253
253
253
253
254
254
253
253
253
253
253
253
253
253
253
253
263
253
253
254
253
253
252
263
253
255
253
253
253
253
253
253
264
253
253
253
253
253
253
253
253
253
253
253
253
254
253
253
253
253
281
253
253
253
253
253
253
253
253
263
253
253
258
253
253
253
253
253
254
253
253
253
287
253
253
253
253
253
253
253
253
282
253
253
253
253
253
253
253
253
287
253
253
253
254
255
253
255
253
253
253
253
253
253
253
253
253
267
253
253
253
253
253
253
253
253
282
253
253
255
264
253
253
253
253
253
253
253
253
263
253
253
252
253
252
257
253
254
253
253
253
253
267
254
253
253
253
253
253
253
253
263
253
255
253
253
253
255
253
254
253
253
253
253
253
253
253
253
253
264
253
255
255
252
253
253
253
253
253
253
253
254
253
253
254
253
253
253
253
254
254
254
253
253
253
253
253
253
253
253
253
312
253
253
253
253
253
254
253
253
255
253
253
254
253
253
253
253
254
253
253
252
253
253
253
253
253
