2584
2580
2588
2582
2569
2568
2581
2587
2576
2583
2567
2572
2585
2578
2576
2568
2573
2580
2581
2577
2587
2571
2568
2583
2577
2582
2584
2569
2567
2665
2580
2585
2585
2567
2569
2582
2582
2585
2576
2568
2568
2588
2592
2576
2569
2568
2584
2583
2578
2575
2568
2568
2586
2576
2575
2569
2568
2576
2583
2577
2589
2568
2571
2576
2595
2580
2593
2570
2568
2588
2580
2583
2569
2569
2578
2586
2577
2586
2568
2568
2588
2576
2585
2577
2568
2585
2577
2586
2576
2568
2569
2578
2626
2579
2597
2591
2568
2582
2576
2595
2577
2570
2569
2590
2580
2578
2585
2569
2569
2592
2577
2578
2590
2567
2568
2586
2577
2576
2567
2568
2582
2581
2577
2586
2567
2569
2577
2582
2577
2569
2567
2592
2582
2577
2578
2568
2568
2578
2578
2586
2578
2568
2568
2579
2581
2586
2567
2568
2568
2576
2576
2576
2568
2568
2568
2584
2576
2583
2570
2567
2585
2577
2586
2580
2569
2568
2576
2581
2580
2568
2568
2578
2581
2580
2585
2569
2568
2580
2580
2590
2583
2577
2602
2607
2568
2598
2577
2589
2593
2568
2582
2578
2585
2580
2581
2572
2568
2578
2595
2579
2571
2567
2585
2580
2588
2578
2568
2568
2578
2595
2577
2569
2568
2579
2592
2576
2580
2583
2574
2577
2576
2577
2599
2568
2568
2579
2583
2592
2568
2569
2581
2587
2594
2576
2567
2568
2589
2596
2586
2573
2568
2627
2608
2585
2579
2568
2575
2586
2589
2580
2584
2572
2568
2589
2576
2581
2590
2601
2568
2580
2576
2589
2576
2567
2585
2576
2587
2577
2567
2568
2576
2590
2579
2585
2568
2578
2596
2578
2603
2567
2567
2590
2578
2603
2568
2570
2585
2579
2597
2578
2567
2568
2579
2577
2578
2578
2569
2569
2577
2583
2576
2567
2570
2586
2576
2584
2586
2570
2568
2576
2578
2591
2582
2569
2587
2577
2579
2580
2568
2568
2576
2589
2580
2568
2570
2578
2586
2579
2569
2568
2581
2585
2581
2587
2568
2569
2586
2637
2578
2567
2568
2583
2584
2575
2576
2568
2568
2576
2578
2593
2580
2567
2568
2575
2595
2584
2570
2568
2595
2592
2582
2580
2567
2570
2595
2584
2580
2570
2569
2602
2579
2583
2575
2572
2570
2577
2578
2577
2568
2568
2576
2580
2575
2585
2568
2584
2587
2575
2587
2568
2583
2578
2575
2613
2578
2591
2568
2577
2592
2578
2660
2568
2577
2592
2577
2578
2576
2586
2569
2568
2623
2631
2574
2576
2567
2567
2580
2590
2580
2568
2568
2585
2579
2592
2574
2568
2578
2585
2594
2581
2568
2571
2579
2590
2577
2594
2577
2567
2589
2577
2575
2568
2568
2585
2579
2598
2568
2570
2569
2576
2581
2575
2572
2569
2578
2586
2581
2614
2568
2568
2585
2577
2589
2568
2569
2576
2576
2592
2576
2574
2569
2587
2584
2611
2579
2587
2567
2572
2618
2578
2577
2578
2572
2624
2591
2582
2580
2571
2582
2585
2580
2584
2584
2568
2568
2582
2581
2581
2583
2570
2573
2590
2584
2578
2585
2568
2583
2588
2579
2605
2568
2568
2586
2581
2601
2567
2568
2581
2578
2600
2581
2568
2572
2589
2592
2589
2578
2580
2568
2592
2589
2578
2569
2568
2595
2580
2582
2576
2570
2584
2580
2579
2586
2568
2583
2591
2596
2577
2591
2583
2568
2585
2579
2590
2597
2576
2568
2585
2587
2613
2580
2568
2584
2585
2603
2577
2588
2568
2581
2604
2578
2586
2568
2572
2588
2577
2584
2578
2572
2568
2573
2612
2579
2578
2584
2584
2567
2603
2603
2578
2584
2595
2569
2568
2579
2586
2580
2576
2567
2568
2578
2581
2591
2579
2568
2572
2587
2580
2582
2570
2569
2584
2580
2584
2577
2570
2570
2585
2577
2577
2568
2567
2587
2583
2578
2588
2568
2568
2588
2576
2587
2581
2567
2568
2585
2576
2581
2584
2567
2578
2586
2586
2588
2568
2570
2585
2584
2584
2578
2568
2568
2588
2583
2577
2567
2569
2583
2585
2578
2582
2568
2571
2615
2594
2582
2579
2572
2568
2576
2579
2595
2572
2568
2579
2591
2581
2597
2568
2570
2586
2579
2579
2590
2569
2568
2585
2580
2587
2568
2568
2589
2581
2586
2577
2569
2568
2581
2585
2578
2568
2574
2580
2577
2577
2587
2568
2568
2574
2584
2580
2583
2567
2568
2581
2579
2584
2575
2568
2568
2583
2576
2581
2572
2567
2590
2576
2584
2583
2568
2568
2578
2583
2600
2573
2575
2568
2578
2580
2629
2594
2613
2568
2588
2579
2583
2578
2570
2573
2577
2583
2581
2591
2574
2569
2576
2582
2579
2576
2568
2573
2582
2576
2584
2569
2570
2588
2578
2580
2582
2567
2568
2590
2584
2576
2568
2568
2586
2585
2579
2611
2573
2594
2621
2587
2607
2584
2570
2572
2583
2615
2576
2568
2571
2580
2596
2577
2584
2571
2568
2596
2589
2577
2572
2568
2597
2577
2575
2573
2568
2583
2588
2579
2589
2568
2570
2586
2578
2585
2583
2567
2584
2591
2584
2581
2567
2584
2577
2581
2584
2583
2585
2568
2577
2590
2584
2574
2572
2568
2684
2576
2666
2612
2567
2571
2599
2580
2582
2587
2572
2567
2578
2584
2575
2580
2568
2568
2580
2578
2586
2568
2570
2575
2578
2589
2569
2568
2584
2576
2601
2580
2568
2570
2574
2580
2587
2568
2568
2582
2581
2582
2578
2569
2568
2581
2575
2582
2568
2568
2579
2578
2577
2585
2573
2567
2578
2581
2577
2578
2568
2579
2579
2577
2586
2568
2570
2585
2638
2584
2577
2570
2568
2593
2583
2577
2570
2567
2593
2583
2583
2581
2567
2584
2577
2590
2585
2590
2583
2568
2586
2585
2585
2585
2568
2577
2590
2582
2604
2567
2570
2591
2578
2602
2568
2568
2589
2580
2586
2568
2568
2588
2579
2584
2578
2567
2568
2576
2589
2575
2574
2569
2568
2577
2578
2581
2567
2569
2575
2581
2578
2582
2572
2568
2581
2584
2586
2578
2568
2570
2582
2574
2587
2567
2567
2581
2576
2576
2596
2585
2570
2592
2587
2579
2637
2567
2569
2584
2593
2614
2581
2567
2569
2583
2614
2578
2590
2574
2568
2599
2578
2586
2588
2567
2603
2577
2582
2589
2567
2584
2578
2585
2587
2568
2568
2588
2580
2585
2578
2567
2567
2579
2587
2578
2568
2568
2579
2584
2576
2578
2568
2568
2594
2574
2576
2576
2569
2568
2579
2579
2578
2568
2568
2590
2576
2580
2577
2568
2570
2585
2577
2576
2567
2570
2581
2586
2576
2587
2569
2568
2583
2578
2582
2585
2570
2568
2577
2578
2591
2569
2568
2580
2585
2583
2586
2569
2568
2576
2583
2584
2577
2568
2587
2582
2587
2578
2568
2568
2581
2579
2582
2579
2570
2588
2577
2584
2578
2568
2568
2577
2576
2579
2579
2574
2568
2577
2579
2578
2568
2569
2590
2576
2583
2575
2571
2568
2575
2595
2578
2587
2568
2577
2580
2582
2581
2567
2568
2587
2576
2587
2582
2591
2572
2584
2582
2586
2638
2568
2570
2580
2575
2613
2583
2568
2574
2579
2619
2580
2583
2574
2578
2598
2580
2583
2574
2568
2598
2580
2583
2574
2568
2603
2580
2582
2582
2568
2568
2580
2581
2577
2568
2568
2581
2582
2578
2585
2568
2597
2582
2576
2599
2567
2585
2584
2576
2586
2579
2584
2587
2576
2598
2579
2584
2568
2580
2581
2579
2584
2568
2577
2593
2582
2584
2592
2579
2585
2578
2579
2567
2568
2586
2578
2584
2575
2568
2585
2578
2583
2579
2568
2568
2579
2582
2580
2584
2567
2580
2582
2581
2583
2567
2574
2578
2583
2587
2586
2570
2568
2596
2576
2575
2592
2567
2584
2584
2576
2589
2568
2584
2583
2592
2591
2577
2583
2568
2576
2588
2575
2583
2567
2578
2588
2577
2599
2593
2568
2593
2579
2600
2577
2585
2573
2579
2598
2576
2568
2574
2579
2599
2576
2587
2573
2568
2599
2584
2574
2590
2567
2568
2587
2577
2609
2578
2569
2569
2592
2581
2579
2582
2567
2579
2599
2578
2579
2568
2568
2585
2584
2585
2568
2568
2578
2587
2591
2582
2570
2586
2589
2591
2580
2568
2568
2589
2587
2578
2568
2569
2588
2585
