382
381
381
393
382
381
383
386
381
386
392
381
381
421
382
381
415
382
382
382
381
382
381
382
381
418
381
381
381
387
381
381
382
382
381
381
381
381
382
381
394
382
381
381
393
381
381
381
381
381
381
381
381
381
382
381
382
383
381
381
382
382
382
382
381
381
381
382
383
382
382
413
381
381
382
393
381
382
382
410
381
382
381
402
382
381
382
415
381
382
382
393
381
382
381
412
381
382
382
393
381
381
381
414
382
381
382
394
382
382
382
392
382
382
381
411
381
381
382
395
381
381
382
410
382
381
382
381
382
382
382
381
381
382
381
382
384
387
395
381
382
381
381
382
382
381
381
381
382
381
381
381
384
382
382
381
381
414
382
381
381
392
381
381
381
395
381
381
381
392
381
381
382
391
382
381
382
391
382
381
382
381
381
382
381
381
382
382
383
461
381
381
382
393
381
382
381
382
381
381
381
382
382
381
381
382
381
381
382
381
381
381
422
381
381
381
395
398
382
381
393
381
382
381
398
381
381
381
384
381
382
381
382
381
381
381
381
381
381
388
382
382
381
397
382
381
381
381
381
381
382
381
382
381
381
381
382
381
382
408
381
382
381
409
381
382
382
395
381
382
382
391
381
381
383
392
382
381
382
410
382
384
382
382
382
382
381
382
381
382
391
382
381
381
392
381
382
382
382
382
382
382
381
382
381
381
382
382
383
381
382
382
381
381
381
382
381
387
382
383
381
392
382
382
381
381
382
381
381
382
382
382
382
381
382
382
383
382
381
382
398
381
382
381
381
381
382
382
381
381
382
382
381
382
381
381
381
381
381
382
381
381
381
382
382
381
381
381
395
381
382
382
440
381
381
382
405
382
381
381
398
381
382
382
394
388
382
382
382
397
381
382
382
382
381
381
381
382
382
381
381
381
382
381
382
382
382
393
382
382
381
394
381
381
381
410
383
387
382
382
382
385
390
381
382
382
392
381
389
381
400
382
385
381
394
382
381
383
407
382
383
381
392
382
382
382
390
382
382
382
391
381
382
382
431
381
381
381
391
382
382
381
407
381
381
383
382
382
381
382
398
381
381
382
382
382
381
381
381
382
381
387
381
381
382
396
382
382
382
412
382
382
382
381
381
382
382
381
385
382
381
412
381
381
381
393
382
381
381
391
381
381
381
392
381
382
381
395
381
396
383
381
382
382
394
381
381
382
416
382
385
381
395
381
381
381
382
381
381
381
382
382
386
382
382
382
381
381
382
381
381
397
383
383
381
382
382
381
381
417
381
381
381
394
382
382
382
397
381
384
382
381
382
382
381
382
382
382
386
381
382
382
382
381
382
381
410
382
390
386
384
382
414
382
387
381
381
408
381
381
381
382
382
381
381
391
381
381
401
381
383
381
381
381
381
381
382
382
381
393
382
382
382
392
382
381
382
382
381
381
381
382
381
381
382
385
382
381
382
381
382
381
381
382
382
381
381
381
381
383
382
384
382
383
392
381
382
382
391
381
382
389
391
381
382
382
413
382
383
381
382
382
381
382
381
381
381
391
382
381
381
432
381
390
381
381
381
382
382
382
381
381
381
382
383
382
382
381
382
384
404
382
382
382
392
382
381
382
382
381
382
381
381
381
381
385
383
381
381
382
381
381
381
417
382
382
381
392
382
382
381
384
381
381
381
381
382
382
381
381
381
381
382
381
381
382
412
384
383
382
382
397
382
382
381
382
381
381
381
381
382
383
381
383
382
392
382
397
382
417
382
381
381
382
382
382
381
382
432
381
382
381
396
382
381
382
382
381
381
381
383
381
382
382
385
392
382
381
382
381
381
381
381
381
381
381
382
389
401
382
386
382
397
381
381
381
408
382
383
381
391
382
382
382
405
382
382
381
391
381
383
381
393
382
381
382
420
381
381
381
409
381
382
381
391
381
382
382
381
381
381
381
386
381
381
381
381
381
381
381
381
381
381
392
382
381
381
382
382
381
393
382
382
382
393
382
382
382
398
381
381
383
394
382
381
382
384
385
382
382
381
383
381
413
387
381
385
392
381
381
381
382
381
382
381
382
382
382
381
381
381
381
381
382
381
382
381
381
381
382
382
381
382
381
381
381
381
381
381
382
382
384
382
382
382
382
382
381
382
381
387
381
382
381
382
382
381
381
381
381
382
382
381
382
382
382
382
382
381
381
381
381
381
381
382
382
381
382
413
382
381
382
382
386
381
382
398
381
381
382
388
381
382
382
408
381
382
382
383
384
382
382
382
381
382
381
382
382
381
383
381
381
382
387
381
384
381
423
381
381
382
390
381
382
381
382
382
381
381
382
382
382
381
382
381
381
381
381
382
382
390
381
382
382
392
381
382
382
381
381
381
382
381
382
383
382
382
381
382
382
382
382
381
381
382
381
381
388
381
382
381
390
382
382
382
393
381
381
381
393
381
381
382
381
381
381
382
390
384
382
382
381
381
381
382
382
382
382
381
382
382
382
381
381
381
381
402
381
381
381
393
382
387
382
391
382
381
381
390
381
382
381
410
382
381
382
395
382
382
381
381
381
381
384
391
382
381
381
390
381
381
381
427
382
382
382
390
382
381
381
382
382
382
381
381
381
383
381
381
381
381
392
381
382
382
404
382
382
382
381
381
382
382
382
382
382
382
385
382
382
381
381
382
381
406
381
381
381
393
381
383
382
381
385
382
381
381
382
381
381
382
382
381
382
381
382
381
381
381
383
382
410
381
381
381
393
382
382
381
412
382
382
381
392
382
381
381
418
381
382
381
392
382
382
382
416
381
382
382
394
382
382
382
410
381
381
381
382
383
382
381
381
382
382
382
381
381
382
382
381
381
381
381
382
382
382
382
381
382
381
382
382
382
382
381
381
381
381
382
381
382
383
382
382
382
382
382
381
381
382
382
381
383
384
382
381
381
382
424
381
382
382
392
381
381
381
382
381
382
381
381
381
381
382
382
383
382
381
381
381
381
410
382
382
382
382
382
381
381
381
382
382
381
381
382
382
382
382
382
381
392
382
381
382
412
387
382
