510
510
511
510
510
522
510
510
523
510
510
510
516
510
510
511
510
510
557
510
509
529
511
510
510
510
510
514
511
510
510
522
513
509
521
510
510
510
510
510
543
522
510
510
510
510
516
510
520
510
510
511
510
510
510
516
510
510
510
510
510
511
552
510
510
510
510
510
510
531
510
511
510
510
510
513
510
510
510
519
510
512
512
510
510
510
522
511
510
511
510
511
510
518
510
511
510
510
527
510
519
512
510
510
515
510
510
510
509
509
521
510
510
510
511
510
510
519
516
510
510
516
510
510
510
510
510
535
510
510
510
511
515
510
519
510
510
509
510
510
510
520
510
510
510
510
509
510
510
510
510
544
510
510
510
526
509
510
518
509
510
522
510
510
509
535
510
510
509
510
509
510
515
527
510
510
510
510
510
526
510
510
511
510
510
510
523
514
515
541
510
549
510
510
510
510
521
510
510
510
510
510
520
543
510
510
542
510
509
510
521
511
510
510
510
510
510
555
510
510
560
512
510
510
510
510
510
538
510
511
511
522
509
510
533
510
510
510
511
510
510
522
510
510
510
515
510
510
525
526
510
544
510
510
510
510
509
510
510
513
510
519
510
518
556
510
510
510
510
510
510
537
511
513
510
511
510
543
526
510
511
510
510
510
510
547
510
510
511
510
510
545
510
510
510
522
510
510
510
511
512
510
525
510
510
536
510
510
510
510
510
510
527
510
510
510
514
510
510
544
512
511
510
510
509
510
510
510
510
510
514
510
510
510
510
510
521
511
510
511
512
509
510
524
510
509
510
510
526
510
511
510
509
523
509
510
510
510
510
511
510
510
526
561
509
510
510
510
510
512
522
510
510
541
510
509
526
511
510
511
536
510
510
510
510
510
510
525
510
513
510
510
510
510
520
510
511
510
510
510
510
519
510
510
510
527
510
510
510
511
510
510
522
510
510
519
529
510
510
511
510
511
523
510
511
510
509
510
510
519
510
510
510
511
511
510
510
510
510
533
511
510
510
510
510
510
510
510
511
510
510
510
511
534
510
510
510
511
510
510
531
510
510
510
509
510
509
516
509
510
520
510
513
510
510
510
510
525
510
510
511
510
515
510
510
510
509
520
510
510
510
510
512
510
520
525
511
510
510
510
510
535
510
511
510
512
510
509
523
510
510
510
510
510
510
520
510
510
509
510
512
510
529
510
510
510
510
510
510
510
509
510
510
510
510
510
510
510
510
536
510
510
512
510
510
510
533
509
510
510
510
510
510
518
510
510
510
510
509
510
521
510
512
529
510
510
511
526
510
510
540
512
512
524
510
516
510
510
510
509
511
510
510
516
510
512
510
510
515
510
513
511
509
511
511
514
529
510
509
512
510
510
510
516
510
510
510
510
510
511
510
509
509
531
512
510
510
510
509
510
538
510
510
510
510
510
510
521
510
510
510
510
510
510
534
510
510
510
510
510
510
529
510
510
512
510
510
510
515
510
510
522
510
511
510
510
509
509
531
510
510
510
510
509
518
539
510
512
510
509
510
510
515
511
511
510
513
511
510
510
510
512
520
510
512
510
510
510
510
515
510
510
510
510
510
510
521
510
510
510
510
510
510
511
512
511
552
510
510
510
516
510
510
520
510
512
510
510
510
510
510
510
510
510
510
511
510
523
510
510
510
511
510
510
519
517
510
510
510
514
510
520
510
510
511
511
510
510
519
511
510
510
510
510
510
520
510
510
510
510
510
510
540
510
510
510
510
510
513
552
510
510
510
510
510
512
547
510
513
510
510
534
510
511
510
514
513
510
562
511
510
520
510
510
509
510
510
510
512
511
510
519
510
516
552
510
510
510
510
510
510
519
512
510
510
510
510
546
522
510
510
510
510
509
510
510
510
510
518
510
510
510
510
510
509
510
510
510
530
510
510
510
510
510
510
522
518
510
510
510
510
510
521
510
511
516
510
511
510
534
529
510
510
510
510
510
520
510
510
510
510
510
510
523
510
510
510
510
510
511
520
510
510
510
539
511
510
520
510
526
510
510
510
510
519
510
510
511
510
511
510
520
510
510
510
510
511
510
519
510
511
510
511
510
511
523
510
517
509
510
510
509
528
510
510
509
509
510
511
510
509
510
519
509
510
510
510
512
510
519
510
510
512
510
510
510
520
511
511
509
510
509
510
519
511
510
511
512
510
510
510
510
511
535
510
510
510
511
510
511
530
510
509
510
510
510
511
513
510
510
519
510
510
510
510
510
510
520
510
510
510
510
510
510
519
510
510
511
510
513
510
521
510
510
510
510
510
512
519
510
511
510
511
510
516
520
511
510
510
510
510
510
519
510
510
511
534
510
510
512
511
510
511
537
510
510
510
510
510
510
535
510
512
526
510
513
510
510
511
510
510
511
510
536
510
510
510
515
513
510
532
510
510
510
510
510
510
531
510
509
523
512
510
509
510
510
510
533
510
511
510
510
510
510
516
510
510
538
510
510
510
510
510
510
511
510
510
512
510
510
517
518
510
510
510
510
510
510
510
510
510
510
537
510
510
511
510
510
510
510
510
510
510
510
510
510
520
510
512
512
510
510
510
510
510
510
510
511
513
511
520
510
511
510
517
510
510
536
510
510
510
510
510
510
535
510
510
510
510
509
512
510
511
510
525
510
510
510
509
511
510
535
510
510
521
509
510
510
514
510
510
519
510
510
509
510
511
515
520
510
510
510
511
510
510
522
510
511
510
510
510
509
519
509
510
510
510
515
509
536
510
510
509
510
510
510
523
510
510
522
518
509
510
510
513
509
510
510
510
543
510
510
510
510
509
511
510
510
510
510
510
510
528
516
510
510
510
510
512
522
511
510
511
510
511
510
521
510
512
509
510
514
510
511
510
510
510
512
510
510
510
510
516
510
510
510
510
519
510
511
510
510
510
510
521
510
510
512
510
510
510
533
510
510
511
510
509
510
539
511
510
510
510
510
510
511
511
510
535
509
509
510
510
510
510
521
513
510
511
510
510
511
520
511
510
511
510
510
512
510
510
511
510
510
510
510
510
