639
639
639
639
654
638
639
643
640
645
639
638
638
639
639
639
639
639
639
639
638
648
642
639
667
639
638
649
639
638
647
639
638
662
639
639
661
638
638
639
639
639
639
639
639
639
638
639
639
639
638
639
667
638
639
648
639
638
677
638
638
647
639
638
641
639
639
639
639
638
638
639
639
638
648
639
639
647
638
639
662
715
643
649
639
639
686
638
639
639
640
639
639
639
639
650
639
638
646
641
639
647
638
638
661
638
654
654
639
639
639
641
639
639
638
639
647
641
639
682
639
639
665
639
640
649
639
639
669
639
639
665
639
638
666
638
639
651
639
639
661
639
639
649
655
639
646
639
638
653
639
638
663
638
639
647
639
639
662
638
638
640
639
638
639
639
638
653
638
640
644
639
638
639
639
639
639
638
638
638
664
641
638
654
639
639
671
655
639
651
640
639
695
639
639
659
638
638
662
640
639
651
638
638
664
639
638
652
638
638
672
639
641
650
639
673
638
638
639
639
638
638
639
639
639
644
639
638
656
639
639
639
638
639
638
639
638
639
650
638
639
680
639
641
651
639
639
664
638
638
651
639
640
648
639
638
647
638
638
638
639
646
639
650
639
638
639
638
638
645
644
638
638
639
638
639
642
639
638
654
638
638
639
639
651
638
639
657
639
642
651
639
656
662
639
638
638
639
638
639
639
638
642
639
639
654
638
639
638
667
639
639
650
639
639
678
639
639
639
638
638
638
639
638
640
639
639
638
642
638
638
652
639
638
647
638
638
648
639
638
647
644
645
639
639
638
639
639
638
638
638
638
639
639
642
639
639
638
639
659
640
638
648
638
639
669
640
642
648
639
639
639
638
639
638
638
638
638
639
639
642
639
638
638
668
638
638
650
639
638
661
638
639
651
639
639
639
638
638
639
639
639
639
639
639
639
653
638
645
638
638
639
639
639
645
638
642
640
639
638
642
638
638
639
647
638
639
642
648
641
639
641
641
639
639
639
638
639
638
639
653
639
639
659
638
638
678
639
639
654
638
639
639
639
639
638
638
639
638
638
639
639
639
639
639
679
638
639
649
638
640
666
639
639
651
639
639
647
639
638
650
638
639
647
639
638
638
638
645
639
639
639
639
645
638
639
639
638
639
639
639
639
639
639
639
648
648
639
673
639
638
652
638
639
673
638
639
650
638
638
669
638
638
651
644
639
639
639
639
639
638
639
639
638
638
639
638
638
639
639
638
639
638
638
644
638
639
639
639
639
640
639
638
639
648
639
639
652
639
639
665
639
639
649
638
639
662
638
639
638
643
639
640
638
638
639
638
638
639
639
638
638
650
639
638
642
639
639
657
639
639
638
639
638
638
639
641
639
639
639
639
640
639
638
639
641
638
639
638
638
649
640
639
654
641
638
653
638
638
671
638
638
649
639
639
661
638
639
639
638
638
639
638
639
639
639
639
638
638
639
639
639
638
638
649
638
638
666
639
641
661
639
638
639
638
638
639
638
639
639
639
638
638
639
638
648
638
640
638
641
639
638
639
638
642
639
639
642
638
638
639
639
639
649
638
640
663
638
638
653
638
638
670
639
639
650
639
639
639
639
639
639
639
640
639
638
639
639
667
639
639
650
640
639
675
639
639
652
639
638
665
638
638
650
638
639
649
638
638
651
639
639
650
638
638
639
639
639
646
638
638
638
639
638
639
639
638
638
649
638
638
666
639
638
653
638
639
646
638
638
650
639
638
638
644
639
638
639
638
638
639
639
638
638
640
639
639
639
639
639
639
638
638
638
648
647
638
639
640
639
638
638
638
639
639
638
638
638
639
638
638
638
639
639
638
639
639
639
639
645
648
638
639
671
638
638
649
638
638
672
639
639
654
639
638
664
639
638
649
639
639
640
638
639
638
644
639
639
652
638
639
663
639
638
649
639
639
649
650
639
649
638
639
638
638
638
638
639
639
641
638
645
639
639
638
639
647
638
639
660
638
639
647
638
640
638
639
641
638
638
639
638
638
639
639
639
640
642
638
639
638
639
638
638
641
638
639
638
639
639
639
639
639
647
639
638
639
638
638
639
639
638
679
638
639
649
639
639
648
639
639
647
638
638
639
640
638
638
638
638
641
639
638
638
639
639
638
639
644
640
639
638
639
665
639
639
647
639
641
654
638
644
648
639
639
639
639
638
639
639
639
639
639
639
641
639
640
639
647
639
638
680
639
638
645
639
641
640
638
639
638
644
639
638
639
639
638
639
638
639
649
639
638
683
641
639
647
638
639
639
638
638
639
641
638
639
638
638
639
639
638
638
647
639
639
661
638
638
653
638
638
674
639
638
651
639
639
639
638
639
638
639
638
638
639
638
638
639
638
641
639
639
641
639
638
639
647
638
639
667
638
638
647
639
639
639
639
639
644
652
639
659
639
644
638
639
639
639
643
638
639
638
639
643
638
641
639
638
639
639
639
639
639
638
639
642
639
639
639
638
639
639
650
639
638
662
638
639
649
638
638
652
638
639
638
638
639
638
638
645
639
638
638
639
639
638
639
638
639
657
639
638
655
639
638
648
639
646
659
639
639
654
639
639
639
644
639
638
638
638
639
639
638
639
642
639
639
639
639
639
648
639
638
666
638
638
648
641
639
669
639
639
639
639
638
638
638
639
639
638
642
639
639
641
638
647
638
638
658
638
638
648
640
641
667
639
639
638
639
639
639
639
639
639
638
638
640
639
639
638
652
638
638
647
638
639
660
638
638
656
638
638
642
638
639
638
639
639
641
639
639
639
642
639
638
638
639
639
661
639
639
647
638
639
683
641
640
639
638
638
639
638
638
639
639
641
639
638
640
639
651
639
639
665
638
638
648
638
638
661
639
641
639
641
639
639
638
638
639
638
639
639
639
639
640
665
638
638
648
639
638
679
638
639
647
641
642
671
638
639
650
638
638
661
638
638
638
638
638
639
642
638
638
639
639
639
639
639
640
646
638
638
671
642
639
648
638
639
639
638
638
638
638
639
639
645
640
639
683
639
639
646
639
638
646
639
640
