767
768
767
780
767
767
793
782
768
767
767
767
768
768
777
767
767
792
767
768
767
767
767
771
767
778
768
767
786
767
769
767
767
767
767
767
792
768
767
782
766
767
786
767
767
767
767
767
768
768
767
768
767
1097
767
767
767
767
780
767
777
785
767
767
768
767
768
767
768
781
767
800
776
767
767
767
778
767
767
768
775
767
767
827
767
767
776
768
768
768
767
768
767
767
790
767
770
777
767
769
768
767
768
767
767
767
783
767
792
767
767
783
769
767
796
768
767
822
768
767
772
767
773
767
767
777
767
767
768
767
767
768
767
779
770
768
786
767
768
777
767
768
768
768
767
767
771
768
767
767
775
767
767
791
767
767
776
767
771
789
767
767
767
767
768
767
767
767
766
767
792
767
767
780
767
767
767
768
768
767
767
768
767
767
767
767
796
767
767
775
767
777
769
769
777
767
767
768
767
767
767
772
767
767
779
793
767
767
806
767
768
767
776
767
767
770
788
768
767
787
767
767
806
767
770
768
768
767
767
768
767
767
767
767
767
767
779
767
767
810
767
767
767
767
767
768
768
768
768
767
796
767
767
779
767
767
782
767
767
779
769
767
817
768
767
767
767
768
767
767
777
767
767
778
767
769
798
767
766
767
767
767
767
774
783
767
768
777
767
767
767
767
768
768
768
768
768
768
794
770
768
777
767
767
768
767
768
767
768
793
767
767
777
767
767
785
767
768
785
767
767
767
767
768
768
767
767
767
767
780
771
767
779
768
768
793
768
767
767
768
767
768
772
767
767
767
767
767
767
779
767
768
794
768
769
778
767
768
768
768
767
767
767
767
767
768
769
768
767
790
767
768
778
767
767
792
767
767
779
767
768
799
767
767
767
767
767
767
767
768
769
767
792
768
767
779
836
767
767
772
779
769
767
792
767
767
779
767
767
770
767
799
767
767
782
767
767
774
768
779
767
769
782
767
768
767
767
767
768
767
767
767
778
783
767
767
767
767
768
768
767
767
767
767
780
767
767
768
768
767
767
767
778
767
767
797
767
767
767
767
767
767
767
777
767
767
795
767
769
767
767
767
767
768
767
767
767
811
770
767
778
767
767
768
768
777
767
767
778
767
767
779
767
767
767
767
767
767
767
777
768
773
792
767
767
767
767
767
767
769
767
768
767
774
767
767
780
768
768
790
767
767
778
768
767
801
767
767
767
767
767
767
767
767
768
767
787
767
768
779
767
768
790
767
768
768
767
767
769
767
780
767
767
793
767
767
778
767
769
767
773
767
767
767
784
767
767
778
767
767
792
767
771
767
768
767
767
767
768
768
768
795
767
767
780
767
767
777
767
767
766
772
796
768
770
778
767
767
775
767
768
769
767
784
767
767
779
766
767
768
767
767
767
767
796
767
767
781
767
766
767
768
767
767
767
767
767
767
781
767
767
792
768
772
767
767
767
773
767
779
767
768
792
767
767
767
767
767
767
768
779
768
768
791
767
767
777
767
767
768
773
768
767
767
777
767
768
791
767
767
767
768
768
767
768
793
767
767
786
767
767
767
767
773
768
767
795
767
767
778
766
767
796
767
767
770
767
768
768
768
779
768
767
793
767
767
768
767
767
768
768
768
767
767
782
768
768
792
773
767
779
767
768
767
768
767
768
767
767
768
773
779
767
768
792
767
767
781
768
768
793
767
773
768
767
767
768
768
767
768
767
791
767
767
779
768
767
767
767
767
767
766
767
770
766
777
768
767
776
767
767
768
768
768
767
768
773
805
767
770
776
767
767
787
768
768
767
771
802
767
768
775
768
768
767
767
773
767
767
785
767
767
788
766
767
788
767
767
767
768
768
767
768
767
769
767
767
767
767
809
767
767
778
767
767
792
770
768
783
768
767
767
767
767
767
767
767
767
770
767
767
767
804
767
767
779
768
767
797
767
773
779
767
768
768
767
767
767
767
768
767
767
773
768
768
794
767
767
778
767
768
793
768
767
784
767
769
1131
767
779
768
768
791
767
767
780
767
767
767
767
770
767
767
780
767
767
776
767
766
768
767
768
767
767
785
767
767
790
778
767
767
767
805
767
768
797
767
768
778
767
772
805
767
769
792
767
768
790
768
768
767
768
774
768
768
772
783
767
778
767
769
800
767
767
784
768
767
792
784
767
767
767
767
767
767
766
769
767
783
767
767
789
767
767
777
769
768
767
767
767
767
767
791
767
768
780
767
768
790
772
767
767
768
783
767
767
767
767
767
778
767
769
791
767
767
775
767
769
775
767
767
767
767
769
768
767
768
767
767
769
767
767
776
767
769
795
767
767
775
768
767
806
767
768
767
767
768
769
767
767
767
769
785
767
821
778
767
768
792
768
767
767
767
767
767
774
789
767
768
778
769
767
767
767
767
768
767
777
767
767
807
767
771
778
767
767
767
767
767
767
767
767
767
767
771
767
767
796
768
767
785
768
767
768
768
767
768
767
776
767
768
777
767
768
774
768
768
771
768
767
767
767
789
767
768
779
767
767
767
767
767
767
767
775
767
767
777
767
767
778
770
767
767
767
767
767
767
767
767
767
775
768
771
779
767
767
768
767
767
767
767
767
767
768
777
769
767
821
768
767
775
768
768
769
767
768
767
767
783
767
767
779
767
767
767
767
767
771
767
769
767
768
786
767
768
778
768
769
774
767
768
775
768
767
767
768
776
768
767
792
769
767
767
769
770
767
767
772
767
767
774
767
768
768
767
767
767
767
777
769
767
784
767
772
776
767
767
768
767
767
767
767
775
768
768
792
767
767
787
768
795
767
776
812
767
767
773
767
767
768
798
783
767
767
818
767
768
767
770
767
767
768
788
767
767
768
767
769
767
772
791
767
767
811
768
768
789
767
767
768
767
767
767
767
767
767
767
780
767
767
791
767
767
772
767
767
767
767
767
767
767
767
767
767
774
767
767
787
768
768
791
767
768
778
768
767
794
767
767
768
783
767
767
767
767
767
767
776
771
767
798
767
782
778
767
767
793
768
767
767
770
767
768
767
784
767
767
