896
899
909
896
896
895
907
908
895
896
896
895
930
896
896
896
895
904
895
896
897
895
915
899
896
895
895
911
896
910
895
896
905
899
896
896
895
906
895
911
896
895
921
896
895
895
895
923
896
897
911
896
907
896
899
895
896
904
896
896
921
896
896
896
897
911
895
896
896
896
904
913
896
896
896
905
896
896
896
896
905
896
913
912
896
896
898
896
903
896
895
896
896
919
896
895
895
897
922
895
895
903
895
907
896
895
896
902
910
896
896
896
895
909
896
898
896
896
907
896
896
905
896
898
896
896
923
895
896
896
897
905
895
895
896
896
907
896
897
902
896
904
896
896
917
897
896
896
896
923
900
896
896
897
914
896
896
896
895
907
897
896
924
896
896
895
895
903
896
895
896
902
902
896
896
897
896
919
896
896
896
896
896
907
898
909
901
896
905
896
896
896
895
905
895
896
899
897
914
896
896
896
896
906
896
904
896
896
919
895
896
896
896
903
896
896
915
895
896
895
895
904
896
896
896
895
910
896
895
906
895
905
896
895
907
896
896
904
896
907
896
896
895
896
909
896
896
896
895
906
896
896
896
895
918
896
895
905
895
896
895
895
917
895
895
896
896
904
896
904
895
896
923
896
896
911
896
919
896
896
908
895
897
895
896
933
895
896
896
895
920
896
896
896
896
927
896
897
896
896
910
919
895
896
899
911
896
895
896
896
905
896
896
925
902
918
896
895
896
896
924
896
899
920
895
920
896
896
906
896
896
896
896
905
896
895
895
895
910
896
896
895
896
918
895
896
896
896
909
896
896
896
896
905
896
896
922
896
896
895
896
921
895
897
900
896
906
895
896
896
897
905
896
896
895
899
906
895
898
925
896
904
895
896
918
898
896
896
895
922
895
896
896
898
917
895
904
897
895
922
898
896
896
896
904
896
896
895
904
897
902
896
896
930
895
896
1218
895
916
904
913
896
895
903
895
905
896
899
896
895
906
896
896
896
895
907
895
896
896
896
912
903
895
896
896
907
896
896
905
896
895
896
895
907
896
896
896
895
903
895
896
895
902
913
896
896
896
896
905
896
895
912
896
901
895
897
926
896
896
902
896
916
896
896
896
896
922
896
896
905
897
896
896
896
901
896
896
896
896
905
896
896
896
895
895
902
896
925
896
896
896
896
914
897
896
905
901
895
895
896
905
896
896
896
896
920
896
902
897
896
896
896
895
905
895
897
895
895
904
896
896
896
896
904
896
896
919
896
897
896
897
903
896
896
896
895
913
895
896
910
896
896
895
896
904
896
896
895
896
904
902
896
895
896
920
896
895
895
896
921
901
902
898
896
906
896
913
896
896
909
902
896
896
928
907
895
895
896
896
904
896
901
906
896
896
896
896
920
896
896
904
896
900
896
911
896
901
919
895
896
895
895
910
896
896
975
911
906
933
895
916
896
895
899
897
906
896
896
896
896
905
895
896
900
896
911
929
895
896
895
905
896
896
896
896
921
896
895
905
896
896
896
896
944
900
895
896
896
906
896
896
896
895
905
896
900
971
896
909
896
896
918
896
896
896
896
919
895
896
897
896
896
895
897
906
896
896
896
895
918
896
897
908
896
896
896
895
904
897
896
896
895
905
896
896
896
897
923
899
896
907
896
895
897
896
907
896
896
896
899
906
896
897
896
896
917
895
896
897
895
922
896
895
896
896
925
895
896
905
896
905
896
896
908
895
895
895
895
917
896
897
895
895
909
896
896
896
896
905
896
896
901
896
922
896
897
896
923
896
895
909
896
896
908
896
927
896
905
895
896
896
896
910
896
897
924
895
907
896
895
921
896
896
896
896
906
929
895
896
896
909
896
896
929
896
896
897
911
918
896
896
896
896
923
902
896
896
896
905
896
895
923
896
895
896
898
916
896
895
896
896
905
896
896
922
896
896
895
895
910
896
896
896
896
901
896
901
896
895
906
911
895
896
895
913
971
896
896
902
915
911
895
895
895
916
896
896
901
896
906
912
895
896
896
910
895
896
901
896
918
897
895
896
896
904
896
895
906
901
895
896
895
905
896
896
896
896
905
895
895
896
896
919
895
896
896
896
907
896
900
896
895
904
896
896
904
896
903
896
896
914
896
896
896
896
896
895
895
915
896
896
906
896
906
895
895
895
895
917
895
896
896
896
907
900
911
896
898
909
896
895
917
904
896
898
896
934
896
896
896
895
917
898
899
907
896
896
896
895
920
896
896
908
896
899
896
896
920
896
895
896
896
904
896
896
929
896
896
921
895
896
905
924
895
896
898
895
905
896
905
922
896
895
895
896
946
897
895
896
896
937
895
895
896
898
914
899
896
896
896
960
899
896
896
896
895
896
899
908
897
896
912
895
906
896
896
915
896
899
896
895
928
895
895
899
895
918
896
896
895
896
925
896
896
906
896
896
896
896
905
896
896
896
912
921
896
896
907
896
896
899
896
908
896
912
896
896
906
896
896
917
900
895
895
896
934
895
896
896
898
906
896
899
910
896
896
896
898
906
895
895
896
896
909
898
896
911
895
905
897
896
921
897
896
896
896
908
895
896
897
896
905
896
896
910
896
896
898
896
905
896
896
896
895
908
899
895
906
895
896
896
896
934
895
895
896
896
908
896
896
912
896
895
896
895
911
895
898
896
896
930
895
896
907
896
896
896
896
919
896
896
913
898
896
895
895
924
896
896
896
898
927
896
896
911
896
895
903
896
908
896
895
896
897
921
903
896
895
896
920
904
896
910
896
896
896
896
924
896
896
898
898
920
896
896
896
896
925
896
896
907
895
896
895
896
909
895
895
896
895
920
896
903
896
896
919
896
896
895
896
926
896
896
910
896
896
895
896
921
896
895
896
896
920
902
896
896
896
918
896
896
905
898
919
901
895
908
898
919
898
896
912
896
896
896
896
907
896
897
895
896
918
896
896
896
902
919
896
896
896
896
921
896
896
906
896
901
896
895
906
896
896
896
895
906
895
896
895
896
925
896
896
896
901
923
896
896
896
895
918
897
902
896
896
922
896
896
