1024
1024
1024
1035
1024
1030
1034
1024
1024
1024
1026
1030
1058
1024
1035
1024
1026
1025
1026
1062
1024
1030
1035
1025
1024
1026
1034
1026
1052
1037
1034
1036
1027
1025
1024
1034
1024
1055
1024
1024
1024
1024
1058
1031
1032
1025
1024
1025
1024
1033
1026
1041
1024
1024
1024
1024
1046
1024
1036
1024
1028
1024
1024
1045
1024
1037
1024
1025
1046
1025
1038
1024
1025
1025
1024
1036
1024
1026
1024
1024
1039
1025
1051
1025
1024
1024
1030
1031
1024
1034
1032
1025
1024
1024
1032
1024
1036
1025
1026
1024
1030
1033
1024
1025
1025
1026
1046
1025
1035
1024
1030
1025
1026
1032
1024
1024
1024
1024
1024
1025
1052
1024
1024
1024
1025
1044
1024
1036
1024
1025
1024
1025
1038
1025
1024
1025
1024
1036
1028
1037
1024
1024
1024
1024
1040
1024
1025
1025
1024
1037
1025
1050
1024
1026
1024
1024
1046
1024
1036
1028
1027
1024
1025
1051
1024
1037
1025
1026
1044
1028
1036
1024
1025
1024
1027
1037
1024
1048
1024
1027
1024
1055
1024
1036
1027
1050
1024
1024
1028
1025
1034
1024
1025
1024
1024
1033
1024
1041
1027
1025
1024
1024
1044
1024
1032
1024
1026
1025
1025
1047
1025
1033
1024
1026
1024
1025
1033
1024
1024
1024
1025
1038
1025
1044
1024
1024
1024
1031
1049
1024
1037
1024
1025
1024
1025
1035
1024
1024
1024
1024
1037
1024
1046
1024
1024
1034
1024
1044
1026
1024
1024
1025
1047
1025
1035
1024
1024
1026
1025
1051
1025
1038
1032
1024
1025
1024
1046
1026
1040
1024
1024
1024
1024
1033
1024
1035
1025
1025
1025
1040
1047
1024
1025
1024
1024
1034
1024
1033
1024
1024
1024
1024
1042
1024
1035
1024
1024
1024
1024
1034
1024
1034
1024
1024
1025
1024
1042
1025
1024
1024
1024
1024
1024
1043
1024
1025
1034
1024
1024
1024
1033
1024
1025
1024
1024
1025
1027
1054
1024
1036
1024
1024
1035
1024
1035
1025
1024
1024
1040
1024
1024
1052
1024
1027
1024
1030
1025
1024
1045
1024
1026
1024
1024
1046
1025
1040
1024
1027
1054
1026
1033
1025
1024
1024
1030
1038
1024
1033
1025
1025
1024
1024
1032
1024
1054
1025
1036
1031
1031
1024
1024
1024
1024
1030
1033
1032
1024
1041
1025
1024
1034
1027
1040
1024
1024
1024
1026
1038
1024
1036
1024
1024
1025
1025
1024
1024
1044
1030
1024
1025
1024
1033
1024
1040
1024
1050
1045
1026
1024
1024
1054
1024
1043
1024
1024
1024
1025
1038
1025
1050
1025
1024
1030
1025
1047
1024
1042
1025
1024
1024
1024
1033
1024
1050
1024
1024
1030
1026
1055
1024
1025
1024
1024
1048
1026
1035
1030
1024
1025
1025
1034
1025
1046
1024
1024
1024
1044
1034
1026
1044
1024
1024
1024
1024
1024
1030
1041
1024
1025
1024
1025
1031
1025
1042
1025
1035
1024
1025
1049
1024
1045
1024
1024
1025
1024
1038
1024
1025
1024
1025
1051
1024
1034
1024
1025
1029
1025
1037
1025
1026
1025
1025
1024
1024
1047
1027
1025
1025
1024
1030
1025
1033
1025
1024
1025
1024
1050
1024
1036
1025
1025
1024
1025
1030
1025
1047
1026
1025
1025
1025
1035
1024
1024
1026
1028
1025
1024
1035
1024
1033
1025
1024
1024
1025
1055
1024
1041
1037
1024
1024
1061
1024
1025
1051
1024
1025
1025
1024
1041
1024
1035
1024
1024
1045
1024
1039
1024
1036
1024
1024
1024
1034
1024
1024
1034
1024
1046
1056
1080
1025
1033
1025
1024
1024
1033
1034
1024
1033
1027
1024
1055
1028
1041
1032
1034
1026
1057
1024
1024
1024
1024
1057
1025
1042
1025
1025
1025
1025
1042
1024
1024
1025
1024
1041
1025
1050
1025
1024
1025
1024
1032
1024
1026
1030
1024
1052
1024
1041
1025
1026
1024
1024
1044
1030
1034
1024
1024
1025
1025
1032
1025
1025
1025
1031
1029
1024
1034
1024
1024
1029
1025
1035
1025
1030
1024
1025
1032
1026
1056
1024
1024
1024
1024
1038
1024
1024
1025
1024
1033
1024
1050
1024
1024
1028
1024
1044
1025
1025
1024
1024
1046
1024
1033
1025
1025
1025
1025
1033
1025
1033
1025
1024
1048
1024
1035
1025
1024
1025
1026
1032
1025
1033
1024
1024
1024
1025
1033
1024
1025
1025
1025
1032
1026
1037
1025
1040
1024
1024
1024
1025
1033
1024
1043
1024
1024
1031
1024
1039
1025
1033
1024
1025
1028
1025
1036
1024
1034
1025
1024
1053
1024
1043
1025
1024
1025
1025
1057
1024
1033
1024
1024
1061
1025
1036
1025
1025
1025
1025
1035
1025
1025
1024
1024
1025
1025
1051
1024
1035
1024
1047
1025
1039
1025
1046
1041
1024
1025
1026
1034
1024
1035
1026
1025
1025
1024
1037
1025
1025
1025
1024
1035
1025
1047
1024
1025
1026
1024
1048
1025
1025
1025
1025
1047
1025
1034
1024
1025
1024
1024
1057
1025
1037
1025
1024
1024
1025
1038
1024
1024
1024
1025
1035
1024
1046
1025
1025
1029
1024
1035
1024
1025
1024
1024
1035
1024
1047
1028
1024
1024
1025
1048
1024
1024
1024
1024
1053
1030
1047
1024
1024
1025
1025
1047
1025
1035
1025
1030
1026
1025
1051
1025
1035
1024
1025
1025
1025
1042
1024
1024
1024
1024
1039
1025
1047
1025
1024
1030
1024
1035
1025
1024
1024
1024
1040
1024
1048
1029
1024
1025
1024
1049
1024
1026
1024
1024
1046
1030
1036
1024
1024
1024
1024
1040
1024
1024
1024
1030
1035
1025
1045
1025
1024
1025
1024
1034
1024
1049
1024
1024
1025
1026
1049
1024
1025
1028
1027
1026
1026
1050
1025
1025
1024
1024
1026
1025
1037
1024
1024
1024
1025
1056
1025
1055
1024
1025
1025
1024
1047
1025
1038
1025
1025
1025
1025
1034
1026
1047
1025
1024
1024
1025
1034
1025
1024
1024
1024
1035
1024
1055
1024
1025
1024
1025
1046
1026
1025
1024
1024
1025
1024
1034
1025
1025
1025
1024
1036
1024
1036
1026
1025
1024
1025
1045
1025
1024
1028
1025
1038
1025
1045
1025
1024
1025
1025
1053
1024
1024
1024
1031
1026
1024
1035
1025
1024
1024
1025
1038
1025
1043
1024
1024
1025
1024
1042
1024
1024
1024
1024
1049
1025
1034
1025
1024
1024
1025
1033
1024
1046
1024
1024
1024
1024
1046
1026
1025
1024
1024
1228
1024
1036
1037
1033
1024
1024
1030
1025
1037
1025
1038
1024
1024
1025
1024
1038
1025
1049
1024
1065
1024
1025
1025
1025
1052
1029
1025
1024
1024
1050
1025
1045
1024
1024
1024
1030
1036
1024
1045
1024
1025
1025
1024
1053
1025
1030
1024
1024
1046
1024
1035
1024
1024
1024
1024
1039
1024
1024
1024
1024
1048
1024
1039
1024
1025
1026
1025
1024
1025
1036
1026
1024
1024
1024
1034
1024
1048
1024
1025
1024
1024
1036
1024
1046
1027
1024
1024
1025
1045
1024
1037
1026
1025
1024
1027
1035
1024
1025
1026
1025
1024
1024
1046
1024
1027
1024
1024
1046
1024
1037
1024
1025
1048
1025
1039
1024
1024
1024
1024
1037
1025
1024
1025
1024
1036
1025
1046
1024
1024
1024
1024
1089
1026
1035
1031
1024
1024
1024
1037
1025
1024
1025
1024
1045
1025
1037
1026
1024
1024
1024
1034
1024
1048
1027
1024
1024
1024
1047
1024
1034
1027
1025
1024
1024
1035
1025
1024
1024
1024
1035
1024
1044
1024
1025
1025
1030
1041
1024
1045
1024
1026
1024
1024
1037
1025
1034
1024
1025
1025
1024
1033
1025
1033
1028
1026
1024
1024
1048
1024
1037
1024
1025
1024
1028
1034
1024
1025
1024
1026
1033
1025
1037
1024
1024
1025
1025
1044
1025
1035
1024
1024
1025
1024
1032
1024
1048
1024
1024
1026
1024
1043
1024
1027
1024
1024
1029
1024
1041
1024
1049
1025
1025
1036
1024
1047
1025
1024
1024
1024
1056
1024
1034
1030
1024
1025
1024
1044
1024
1054
1024
1024
1025
1025
1034
1024
1034
1025
1024
1024
1024
1040
1025
1024
1024
1024
1046
1025
1034
1025
