1157
1153
1153
1152
1153
1178
1153
1179
1155
1170
1153
1201
1152
1163
1162
1156
1153
1154
1156
1153
1167
1152
1170
1159
1164
1153
1153
1159
1153
1152
1153
1181
1153
1167
1153
1178
1157
1154
1152
1153
1153
1153
1164
1153
1175
1153
1167
1153
1153
1153
1153
1153
1153
1175
1153
1168
1153
1175
1153
1164
1152
1153
1153
1153
1153
1155
1164
1153
1172
1153
1164
1155
1153
1155
1153
1153
1153
1202
1158
1163
1153
1162
1155
1153
1153
1152
1153
1153
1165
1153
1161
1155
1172
1153
1153
1153
1153
1154
1153
1175
1155
1162
1153
1175
1153
1153
1153
1153
1161
1153
1180
1153
1165
1153
1153
1153
1153
1153
1153
1179
1153
1166
1153
1175
1153
1152
1153
1153
1210
1153
1166
1157
1175
1153
1159
1152
1161
1158
1156
1153
1153
1159
1157
1153
1153
1168
1158
1171
1154
1163
1153
1167
1153
1153
1154
1159
1166
1153
1162
1153
1187
1153
1162
1153
1159
1153
1153
1177
1153
1176
1153
1162
1153
1157
1153
1153
1153
1153
1164
1153
1164
1153
1155
1153
1174
1153
1153
1155
1160
1162
1153
1161
1153
1199
1153
1160
1154
1153
1153
1153
1173
1154
1165
1153
1176
1153
1164
1153
1164
1153
1153
1153
1153
1153
1170
1178
1153
1162
1153
1178
1154
1153
1153
1153
1153
1152
1166
1153
1173
1153
1165
1153
1176
1155
1153
1153
1153
1164
1153
1201
1153
1161
1153
1154
1153
1153
1154
1153
1178
1153
1164
1153
1163
1153
1153
1153
1153
1159
1155
1163
1153
1163
1153
1162
1153
1153
1159
1153
1153
1153
1173
1155
1162
1153
1174
1153
1153
1153
1153
1153
1153
1173
1153
1163
1153
1178
1153
1153
1153
1153
1154
1153
1179
1153
1168
1153
1165
1153
1154
1153
1153
1161
1153
1182
1153
1162
1153
1153
1218
1157
1152
1153
1158
1153
1153
1153
1164
1153
1179
1153
1161
1159
1155
1153
1153
1173
1153
1163
1153
1176
1153
1153
1153
1154
1153
1155
1162
1153
1174
1153
1171
1155
1153
1153
1153
1157
1153
1169
1155
1167
1153
1153
1153
1154
1155
1153
1172
1153
1165
1152
1163
1156
1153
1153
1153
1163
1153
1174
1153
1163
1153
1153
1153
1153
1155
1153
1172
1158
1163
1153
1163
1153
1153
1153
1153
1162
1158
1173
1153
1162
1153
1153
1153
1155
1153
1155
1163
1153
1172
1153
1161
1153
1156
1153
1152
1153
1153
1153
1153
1153
1158
1180
1170
1164
1194
1162
1154
1169
1153
1160
1153
1155
1152
1153
1153
1152
1162
1152
1165
1153
1172
1153
1165
1153
1153
1153
1152
1165
1153
1163
1153
1181
1153
1164
1153
1153
1156
1153
1156
1153
1179
1153
1164
1153
1176
1156
1153
1153
1153
1153
1152
1178
1153
1165
1157
1176
1153
1184
1166
1152
1153
1153
1153
1157
1174
1153
1183
1158
1176
1153
1153
1152
1156
1153
1152
1169
1153
1174
1153
1165
1152
1166
1153
1153
1170
1153
1153
1153
1174
1153
1163
1152
1183
1169
1153
1159
1152
1153
1152
1172
1153
1169
1168
1177
1152
1164
1170
1153
1154
1153
1153
1169
1165
1153
1176
1152
1163
1152
1156
1153
1152
1164
1154
1173
1153
1163
1153
1158
1213
1156
1153
1159
1153
1153
1173
1153
1169
1152
1176
1153
1164
1152
1153
1153
1153
1169
1153
1174
1169
1164
1153
1153
1153
1153
1168
1153
1175
1169
1164
1153
1178
1153
1153
1153
1158
1155
1168
1153
1153
1163
1168
1153
1153
1153
1158
1164
1161
1164
1153
1176
1153
1166
1153
1167
1153
1153
1153
1153
1163
1155
1179
1153
1169
1153
1153
1153
1153
1153
1153
1171
1153
1161
1154
1176
1154
1153
1153
1153
1184
1153
1162
1159
1163
1153
1153
1154
1153
1152
1153
1161
1159
1172
1153
1161
1153
1153
1161
1153
1154
1158
1162
1153
1175
1153
1163
1153
1153
1153
1153
1153
1153
1162
1153
1172
1153
1162
1153
1155
1153
1153
1176
1153
1163
1155
1174
1153
1153
1158
1153
1153
1155
1180
1153
1162
1153
1161
1160
1153
1153
1153
1153
1153
1162
1152
1177
1159
1163
1153
1153
1155
1152
1153
1153
1176
1159
1173
1153
1173
1153
1163
1153
1153
1153
1153
1153
1153
1161
1152
1165
1152
1161
1153
1166
1153
1160
1153
1154
1153
1153
1168
1154
1162
1153
1161
1153
1164
1153
1153
1153
1152
1153
1153
1163
1155
1169
1153
1165
1153
1153
1153
1154
1153
1153
1171
1153
1161
1154
1153
1153
1157
1153
1153
1173
1152
1163
1153
1175
1153
1157
1153
1153
1163
1153
1172
1153
1167
1153
1153
1152
1153
1153
1153
1161
1153
1179
1153
1153
1153
1152
1158
1164
1153
1192
1153
1164
1153
1164
1159
1166
1153
1158
1154
1153
1154
1153
1164
1152
1178
1153
1164
1188
1163
1153
1178
1152
1162
1158
1153
1153
1156
1153
1153
1172
1153
1164
1156
1175
1153
1153
1153
1153
1153
1153
1165
1155
1175
1153
1163
1153
1153
1154
1153
1166
1153
1166
1152
1175
1153
1174
1153
1153
1153
1153
1153
1153
1161
1152
1165
1153
1164
1161
1166
1153
1153
1153
1168
1171
1153
1163
1153
1166
1155
1153
1155
1168
1153
1153
1174
1152
1168
1155
1181
1153
1168
1153
1153
1155
1153
1163
1155
1183
1153
1167
1153
1153
1153
1153
1170
1153
1165
1153
1174
1169
1165
1153
1156
1153
1153
1184
1152
1163
1168
1162
1153
1153
1153
1153
1155
1155
1182
1170
1163
1153
1178
1154
1153
1155
1153
1153
1168
1174
1152
1164
1153
1176
1156
1153
1155
1153
1153
1153
1163
1153
1173
1153
1165
1153
1153
1153
1152
1153
1152
1162
1153
1161
1153
1164
1153
1168
1153
1158
1158
1160
1153
1153
1153
1152
1162
1153
1166
1153
1162
1153
1164
1152
1153
1153
1152
1153
1152
1164
1155
1173
1153
1166
1153
1152
1152
1152
1153
1153
1172
1153
1166
1154
1176
1153
1163
1153
1153
1154
1153
1153
1153
1173
1153
1165
1153
1179
1153
1153
1153
1153
1172
1153
1163
1153
1181
1153
1154
1152
1152
1153
1153
1169
1153
1180
1153
1165
1153
1153
1153
1155
1162
1153
1178
1153
1166
1153
1168
1153
1153
1153
1153
1175
1164
1166
1153
1168
1153
1153
1152
1153
1153
1158
1166
1153
1172
1158
1158
1153
1153
1153
1155
1153
1152
1153
1153
1161
1153
1159
1153
1166
1153
1153
1186
1153
1153
1158
1153
1153
1174
1153
1162
1153
1168
1153
1163
1153
1157
1156
1153
1153
1155
1159
1152
1170
1153
1174
1159
1178
1153
1154
1152
1153
1153
1153
1160
1154
1160
1153
1191
1153
1153
1153
1155
1166
1153
1161
1153
1159
1155
1153
1153
1153
1160
1153
1161
1155
1174
1155
1153
1153
1153
1155
1153
1178
1153
1162
1153
1152
1156
1153
1153
1153
1180
1153
1162
1153
1174
1153
1153
1153
1153
1167
1155
1160
1153
1172
1153
1155
1153
1153
1159
1155
1174
1153
1164
1153
1153
1153
1153
1158
1155
1163
1154
1159
1154
1180
1153
1155
1153
1153
1161
1153
1160
1155
1172
1153
1153
1153
1153
1161
1153
1168
1154
1160
1153
1153
1169
1153
1158
1153
1153
1161
1166
1153
1163
1153
1162
1160
1153
1153
1153
1153
1153
1169
1152
1162
1155
1173
1153
1165
1153
1153
1153
1153
1162
1153
1163
1153
1162
1153
1175
1153
1152
1154
1154
1153
1153
1171
1168
1165
1154
1174
1153
1153
1157
1153
1153
1171
1162
1153
1172
1153
1153
1157
1153
1153
1168
1160
1152
1161
1152
1172
1157
1153
1152
1153
1155
1153
1162
1153
1164
1153
1163
1153
1152
1153
1153
1153
1153
1168
1153
1185
1153
1153
1153
1153
1153
1152
1166
1153
1162
1153
1175
1153
1153
1152
1152
1153
1155
1173
1153
1162
1153
1162
1153
1155
1153
1152
1160
1153
1180
1153
1163
1152
1176
1153
1152
1153
1153
1153
1153
1164
1153
1169
1153
1162
1153
1153
1153
1153
1154
1153
1183
1153
1161
1153
1178
1153
1152
1153
1153
1153
1153
1170
