124
124
125
125
125
125
125
126
124
124
125
124
125
126
125
146
124
124
124
124
124
125
124
124
164
124
124
153
124
137
124
124
124
124
140
132
124
124
124
125
125
127
124
124
124
124
125
124
124
125
124
124
124
124
124
124
124
124
125
125
124
124
124
124
124
124
125
125
124
124
124
124
124
124
125
137
124
124
125
125
130
124
124
124
125
137
124
125
124
125
125
124
124
124
126
124
124
124
125
125
124
124
124
125
124
124
125
124
124
126
124
124
124
124
125
124
125
124
125
125
125
127
124
125
124
124
124
125
124
126
125
124
124
125
125
125
124
124
124
127
126
124
125
125
124
125
124
125
124
124
125
124
124
124
124
124
124
125
124
125
125
126
125
124
125
125
124
124
124
124
124
125
124
124
124
126
125
134
124
124
124
124
124
124
124
124
125
126
130
125
125
138
127
125
125
126
125
124
128
125
124
124
124
124
124
124
156
124
124
129
125
125
124
124
124
124
124
124
124
124
124
124
125
124
125
124
124
125
124
124
125
124
124
124
124
124
124
124
125
124
125
124
125
133
124
124
124
124
126
125
125
125
124
125
134
126
125
124
125
124
124
124
124
124
124
124
125
124
125
125
124
124
125
124
124
124
125
124
124
124
125
124
125
125
124
124
124
126
124
124
125
124
125
124
125
125
125
125
124
125
124
125
124
124
124
125
125
124
124
125
124
124
126
124
124
124
125
124
125
124
124
124
125
124
124
124
125
125
124
126
124
124
125
126
133
124
125
124
124
124
124
125
124
125
124
125
126
125
125
126
135
124
124
124
124
124
126
124
124
124
125
140
124
125
125
124
124
124
124
124
125
124
125
125
124
125
124
126
125
124
124
124
124
124
124
125
125
124
125
124
124
124
124
125
124
126
124
125
124
124
125
124
124
125
125
124
125
124
124
124
124
125
124
124
125
124
124
124
126
125
128
124
124
124
126
124
127
124
125
125
125
124
124
124
124
124
124
125
124
124
124
124
124
124
124
125
124
124
124
125
125
125
125
124
124
125
124
124
124
125
124
124
124
125
157
125
124
124
124
137
124
124
124
124
124
125
126
125
127
125
124
125
124
124
125
124
126
125
125
125
125
125
124
124
124
124
124
125
125
124
125
124
125
124
125
125
124
125
125
125
125
124
124
124
126
124
125
124
125
124
124
124
124
124
124
125
124
124
177
124
124
124
124
125
124
126
125
126
125
125
131
124
124
125
125
124
124
124
124
124
125
125
124
125
168
124
124
124
125
133
124
124
124
124
125
125
124
124
125
125
125
124
124
125
124
125
124
124
126
125
124
127
125
125
124
136
124
125
125
124
145
124
124
125
125
125
124
125
125
125
125
126
125
124
125
124
124
124
124
125
146
124
125
124
125
126
124
124
124
124
124
124
124
124
125
125
139
124
125
124
126
125
125
125
124
124
125
124
124
125
125
126
126
124
124
124
125
124
125
124
124
124
124
125
125
125
125
124
133
124
125
125
124
124
124
124
125
125
124
124
124
124
125
124
131
124
124
124
125
124
124
124
124
125
124
124
124
124
125
124
124
125
126
124
126
124
125
124
125
124
125
125
125
125
125
124
125
124
125
125
126
124
125
124
125
124
124
124
124
124
124
124
125
127
125
124
125
125
124
125
125
125
124
125
124
125
124
124
135
124
125
125
126
124
124
125
124
125
124
125
125
125
124
125
124
124
124
132
124
125
124
124
124
124
124
124
124
125
124
125
124
124
125
125
125
124
124
125
124
124
124
124
125
124
125
124
126
124
124
124
128
130
124
124
124
124
124
125
124
125
124
124
124
124
124
128
124
132
124
124
125
125
124
124
124
124
124
124
124
124
124
131
125
124
124
124
124
125
124
124
125
124
124
124
125
124
125
124
124
124
156
124
125
125
125
124
125
124
125
125
124
124
125
124
125
124
125
124
125
125
124
125
124
125
125
124
124
127
125
125
125
127
125
125
124
124
124
124
124
124
124
125
124
125
125
124
124
125
124
124
125
124
125
125
127
124
124
124
124
124
140
125
125
124
125
124
124
124
124
124
124
213
124
125
124
125
125
124
124
125
124
124
125
124
125
125
124
125
125
124
124
124
124
125
124
124
124
124
124
125
124
125
125
125
125
124
126
124
125
137
125
125
125
125
124
125
124
125
125
124
139
124
128
126
125
124
124
125
124
125
124
137
125
126
124
125
125
124
124
124
125
125
125
124
124
125
125
175
124
124
124
125
124
125
124
125
125
125
124
124
124
124
124
124
124
125
124
127
125
124
126
125
124
124
124
124
124
124
124
125
125
124
125
125
124
126
125
125
124
124
135
125
124
125
124
124
125
124
125
126
125
124
124
124
124
125
126
125
124
125
124
124
126
124
124
125
124
135
124
139
124
125
125
126
124
125
124
124
124
124
124
124
126
124
124
124
124
124
124
124
124
124
129
125
124
124
125
124
126
199
124
124
124
124
125
124
126
124
124
124
125
124
125
125
124
125
124
125
124
125
124
125
125
125
125
124
125
124
125
124
125
124
125
126
124
124
124
124
125
124
124
125
125
124
125
124
124
125
125
124
124
125
138
125
124
125
124
124
125
125
124
125
125
125
125
126
125
125
137
126
124
124
124
125
124
124
124
125
125
125
124
125
124
125
125
125
124
124
124
124
124
125
125
124
124
124
125
124
124
124
125
124
124
124
125
124
124
124
124
124
126
124
124
124
125
125
127
125
124
124
124
124
124
125
124
124
124
124
124
124
125
125
125
124
124
124
124
124
128
124
124
124
124
125
125
124
124
134
124
124
124
124
124
125
124
124
124
124
185
124
125
124
125
125
125
126
125
127
125
124
124
124
125
125
135
125
125
124
124
125
125
124
125
128
124
124
125
125
124
125
170
124
125
124
124
135
124
125
124
125
125
124
124
125
124
125
124
125
125
124
124
124
126
125
124
125
124
124
125
124
124
125
125
125
125
125
125
127
124
124
125
124
124
125
125
124
124
124
124
125
124
124
126
124
125
124
125
