1281
1300
1281
1312
1281
1309
1288
1314
1282
1292
1281
1326
1282
1282
1282
1310
1282
1305
1281
1305
1287
1292
1281
1304
1284
1292
1282
1304
1282
1292
1282
1300
1282
1291
1282
1304
1282
1287
1282
1282
1282
1282
1283
1282
1281
1281
1282
1281
1283
1281
1291
1281
1305
1282
1295
1281
1298
1281
1290
1282
1306
1281
1292
1285
1301
1282
1293
1282
1282
1282
1282
1281
1282
1282
1281
1282
1282
1282
1282
1281
1286
1282
1281
1282
1282
1282
1281
1301
1282
1291
1281
1301
1282
1293
1281
1299
1281
1295
1282
1301
1282
1294
1282
1301
1281
1292
1288
1304
1282
1295
1281
1304
1281
1293
1286
1301
1282
1293
1281
1301
1285
1292
1285
1300
1281
1294
1282
1301
1282
1291
1281
1303
1282
1295
1282
1282
1281
1282
1281
1285
1281
1281
1282
1281
1282
1282
1282
1282
1283
1282
1282
1282
1282
1282
1282
1281
1287
1282
1281
1281
1283
1282
1300
1281
1293
1281
1312
1282
1291
1281
1311
1281
1291
1285
1306
1281
1291
1282
1297
1311
1287
1289
1281
1289
1305
1302
1282
1283
1282
1289
1281
1309
1281
1329
1281
1306
1291
1312
1282
1294
1281
1315
1285
1294
1303
1293
1281
1330
1281
1295
1285
1316
1285
1292
1281
1300
1281
1294
1282
1299
1281
1292
1281
1307
1281
1294
1282
1285
1281
1282
1282
1284
1282
1282
1293
1282
1306
1281
1292
1282
1301
1281
1294
1283
1313
1281
1293
1281
1301
1283
1294
1281
1282
1285
1282
1282
1281
1281
1282
1281
1282
1292
1286
1307
1282
1292
1282
1305
1282
1295
1281
1307
1281
1293
1282
1305
1282
1282
1281
1284
1281
1281
1281
1282
1281
1283
1292
1282
1303
1282
1293
1283
1304
1281
1300
1281
1302
1285
1292
1282
1303
1282
1281
1282
1282
1282
1282
1282
1281
1282
1281
1281
1281
1292
1290
1306
1282
1294
1282
1291
1282
1303
1282
1291
1281
1305
1281
1292
1281
1305
1281
1299
1281
1295
1282
1301
1282
1292
1281
1282
1281
1282
1282
1281
1282
1283
1282
1289
1284
1281
1282
1283
1284
1284
1281
1282
1289
1285
1289
1281
1290
1282
1290
1282
1293
1284
1292
1298
1304
1283
1293
1282
1297
1281
1293
1282
1310
1282
1309
1282
1282
1284
1281
1281
1281
1282
1281
1282
1281
1282
1281
1300
1282
1291
1282
1301
1282
1289
1281
1301
1282
1291
1281
1289
1282
1302
1281
1281
1297
1285
1305
1282
1321
1282
1296
1281
1287
1281
1290
1281
1293
1281
1292
1281
1295
1281
1293
1281
1310
1281
1291
1282
1304
1281
1290
1281
1297
1282
1292
1282
1303
1281
1282
1285
1282
1281
1282
1281
1281
1284
1281
1303
1285
1293
1282
1305
1282
1292
1281
1301
1285
1294
1281
1293
1281
1301
1281
1291
1281
1304
1282
1291
1282
1299
1287
1288
1281
1296
1282
1306
1295
1294
1281
1306
1282
1309
1285
1315
1284
1291
1281
1317
1281
1290
1283
1296
1282
1292
1282
1306
1281
1293
1282
1305
1281
1281
1282
1282
1281
1282
1281
1283
1281
1282
1282
1281
1281
1282
1282
1282
1306
1282
1292
1282
1300
1281
1295
1281
1309
1282
1293
1282
1304
1282
1293
1281
1305
1282
1294
1282
1303
1282
1293
1281
1305
1283
1295
1282
1281
1282
1284
1282
1281
1282
1281
1282
1284
1313
1281
1291
1281
1302
1284
1293
1281
1296
1281
1292
1283
1309
1281
1295
1282
1281
1284
1282
1282
1281
1282
1281
1285
1291
1281
1282
1281
1299
1281
1292
1286
1308
1281
1281
1281
1282
1281
1281
1281
1282
1281
1281
1282
1281
1281
1282
1282
1288
1302
1282
1282
1284
1305
1281
1282
1281
1281
1281
1305
1282
1286
1281
1281
1282
1286
1281
1285
1281
1282
1282
1282
1281
1289
1282
1281
1282
1294
1282
1290
1281
1300
1282
1294
1281
1305
1282
1290
1282
1305
1287
1292
1282
1318
1282
1291
1282
1282
1282
1287
1283
1282
1281
1281
1281
1282
1282
1283
1282
1282
1282
1281
1287
1281
1282
1288
1285
1282
1283
1282
1281
1282
1303
1281
1296
1282
1323
1281
1290
1281
1300
1281
1292
1288
1302
1281
1292
1282
1307
1282
1291
1281
1286
1281
1282
1281
1282
1282
1282
1282
1287
1281
1281
1281
1288
1282
1281
1281
1287
1282
1281
1282
1281
1282
1281
1282
1281
1312
1282
1292
1281
1308
1282
1293
1281
1304
1281
1292
1281
1305
1282
1291
1282
1311
1284
1293
1282
1301
1282
1292
1281
1302
1286
1292
1282
1300
1281
1282
1287
1305
1282
1292
1281
1290
1281
1301
1282
1296
1282
1308
1282
1281
1282
1284
1281
1282
1282
1282
1286
1282
1281
1293
1281
1327
1281
1282
1291
1282
1281
1286
1283
1281
1320
1281
1282
1282
1283
1291
1282
1282
1282
1282
1281
1281
1281
1281
1281
1281
1288
1282
1281
1282
1281
1282
1292
1282
1281
1297
1281
1309
1282
1292
1282
1310
1282
1294
1281
1290
1312
1293
1281
1294
1282
1302
1282
1295
1282
1297
1281
1296
1281
1314
1281
1293
1282
1298
1282
1294
1284
1283
1281
1281
1282
1281
1281
1284
1282
1282
1282
1282
1291
1284
1301
1281
1294
1283
1303
1284
1290
1282
1300
1281
1293
1282
1295
1281
1295
1297
1292
1287
1290
1283
1294
1282
1281
1297
1281
1282
1282
1282
1282
1285
1281
1281
1297
1281
1281
1282
1281
1287
1281
1300
1281
1291
1281
1298
1282
1295
1287
1300
1281
1292
1282
1299
1281
1294
1281
1282
1282
1282
1281
1282
1282
1281
1282
1287
1281
1282
1281
1282
1293
1282
1313
1287
1293
1288
1282
1281
1282
1282
1306
1281
1297
1281
1301
1312
1292
1282
1302
1282
1291
1291
1300
1282
1292
1282
1301
1282
1282
1284
1282
1281
1282
1282
1281
1282
1281
1281
1285
1281
1281
1290
1282
1294
1283
1309
1282
1292
1281
1301
1281
1287
1282
1291
1282
1314
1287
1292
1281
1299
1282
1291
1282
1292
1282
1307
1281
1298
1288
1281
1281
1281
1287
1282
1282
1281
1285
1281
1281
1281
1283
1286
1281
1281
1282
1281
1304
1281
1292
1287
1304
1282
1296
1281
1302
1282
1291
1281
1306
1282
1294
1281
1302
1282
1283
1282
1286
1281
1281
1294
1281
1281
1292
1281
1290
1281
1287
1281
1316
1281
1291
1283
1291
1293
1299
1281
1293
1286
1291
1281
1290
1290
1303
1283
1282
1281
1281
1282
1285
1282
1291
1281
1290
1282
1292
1282
1301
1281
1298
1282
1283
1282
1282
1282
1282
1281
1284
1282
1282
1281
1282
1282
1288
1281
1282
1288
1282
1291
1281
1286
1281
1290
1281
1308
1288
1292
1281
1288
1282
1290
1282
1290
1285
1292
1282
1291
1282
1290
1282
1303
1281
1290
1281
1306
1282
1290
1281
1303
1281
1283
1282
1281
1282
1282
1281
1282
1282
1286
1282
1281
1282
1281
1281
1281
1281
1282
1287
1282
1298
1282
1290
1282
1292
1305
1293
1281
1291
1287
1296
1281
1290
1281
1294
1284
1291
1282
1296
1281
1291
1287
1293
1285
1291
1282
1302
1283
1291
1282
1294
1281
1292
1282
1315
1282
1290
1282
1282
1283
1284
1281
1282
1281
1282
1283
1281
1281
1282
1284
1281
1281
1282
1282
1282
1282
1281
1309
1282
1305
1282
1292
1281
1309
1281
1293
1283
1309
1281
1291
1281
1304
1282
1291
1282
1302
1281
1292
1281
1302
1282
1291
1282
1308
1281
1290
1282
1282
1282
1281
1282
1282
1282
1282
1281
1281
1282
1281
1283
1282
1293
1282
1291
1282
1298
1282
1294
1282
1301
1281
1291
1281
1301
1284
1290
1282
1294
1283
1303
1281
1292
1281
1302
1282
1290
1281
1281
1281
1283
1281
1281
1282
1282
1281
1285
1288
1282
1292
1282
1309
1283
1289
1281
1298
1282
1303
1283
1292
1287
1311
1282
1300
1282
1305
1283
1291
1282
1309
1285
1292
1281
1301
1281
1293
1282
1289
1281
1293
1289
1291
1281
1293
1281
1291
1282
1293
1282
1293
1281
1281
1281
1283
1282
1282
1281
1284
1281
1282
1304
1281
1291
1282
