1410
1420
1413
1437
1413
1413
1431
1411
1420
1410
1438
1410
1421
1411
1426
1412
1420
1410
1435
1411
1410
1410
1410
1410
1410
1411
1420
1433
1415
1422
1416
1422
1410
1413
1412
1410
1410
1411
1440
1410
1423
1414
1433
1410
1420
1411
1426
1411
1423
1414
1410
1410
1410
1410
1410
1410
1409
1433
1410
1419
1409
1420
1410
1420
1410
1428
1410
1420
1411
1419
1412
1418
1410
1443
1410
1410
1412
1411
1410
1410
1419
1414
1422
1410
1430
1410
1422
1412
1423
1412
1424
1410
1438
1410
1421
1410
1428
1412
1410
1410
1410
1410
1410
1410
1410
1439
1409
1415
1409
1423
1410
1418
1427
1445
1410
1419
1410
1410
1409
1410
1410
1411
1437
1410
1419
1410
1428
1411
1419
1411
1427
1410
1423
1411
1426
1410
1419
1412
1410
1410
1410
1411
1411
1411
1411
1414
1410
1415
1410
1418
1410
1432
1410
1424
1410
1426
1410
1418
1410
1433
1410
1424
1410
1410
1410
1417
1411
1410
1431
1410
1422
1410
1419
1410
1419
1411
1429
1410
1420
1418
1415
1428
1410
1422
1410
1442
1410
1411
1411
1410
1412
1410
1415
1416
1421
1410
1424
1410
1419
1410
1422
1409
1429
1410
1420
1410
1410
1410
1411
1410
1412
1439
1410
1419
1410
1429
1410
1420
1410
1454
1410
1411
1419
1409
1410
1410
1421
1416
1433
1416
1420
1410
1426
1410
1417
1416
1410
1414
1411
1410
1410
1418
1410
1430
1409
1418
1410
1426
1410
1420
1410
1427
1410
1443
1410
1430
1411
1419
1410
1433
1410
1410
1410
1410
1410
1410
1410
1417
1410
1410
1410
1411
1434
1411
1428
1415
1423
1410
1429
1410
1418
1409
1434
1416
1424
1411
1428
1410
1428
1410
1429
1416
1410
1412
1410
1410
1411
1410
1411
1416
1410
1428
1409
1419
1409
1429
1410
1427
1411
1433
1410
1420
1410
1419
1409
1427
1409
1410
1410
1410
1410
1410
1410
1415
1419
1410
1431
1410
1420
1410
1436
1416
1421
1410
1418
1410
1417
1410
1439
1416
1410
1410
1411
1411
1410
1410
1410
1426
1410
1428
1410
1418
1410
1432
1410
1425
1411
1428
1410
1437
1419
1410
1410
1419
1419
1410
1419
1410
1430
1410
1419
1418
1427
1410
1419
1410
1420
1410
1430
1413
1410
1414
1410
1410
1410
1433
1410
1421
1410
1430
1410
1421
1411
1420
1410
1432
1410
1421
1410
1410
1410
1410
1410
1411
1412
1410
1435
1410
1410
1410
1410
1412
1425
1410
1432
1410
1436
1412
1420
1410
1420
1410
1429
1411
1410
1410
1409
1409
1410
1410
1410
1439
1410
1426
1410
1420
1410
1423
1410
1424
1411
1428
1410
1420
1410
1424
1410
1420
1410
1411
1412
1410
1410
1410
1431
1410
1419
1410
1422
1410
1430
1410
1428
1411
1420
1409
1429
1411
1426
1410
1411
1410
1410
1410
1410
1416
1410
1441
1411
1424
1409
1429
1409
1419
1410
1429
1411
1423
1411
1431
1411
1420
1410
1410
1410
1410
1410
1410
1410
1411
1410
1410
1411
1410
1418
1409
1417
1415
1427
1410
1417
1410
1433
1410
1418
1410
1432
1410
1418
1411
1430
1410
1410
1410
1411
1410
1411
1410
1410
1418
1411
1422
1410
1428
1410
1420
1410
1419
1410
1421
1410
1429
1411
1420
1410
1410
1411
1427
1435
1416
1424
1411
1419
1432
1442
1409
1410
1417
1421
1410
1415
1422
1411
1432
1410
1430
1410
1423
1446
1416
1410
1419
1410
1433
1411
1410
1425
1411
1410
1412
1411
1410
1410
1410
1410
1426
1411
1421
1412
1420
1410
1423
1410
1435
1409
1412
1411
1410
1410
1410
1410
1413
1421
1410
1422
1410
1425
1410
1421
1417
1422
1410
1423
1410
1422
1410
1422
1410
1410
1410
1410
1410
1411
1416
1410
1435
1409
1421
1411
1420
1410
1433
1410
1422
1410
1438
1416
1420
1410
1429
1410
1420
1410
1411
1410
1410
1410
1410
1410
1410
1423
1411
1417
1410
1422
1409
1419
1411
1442
1410
1421
1414
1410
1410
1410
1419
1410
1420
1410
1422
1411
1422
1410
1423
1410
1412
1410
1410
1410
1410
1410
1419
1419
1410
1418
1410
1424
1410
1422
1413
1430
1411
1419
1410
1430
1412
1418
1413
1435
1411
1419
1413
1436
1410
1410
1413
1412
1410
1410
1410
1410
1426
1412
1425
1410
1439
1410
1421
1410
1423
1410
1422
1411
1442
1411
1410
1411
1410
1411
1412
1410
1411
1430
1410
1420
1410
1418
1413
1423
1410
1428
1410
1420
1410
1430
1414
1410
1410
1410
1411
1410
1419
1410
1434
1410
1420
1411
1434
1410
1419
1410
1432
1410
1410
1410
1410
1410
1411
1410
1411
1411
1410
1427
1411
1419
1411
1429
1434
1411
1410
1410
1419
1422
1410
1421
1410
1431
1410
1422
1413
1427
1410
1418
1411
1415
1412
1410
1410
1410
1410
1411
1417
1414
1430
1410
1418
1410
1428
1410
1418
1414
1420
1410
1432
1410
1418
1410
1431
1413
1419
1410
1410
1410
1410
1410
1410
1414
1409
1426
1410
1418
1409
1420
1410
1433
1410
1420
1410
1420
1412
1419
1410
1437
1410
1420
1412
1419
1410
1410
1409
1417
1410
1410
1410
1410
1418
1412
1436
1412
1420
1409
1426
1410
1419
1410
1434
1410
1425
1410
1419
1410
1430
1410
1430
1414
1410
1410
1410
1420
1409
1422
1410
1432
1410
1422
1410
1422
1410
1423
1411
1443
1410
1420
1410
1410
1411
1410
1410
1412
1410
1410
1411
1410
1423
1410
1430
1412
1420
1410
1427
1410
1423
1411
1430
1410
1421
1410
1430
1410
1422
1410
1410
1410
1411
1410
1410
1411
1410
1410
1410
1419
1410
1430
1410
1424
1409
1427
1410
1422
1410
1428
1410
1410
1411
1410
1411
1413
1415
1409
1421
1410
1427
1410
1418
1416
1430
1412
1422
1411
1427
1411
1418
1413
1434
1410
1422
1410
1430
1410
1410
1411
1410
1411
1417
1419
1419
1429
1410
1425
1410
1431
1422
1410
1410
1410
1423
1422
1431
1409
1420
1410
1430
1410
1419
1412
1421
1410
1410
1410
1410
1411
1411
1412
1410
1430
1411
1421
1410
1431
1410
1427
1410
1428
1410
1419
1410
1427
1411
1427
1410
1428
1410
1419
1412
1430
1410
1429
1411
1412
1410
1410
1410
1411
1410
1417
1410
1410
1418
1411
1421
1411
1423
1415
1447
1410
1419
1410
1417
1410
1430
1415
1421
1410
1411
1410
1410
1411
1409
1415
1410
1429
1410
1450
1411
1431
1409
1425
1412
1429
1410
1410
1410
1410
1410
1412
1410
1410
1417
1411
1422
1410
1493
1412
1420
1410
1420
1410
1419
1410
1411
1410
1410
1410
1410
1411
1411
1434
1410
1418
1410
1424
1410
1420
1410
1432
1412
1428
1410
1418
1410
1418
1410
1411
1410
1411
1410
1410
1417
1410
1439
1410
1423
1411
1419
1410
1431
1410
1419
1411
1427
1410
1420
1410
1436
1410
1410
1410
1411
1410
1410
1426
1410
1420
1410
1428
1416
1422
1411
1454
1410
1431
1410
1428
1412
1417
1410
1422
1410
1410
1410
1410
1417
1412
1410
1410
1418
1410
1421
1411
1439
1410
1418
1410
1417
1410
1425
1410
1423
1412
1410
1411
1410
1420
1410
1436
1412
1420
1410
1430
1413
1420
1411
1435
1413
1420
1410
1410
1410
1410
1410
1411
1412
1410
1424
1409
1419
1410
1437
1410
1422
1411
1442
1409
1413
1410
1410
1410
1412
1420
1410
1424
1410
1421
1410
1430
1410
1430
1412
1410
1410
1410
1410
1435
1422
1410
1444
1410
1420
1410
1421
1416
1423
1410
1419
1410
1410
1409
1411
1416
1410
1414
1410
1419
1410
1419
1412
1440
1410
1423
1410
1437
1410
1420
1410
1416
1411
1412
1411
1410
1410
1410
1420
1416
1433
1410
1422
1410
1421
1410
1430
1416
1420
1410
1419
1410
1433
1410
1418
1416
1410
1410
1410
1411
1410
1411
1410
1424
1411
1437
1411
1423
1410
1440
1410
1429
1410
1410
1410
1410
1410
1411
1410
1412
1433
1410
1419
1412
1420
1410
1434
1409
1422
1410
1429
1410
1420
1410
1413
1410
1410
1410
1410
1411
1410
1431
1410
1419
