1539
1538
1547
1538
1571
1552
1589
1545
1539
1550
1538
1557
1551
1550
1539
1539
1563
1540
1555
1539
1549
1538
1559
1538
1539
1569
1538
1554
1539
1550
1539
1560
1539
1540
1538
1545
1550
1539
1569
1592
1549
1539
1545
1540
1539
1560
1544
1551
1540
1548
1543
1539
1539
1538
1555
1538
1549
1545
1550
1540
1539
1539
1539
1555
1539
1546
1539
1555
1538
1543
1538
1539
1560
1539
1546
1539
1561
1539
1539
1579
1539
1549
1543
1547
1552
1538
1548
1543
1547
1539
1551
1542
1538
1555
1542
1548
1539
1557
1539
1539
1540
1539
1548
1538
1547
1538
1557
1539
1539
1543
1539
1558
1539
1561
1539
1550
1539
1539
1556
1538
1551
1556
1558
1539
1554
1539
1541
1548
1539
1548
1538
1558
1538
1549
1539
1544
1564
1539
1561
1544
1549
1539
1540
1554
1538
1559
1545
1550
1538
1548
1539
1555
1540
1539
1555
1539
1560
1539
1569
1539
1564
1538
1538
1547
1539
1547
1539
1547
1539
1546
1549
1539
1551
1539
1551
1539
1558
1538
1539
1539
1550
1538
1559
1552
1567
1547
1545
1549
1538
1547
1539
1548
1541
1539
1550
1539
1554
1543
1547
1539
1546
1539
1557
1539
1538
1560
1539
1547
1538
1562
1538
1548
1538
1565
1539
1538
1560
1539
1549
1539
1561
1543
1550
1539
1538
1539
1538
1554
1547
1550
1551
1538
1539
1538
1566
1551
1551
1559
1550
1539
1543
1554
1543
1547
1576
1547
1538
1539
1539
1540
1554
1539
1552
1538
1547
1538
1539
1544
1539
1559
1538
1547
1539
1560
1539
1546
1557
1539
1550
1538
1548
1539
1557
1539
1547
1539
1539
1548
1538
1546
1545
1559
1539
1547
1539
1539
1540
1538
1544
1539
1566
1540
1546
1538
1543
1545
1539
1551
1539
1546
1539
1563
1540
1539
1538
1541
1547
1542
1559
1538
1554
1538
1541
1548
1539
1547
1539
1552
1539
1559
1538
1549
1539
1539
1552
1544
1548
1539
1564
1538
1549
1538
1539
1549
1539
1563
1539
1546
1541
1560
1544
1538
1539
1539
1548
1538
1560
1538
1553
1541
1547
1538
1539
1539
1538
1549
1539
1563
1539
1547
1538
1539
1539
1545
1548
1540
1558
1564
1549
1539
1548
1539
1538
1547
1539
1549
1538
1555
1544
1539
1539
1539
1548
1539
1557
1540
1555
1538
1539
1539
1539
1553
1538
1553
1539
1558
1539
1547
1539
1539
1538
1539
1548
1539
1561
1539
1547
1554
1538
1549
1538
1561
1538
1570
1554
1578
1554
1538
1558
1539
1539
1563
1539
1565
1538
1587
1540
1539
1538
1539
1544
1540
1568
1554
1548
1538
1554
1541
1550
1560
1554
1548
1540
1556
1539
1549
1540
1541
1566
1539
1548
1538
1559
1547
1561
1539
1539
1539
1541
1549
1539
1570
1538
1565
1539
1562
1539
1539
1581
1539
1550
1539
1561
1539
1550
1538
1554
1539
1555
1553
1539
1562
1539
1553
1540
1561
1555
1538
1539
1555
1553
1542
1558
1539
1549
1541
1558
1538
1538
1543
1539
1574
1538
1551
1539
1560
1546
1596
1565
1543
1551
1541
1560
1538
1539
1538
1539
1552
1539
1561
1538
1560
1538
1553
1549
1539
1564
1538
1549
1539
1557
1554
1539
1552
1539
1558
1545
1552
1555
1557
1539
1539
1540
1538
1550
1539
1575
1540
1553
1539
1539
1542
1540
1565
1539
1562
1538
1548
1540
1560
1539
1555
1551
1541
1562
1539
1551
1539
1562
1539
1539
1539
1539
1547
1543
1558
1554
1551
1538
1561
1539
1549
1539
1558
1555
1539
1555
1544
1548
1569
1550
1539
1539
1560
1542
1552
1540
1557
1539
1549
1538
1539
1559
1538
1567
1539
1548
1541
1552
1547
1539
1547
1539
1555
1539
1547
1539
1541
1549
1539
1559
1539
1548
1540
1557
1538
1539
1539
1540
1548
1538
1551
1538
1550
1539
1538
1539
1539
1559
1539
1549
1538
1575
1541
1548
1539
1539
1550
1538
1553
1539
1548
1538
1563
1540
1539
1539
1538
1558
1539
1553
1539
1559
1539
1539
1557
1539
1550
1538
1559
1541
1556
1539
1539
1550
1547
1557
1541
1548
1539
1548
1539
1539
1555
1541
1548
1539
1547
1539
1560
1539
1539
1566
1539
1550
1544
1560
1538
1539
1561
1538
1560
1539
1552
1539
1539
1540
1543
1556
1539
1546
1540
1539
1539
1542
1550
1574
1551
1539
1550
1538
1544
1565
1554
1547
1538
1554
1539
1549
1541
1539
1555
1540
1556
1538
1549
1539
1562
1538
1549
1538
1539
1539
1539
1565
1539
1566
1539
1547
1539
1539
1538
1539
1561
1539
1552
1539
1560
1540
1553
1538
1556
1540
1539
1564
1539
1548
1544
1561
1557
1547
1539
1538
1547
1545
1558
1538
1538
1564
1538
1547
1563
1539
1574
1538
1546
1539
1549
1540
1615
1553
1545
1545
1574
1551
1538
1538
1546
1539
1562
1569
1544
1538
1563
1538
1550
1555
1539
1548
1539
1547
1538
1541
1538
1538
1572
1538
1548
1539
1559
1544
1538
1539
1538
1546
1538
1558
1540
1549
1539
1554
1539
1538
1553
1538
1553
1538
1546
1555
1560
1539
1557
1557
1538
1550
1545
1559
1538
1539
1538
1544
1548
1539
1558
1539
1559
1541
1542
1553
1539
1566
1540
1547
1539
1557
1543
1540
1559
1539
1549
1539
1560
1540
1549
1538
1539
1545
1538
1560
1539
1555
1539
1587
1539
1539
1559
1538
1556
1538
1547
1595
1539
1593
1538
1548
1539
1572
1542
1539
1547
1544
1551
1541
1551
1539
1538
1538
1539
1547
1540
1549
1538
1551
1540
1539
1539
1538
1573
1540
1559
1539
1551
1538
1539
1542
1545
1555
1540
1561
1539
1551
1538
1540
1540
1539
1558
1539
1547
1539
1563
1539
1539
1539
1539
1548
1539
1558
1540
1552
1540
1539
1539
1538
1563
1543
1549
1538
1561
1539
1541
1539
1539
1552
1538
1557
1541
1551
1538
1539
1541
1541
1557
1539
1550
1538
1562
1539
1541
1539
1538
1557
1538
1550
1539
1593
1539
1543
1554
1539
1546
1539
1547
1548
1548
1539
1538
1539
1539
1545
1541
1562
1539
1565
1538
1539
1538
1538
1549
1538
1562
1538
1550
1540
1539
1543
1539
1552
1555
1554
1539
1551
1538
1542
1557
1539
1548
1538
1552
1538
1555
1538
1538
1577
1538
1547
1539
1561
1540
1539
1538
1538
1557
1538
1549
1543
1554
1539
1566
1540
1538
1544
1539
1547
1539
1571
1546
1538
1558
1539
1551
1538
1567
1555
1546
1539
1539
1545
1538
1549
1546
1548
1590
1538
1548
1548
1555
1539
1549
1538
1568
1539
1544
1554
1538
1548
1539
1546
1538
1555
1542
1540
1558
1538
1549
1538
1552
1541
1548
1539
1538
1561
1539
1549
1539
1559
1539
1583
1539
1539
1564
1541
1551
1539
1560
1556
1539
1547
1539
1548
1539
1549
1539
1539
1538
1539
1547
1543
1562
1538
1551
1539
1564
1539
1539
1540
1539
1550
1540
1559
1538
1548
1541
1560
1538
1538
1539
1538
1548
1538
1560
1540
1552
1538
1539
1538
1539
1548
1538
1551
1554
1546
1538
1539
1540
1542
1543
1539
1583
1540
1548
1538
1540
1539
1540
1571
1538
1552
1538
1558
1542
1539
1538
1539
1547
1540
1568
1541
1548
1539
1556
1539
1538
1543
1539
1560
1539
1549
1555
1563
1538
1538
1546
1538
1565
1553
1548
1539
1554
1539
1542
1564
1539
1566
1539
1561
1540
1547
1538
1538
1559
1539
1548
1538
1551
1542
1539
1539
1539
1548
1539
1547
1542
1547
1539
1555
1538
1540
1559
1650
1553
1540
1540
1538
1538
1561
1538
1566
1539
1556
1570
1539
1540
1539
1548
1540
1567
1538
1549
1539
1539
1538
1543
1555
1539
1577
1539
1547
1539
1539
1540
1539
1560
1540
1551
1539
1558
1543
1539
1540
1555
1545
1539
1566
1540
1550
1538
1558
1539
1540
1551
1539
1556
1539
1562
1554
1547
1538
1539
1539
1542
1549
1538
1577
1538
1548
1538
1569
1544
1538
1561
1539
1553
1538
1547
1548
1539
1539
1555
1545
1539
1555
1539
1548
1539
1554
1539
1539
1547
1538
1572
1540
1571
1539
1540
1551
1540
1560
