1683
1672
1680
1667
1723
1676
1667
1677
1667
1677
1677
1667
1677
1667
1683
1667
1667
1685
1668
1678
1667
1667
1674
1667
1687
1667
1667
1681
1668
1676
1667
1685
1668
1670
1677
1667
1684
1667
1668
1685
1670
1677
1668
1686
1668
1668
1672
1670
1686
1667
1667
1683
1667
1676
1669
1666
1698
1667
1680
1667
1685
1678
1667
1686
1668
1677
1667
1667
1680
1667
1689
1667
1667
1676
1667
1687
1667
1668
1707
1667
1676
1667
1670
1679
1667
1679
1667
1689
1667
1669
1680
1667
1675
1667
1667
1695
1669
1680
1667
1667
1686
1667
1676
1670
1667
1676
1667
1690
1667
1676
1668
1667
1677
1667
1676
1667
1667
1702
1667
1678
1691
1667
1681
1667
1668
1676
1667
1676
1671
1667
1690
1668
1678
1667
1668
1677
1667
1677
1668
1667
1674
1667
1687
1667
1676
1668
1668
1679
1667
1676
1667
1668
1679
1667
1676
1667
1679
1668
1668
1674
1673
1687
1667
1667
1697
1672
1676
1668
1667
1675
1667
1681
1667
1667
1677
1667
1677
1667
1668
1668
1673
1686
1667
1690
1671
1668
1675
1680
1681
1669
1667
1675
1667
1675
1677
1668
1675
1667
1689
1667
1667
1696
1668
1677
1667
1687
1667
1667
1679
1668
1692
1667
1676
1667
1667
1682
1668
1684
1668
1667
1690
1667
1982
1667
1672
1703
1667
1693
1667
1668
1687
1683
1677
1667
1667
1675
1671
1691
1670
1667
1676
1667
1683
1669
1668
1676
1667
1680
1667
1667
1693
1667
1679
1667
1678
1667
1667
1697
1667
1677
1667
1668
1678
1667
1709
1668
1676
1668
1668
1678
1667
1676
1667
1668
1676
1667
1689
1668
1668
1676
1667
1689
1668
1677
1667
1667
1687
1667
1689
1667
1668
1680
1668
1681
1667
1676
1667
1669
1676
1667
1687
1667
1668
1688
1667
1675
1667
1677
1687
1668
1678
1667
1688
1667
1670
1687
1667
1675
1667
1667
1686
1669
1677
1668
1667
1675
1669
1688
1669
1676
1667
1668
1677
1667
1686
1667
1668
1682
1667
1676
1669
1679
1668
1669
1675
1667
1693
1672
1666
1694
1667
1678
1667
1666
1675
1667
1677
1667
1668
1675
1667
1688
1667
1667
1676
1667
1674
1667
1667
1675
1667
1679
1668
1668
1675
1668
1676
1667
1668
1673
1669
1688
1668
1676
1667
1672
1676
1667
1686
1667
1674
1684
1667
1676
1667
1669
1673
1667
1687
1667
1683
1677
1667
1676
1667
1668
1679
1667
1671
1687
1668
1697
1668
1695
1678
1671
1677
1667
1668
1677
1667
1685
1669
1678
1667
1667
1724
1667
1678
1671
1669
1681
1699
1677
1729
1669
1681
1667
1688
1667
1675
1678
1667
1692
1667
1669
1680
1667
1678
1667
1670
1676
1667
1697
1668
1676
1667
1667
1674
1667
1688
1667
1674
1681
1667
1678
1667
1668
1688
1667
1681
1667
1677
1667
1667
1689
1667
1681
1667
1671
1678
1668
1696
1667
1679
1667
1670
1679
1668
1691
1669
1667
1686
1670
1678
1668
1688
1668
1668
1690
1670
1679
1667
1667
1667
1669
1688
1668
1679
1670
1668
1678
1667
1689
1667
1683
1667
1667
1677
1668
1691
1667
1669
1686
1668
1679
1668
1690
1667
1670
1686
1668
1678
1667
1690
1670
1669
1686
1668
1678
1667
1667
1677
1668
1687
1668
1678
1688
1668
1680
1667
1688
1667
1668
1692
1668
1678
1667
1667
1676
1667
1682
1667
1667
1689
1668
1675
1667
1667
1677
1667
1676
1667
1668
1684
1667
1678
1668
1681
1669
1676
1667
1669
1694
1712
1678
1667
1669
1676
1666
1678
1673
1669
1676
1667
1682
1667
1680
1667
1667
1679
1667
1681
1667
1666
1688
1667
1677
1668
1667
1672
1669
1677
1667
1667
1676
1668
1677
1667
1667
1674
1672
1681
1667
1675
1681
1673
1678
1667
1668
1675
1674
1675
1670
1667
1691
1669
1676
1667
1667
1676
1667
1680
1667
1668
1675
1667
1678
1667
1677
1667
1667
1677
1667
1685
1667
1667
1680
1667
1686
1667
1668
1689
1667
1680
1667
1672
1677
1667
1688
1667
1667
1686
1667
1678
1668
1691
1668
1667
1686
1668
1680
1667
1670
1681
1668
1681
1667
1678
1667
1674
1692
1667
1679
1667
1668
1677
1674
1694
1668
1668
1685
1667
1677
1673
1689
1667
1667
1685
1667
1678
1674
1948
1689
1673
1681
1667
1667
1686
1667
1717
1667
1668
1686
1670
1684
1667
1692
1677
1669
1685
1667
1686
1667
1669
1687
1667
1678
1667
1675
1679
1667
1688
1667
1679
1667
1673
1676
1667
1687
1668
1668
1679
1667
1679
1667
1668
1675
1667
1681
1668
1667
1686
1667
1680
1667
1687
1668
1667
1674
1667
1684
1667
1667
1680
1667
1677
1667
1667
1744
1668
1724
1667
1678
1680
1667
1676
1667
1699
1678
1671
1677
1667
1668
1684
1673
1675
1671
1676
1667
1667
1674
1668
1676
1671
1668
1679
1667
1684
1667
1675
1670
1667
1672
1668
1690
1667
1667
1675
1669
1675
1667
1684
1667
1668
1675
1668
1690
1667
1668
1691
1667
1676
1670
1676
1666
1668
1674
1668
1696
1670
1667
1676
1668
1688
1667
1679
1669
1667
1682
1668
1677
1667
1667
1697
1667
1677
1668
1684
1669
1667
1676
1668
1695
1669
1678
1667
1667
1676
1681
1678
1668
1667
1683
1669
1690
1669
1678
1668
1669
1680
1667
1687
1671
1669
1687
1667
1679
1668
1687
1669
1667
1677
1667
1681
1667
1667
1681
1669
1678
1667
1668
1676
1668
1695
1668
1677
1668
1668
1678
1668
1678
1667
1668
1680
1667
1687
1667
1679
1669
1667
1680
1668
1687
1668
1668
1686
1667
1681
1669
1667
1676
1667
1685
1668
1681
1667
1667
1677
1668
1679
1668
1667
1678
1668
1685
1667
1667
1693
1668
1688
1667
1667
1677
1670
1689
1668
1676
1668
1673
1686
1671
1683
1669
1667
1688
1667
1677
1672
1667
1675
1667
1675
1669
1668
1684
1667
1675
1668
1686
1675
1668
1695
1668
1912
1688
1669
1679
1667
1672
1688
1667
1680
1667
1667
1689
1668
1685
1670
1667
1683
1667
1680
1671
1695
1668
1667
1684
1667
1677
1672
1667
1679
1667
1684
1667
1676
1673
1667
1675
1667
1693
1669
1676
1670
1667
1683
1669
1686
1667
1667
1676
1669
1678
1667
1695
1667
1669
1687
1667
1678
1667
1670
1675
1667
1690
1667
1668
1682
1667
1678
1667
1667
1681
1667
1689
1668
1677
1667
1667
1684
1668
1689
1667
1667
1681
1668
1683
1667
1677
1667
1668
1676
1667
1690
1667
1668
1675
1667
1684
1667
1682
1679
1668
1676
1667
1677
1667
1673
1676
1667
1679
1667
1668
1676
1672
1690
1667
1677
1679
1668
1698
1672
1677
1667
1667
1692
1667
1685
1675
1667
1679
1683
1675
1667
1668
1681
1667
1676
1698
1668
1678
1668
1693
1667
1677
1683
1668
1676
1667
1688
1668
1668
1698
1667
1677
1667
1667
1676
1667
1699
1667
1675
1667
1667
1680
1667
1701
1667
1667
1683
1667
1680
1668
1692
1667
1668
1681
1667
1680
1667
1667
1692
1667
1696
1667
1678
1668
1667
1692
1668
1689
1667
1681
1669
1668
1692
1667
1686
1667
1668
1678
1668
1701
1668
1675
1668
1667
1689
1667
1698
1667
1667
1674
1667
1694
1667
1757
1681
1676
1691
1667
1668
1686
1699
1675
1667
1668
1674
1667
1695
1697
1667
1675
1667
1695
1668
1667
1708
1667
1686
1667
1667
1696
1669
1691
1667
1688
1667
1667
1688
1667
1682
1667
1669
1692
1667
1686
1667
1669
1677
1667
1687
1667
1674
1684
1682
1677
1667
1669
1680
1671
1685
1667
1678
1667
1667
1680
1670
1687
1667
1667
1684
1667
1680
1670
1667
1676
1669
1676
1667
1689
1680
1667
1685
1666
1677
1667
1669
1682
1667
1677
1667
1669
1680
1667
1694
1667
1669
1704
1667
1679
1667
1692
1683
1667
1704
1668
1683
1667
1670
1678
1667
1702
1667
1668
1685
1672
1679
1668
1703
1667
1667
1699
1670
1680
1667
1684
1689
1667
1678
1667
1667
1691
1684
1683
1668
1667
1687
1667
1678
1683
1682
1667
1667
1677
1667
