1804
1801
1817
1796
1804
1874
1802
1795
1821
1795
1811
1806
1799
1804
1797
1795
1801
1796
1796
1806
1797
1823
1796
1796
1823
1796
1795
1811
1799
1804
1811
1796
1804
1796
1801
1804
1796
1811
1796
1795
1813
1798
1796
1807
1795
1817
1805
1796
1815
1795
1796
1819
1798
1807
1820
1796
1808
1798
1915
1802
1797
1801
1816
1795
1811
1817
1798
1809
1796
1796
1821
1797
1808
1822
1799
1810
1796
1796
1806
1796
1815
1808
1796
1817
1797
1796
1803
1804
1815
1805
1795
1803
1796
1796
1811
1796
1812
1795
1796
1814
1796
1812
1819
1797
1805
1864
1796
1805
1796
1796
1807
1796
1804
1796
1800
1804
1796
1797
1803
1796
1812
1800
1797
1813
1796
1796
1813
1796
1805
1820
1796
1805
1796
1796
1810
1795
1806
1806
1796
1816
1796
1833
1801
1807
1796
1844
1796
1822
1804
1798
1811
1799
1796
1810
1810
1814
1808
1796
1806
1796
1796
1809
1795
1810
1805
1795
1819
1801
1797
1801
1796
1796
1815
1796
1815
1810
1796
1805
1796
1812
1806
1795
1796
1851
1801
1796
1814
1796
1806
1802
1796
1817
1795
1796
1804
1802
1804
1804
1796
1835
1796
1796
1811
1796
1813
1812
1818
1807
1810
1797
1804
1796
1827
1811
1795
1796
1803
1802
1818
1837
1796
1806
1796
1798
1810
1796
1828
1797
1796
1802
1796
1807
1820
1795
1813
1796
1796
1826
1796
1821
1820
1798
1806
1796
1801
1813
1814
1805
1795
1796
1807
1802
1822
1803
1796
1811
1797
1796
1806
1811
1806
1814
1795
1805
1798
1798
1824
1796
1812
1796
1796
1803
1795
1828
1808
1795
1803
1796
1796
1807
1796
1814
1806
1795
1817
1795
1812
1812
1796
1804
1795
1796
1801
1814
1796
1814
1795
1803
1802
1795
1803
1796
1814
1803
1796
1815
1811
1796
1811
1796
1805
1798
1796
1821
1795
1796
1800
1795
1814
1796
1812
1807
1795
1796
1803
1796
1834
1796
1796
1831
1800
1796
1813
1813
1803
1797
1796
1802
1797
1814
1812
1795
1811
1796
1806
1811
1796
1822
1795
1796
1803
1796
1815
1803
1796
1811
1796
1796
1804
1796
1838
1795
1796
1810
1796
1806
1812
1813
1808
1796
1796
1802
1797
1814
1803
1796
1821
1795
1796
1801
1812
1812
1798
1796
1810
1800
1796
1839
1796
1804
1796
1797
1808
1796
1825
1804
1797
1802
1796
1796
1806
1798
1812
1803
1795
1858
1796
1795
1819
1796
1797
1825
1841
1796
1836
1797
1818
1809
1795
1812
1796
1829
1802
1796
1818
1797
1795
1813
1796
1805
1802
1796
1819
1796
1797
1809
1796
1803
1819
1800
1805
1811
1796
1804
1795
1812
1804
1796
1813
1796
1795
1809
1802
1805
1811
1795
1803
1796
1821
1807
1796
1820
1796
1827
1805
1802
1795
1814
1805
1796
1841
1796
1827
1814
1798
1805
1795
1796
1803
1808
1817
1806
1796
1807
1796
1801
1804
1796
1816
1796
1795
1809
1801
1805
1816
1795
1808
1796
1796
1812
1796
1815
1796
1801
1807
1796
1805
1815
1796
1809
1796
1796
1808
1796
1820
1807
1796
1821
1796
1800
1807
1796
1815
1795
1796
1814
1799
1807
1814
1795
1806
1796
1796
1807
1795
1805
1804
1803
1804
1800
1796
1823
1796
1807
1810
1796
1809
1796
1812
1804
1796
1815
1796
1796
1817
1795
1796
1814
1796
1811
1796
1811
1806
1796
1814
1805
1800
1812
1819
1798
1815
1796
1796
1818
1796
1820
1795
1797
1806
1796
1796
1797
1811
1796
1850
1845
1826
1811
1803
1796
1804
1799
1796
1838
1795
1819
1805
1797
1815
1812
1797
1802
1796
1818
1810
1796
1823
1796
1796
1805
1795
1818
1796
1813
1819
1796
1796
1803
1796
1805
1797
1795
1812
1802
1801
1804
1812
1815
1797
1796
1812
1801
1809
1820
1796
1816
1795
1798
1811
1796
1815
1796
1797
1814
1796
1805
1821
1795
1819
1796
1795
1809
1795
1819
1796
1796
1808
1796
1822
1804
1811
1826
1796
1796
1805
1802
1819
1810
1795
1807
1797
1796
1830
1812
1804
1797
1796
1810
1801
1807
1822
1796
1813
1795
1797
1828
1796
1821
1796
1797
1803
1795
1807
1804
1813
1817
1796
1796
1813
1796
1804
1796
1796
1804
1796
1818
1803
1811
1810
1796
1796
1825
1804
1804
1835
1795
1805
1797
1796
1837
1796
1796
1807
1796
1809
1801
1798
1860
1796
1797
1812
1800
1807
1817
1797
1807
1795
1795
1825
1796
1797
1819
1796
1806
1796
1798
1808
1796
1813
1804
1795
1804
1798
1796
1815
1796
1808
1796
1796
1813
1796
1810
1805
1796
1821
1798
1795
1818
1796
1807
1796
1796
1808
1796
1812
1813
1796
1821
1825
1796
1817
1823
1846
1805
1796
1795
1814
1796
1805
1799
1795
1806
1796
1795
1804
1797
1817
1796
1796
1811
1798
1796
1818
1796
1813
1798
1796
1814
1796
1799
1818
1797
1806
1815
1796
1807
1796
1799
1805
1797
1814
1803
1800
1817
1796
1796
1804
1796
1806
1799
1796
1805
1796
1798
1805
1795
1819
1795
1797
1806
1795
1804
1814
1796
2088
1812
1801
1814
1796
1795
1808
1820
1796
1808
1796
1805
1817
1800
1801
1803
1803
1804
1796
1796
1804
1798
1812
1803
1798
1818
1796
1797
1810
1796
1807
1798
1796
1804
1796
1798
1827
1795
1809
1796
1796
1813
1796
1806
1817
1796
1808
1795
1796
1815
1796
1817
1818
1796
1808
1796
1797
1815
1801
1808
1796
1796
1809
1796
1836
1800
1795
1806
1796
1796
1812
1795
1800
1796
1798
1811
1796
1796
1824
1799
1810
1796
1795
1806
1796
1800
1806
1795
1809
1796
1796
1811
1796
1796
1808
1796
1806
1796
1798
1816
1796
1815
1805
1796
1805
1799
1796
1820
1796
1805
1817
1796
1806
1796
1796
1805
1796
1859
1815
1803
1810
1796
1795
1807
1795
1800
1810
1796
1813
1796
1795
1815
1795
1802
1835
1795
1805
1796
1800
1803
1796
1820
1804
1796
1816
1800
1796
1830
1795
1810
1818
1796
1804
1796
1811
1802
1797
1808
1816
1796
1806
1813
1796
1803
1796
1827
1804
1812
1817
1795
1797
1817
1796
1807
1812
1797
1804
1796
1815
1805
1795
1830
1796
1796
1813
1800
1796
1803
1796
1814
1796
1795
1814
1796
1813
1803
1796
1826
1802
1796
1836
1813
1797
1807
1796
1809
1823
1827
1816
1835
1796
1812
1798
1796
1837
1796
1817
1796
1805
1808
1796
1797
1813
1796
1805
1808
1796
1806
1796
1796
1805
1797
1819
1796
1796
1815
1796
1806
1819
1796
1808
1796
1796
1806
1796
1822
1796
1796
1811
1797
1807
1815
1797
1809
1798
1796
1806
1796
1817
1816
1796
1813
1796
1798
1817
1796
1808
1796
1798
1806
1796
1796
1808
1796
1806
1796
1796
1810
1796
1796
1806
1801
1814
1796
1795
1824
1796
1810
1814
1796
1812
1798
1799
1840
1812
1810
1817
1796
1806
1795
1796
1807
1796
1816
1806
1801
1817
1796
1797
1807
1798
1808
1798
1796
1810
1796
1795
1805
1795
1821
1807
1796
1818
1796
1797
1820
1796
1806
1820
1796
1806
1795
1799
1815
1795
1883
1806
1796
1798
1808
1796
1818
1797
1796
1815
1798
1796
1816
1796
1806
1796
1795
1806
1796
1796
1804
1798
1814
1800
1796
1815
1798
1813
1811
1796
1808
1795
1796
1803
1796
1815
1804
1798
1816
1796
1798
1812
1796
1807
1797
1796
1805
1796
1796
1804
1799
1816
1796
1796
1804
1796
1796
1811
1796
1816
1796
1795
1814
1798
1805
1827
1796
1807
1803
1796
1809
1796
1798
1830
1796
1808
1820
1799
1808
1798
1796
1806
1796
1801
1805
1795
1815
1796
1796
1815
1802
1808
1814
1796
1805
1798
1796
1810
1796
1816
1797
1796
1814
1796
1806
1817
1796
1806
1796
1796
1811
1796
1814
1797
1797
1816
1796
1810
1817
1799
1805
1796
1813
1804
1803
1815
1796
1796
1814
1798
1814
1816
1796
1808
1796
1796
1804
1798
1815
1796
1796
1816
1796
1796
1823
1796
1806
1797
1796
1804
1795
1820
1806
1796
1814
1796
1796
1813
