1924
1944
1924
1934
1934
1924
1925
1943
1925
1924
1934
1960
1925
1932
1927
1924
1937
1924
1924
1932
1928
1924
1945
1924
1925
1931
1927
1924
1932
1924
1925
1946
1925
1926
1932
1924
1955
1936
1924
1935
1941
1924
1935
1950
1924
1937
1952
1925
1935
1948
1925
1935
1924
1924
1934
1926
1924
1934
1926
1924
1944
1925
1924
1939
1928
1925
1945
1925
1926
1933
1925
1924
1940
1926
1924
1941
1927
1928
1946
1924
1937
1940
1925
1936
1935
1924
1947
1934
1924
1941
1940
1925
1938
1943
1924
1936
1939
1924
1946
1935
1925
1945
1929
1924
1946
1924
1924
1950
1928
1924
1946
1924
1925
1936
1924
1928
1947
1926
1924
1933
1925
1946
1938
1925
1942
1935
1925
1944
1938
1924
1936
1932
1924
1933
1938
1925
1933
1924
1924
1933
1930
1924
1943
1926
1925
1940
1924
1925
1942
1924
1925
1934
1926
2148
1941
1931
1926
1945
1933
1929
1952
1935
1924
1933
1944
1933
1934
1936
1924
1974
1933
1930
1934
1925
1926
1953
1924
1925
1942
1947
1947
1924
1929
1970
1976
1961
1934
1970
1924
1934
1943
1953
1936
1940
1925
1932
1931
1924
1966
1925
1924
1932
1926
1925
1935
1924
1924
1941
1930
1925
1992
1924
1925
1933
1924
1927
1936
1924
1924
1993
1924
1936
1937
1924
1939
1935
1924
1933
1925
1925
1939
1925
1924
1949
1926
1924
1947
1924
1936
1936
1924
1947
1940
1924
1944
1938
1924
1936
1927
1924
1942
1925
1927
1945
1924
1925
1944
1927
1924
1933
1926
1950
1937
1925
1943
1934
1925
1951
1934
1925
1944
1934
1925
1934
1925
1925
1945
1924
1925
1949
1924
1924
1944
1927
1924
1939
1924
1925
1939
1928
1924
1943
1926
1925
1933
1925
1935
1953
1928
1938
1943
1926
1937
1953
1929
1938
1945
1925
1935
1924
1926
1937
1925
1925
1937
1925
1924
1948
1924
1926
1943
1924
1938
1951
1924
1936
1940
1924
1940
1925
1928
1935
1927
1924
1937
1925
1928
1936
1924
1925
1936
1927
1943
1934
1924
1945
1939
1924
1944
1929
1926
1933
1924
1924
1934
1926
1924
1933
1924
1952
1934
1925
1946
1937
1925
1939
1944
1924
1977
1944
1936
1938
1946
1925
1934
1925
1934
1948
1967
1924
1934
1942
1924
1955
1937
1924
1946
1934
1924
1935
1924
1924
1942
1929
1926
1934
1925
1925
1947
1924
1928
1939
1925
1925
1947
1924
1938
1945
1936
1930
1937
1936
1924
1924
1940
1924
1924
1933
1925
1934
1940
1940
1924
1936
1924
1940
1944
1940
1937
1939
1924
1934
1931
1930
1935
1932
1926
1933
1944
1925
1935
1935
1925
1942
1930
1925
1938
1924
1924
1938
1924
1925
1933
1924
1945
1937
1925
1950
1936
1925
1941
1924
1924
1936
1924
1940
1929
1929
1925
1932
1927
1944
1938
1924
1925
1943
1928
1924
1932
1925
1997
1932
1925
1937
1933
1930
1985
1933
1929
1944
1933
1939
1933
1936
1924
1942
1939
1927
1934
1937
1924
1943
1935
1925
1937
1925
1925
1953
1927
1924
1933
1926
1925
1941
1926
1936
1941
1924
1936
1945
1927
1935
1940
1924
1935
1933
1924
1939
1942
1926
1935
1924
1924
1939
1924
1925
1934
1924
1925
1932
1924
1924
1968
1924
1924
1932
1939
1926
1933
1924
1925
1935
1928
1925
1934
1926
1943
1932
1924
1931
1934
1924
1943
1932
1925
1948
1932
1925
1935
1926
1924
1938
1925
1926
1937
1925
1924
1933
1925
1924
1935
1925
1927
1948
1928
1982
1932
1931
1930
1961
1965
1924
1941
1948
1930
1940
1967
1925
1942
1924
1934
1941
1925
1924
1933
1924
1924
1945
1924
1924
1933
1925
1925
1941
1924
1938
1972
1925
1934
1941
1930
1930
1944
1925
1935
1939
1957
1935
1932
1924
1944
1934
1930
1944
1933
1924
1954
1938
1934
1950
1934
1924
1936
1942
1924
1934
1934
1925
1943
1924
1924
1935
1924
1924
1930
1929
1924
1940
1925
1924
1932
1924
1925
1932
1926
1925
1931
1925
1942
1932
1927
1939
1947
1924
1935
1934
1925
1940
1935
1924
1947
1924
1924
1940
1925
1924
1937
1924
1925
1936
1926
1924
1930
1925
1933
1945
1924
1924
1936
1926
1933
1949
1929
1935
1939
1924
1934
1945
1928
1935
1924
1924
1934
1926
1924
2029
1925
1936
1941
1924
1924
1952
1924
1937
1936
1925
1926
1940
1924
1927
1940
1925
1924
1935
1924
1924
1934
1924
1925
1951
1926
1924
1950
1925
1925
1931
1927
1925
1932
1924
1936
1932
1927
1948
1935
1924
1941
1925
1924
1942
1924
1924
1931
1924
1925
1942
1925
1925
1934
1924
1947
1934
1924
1948
1933
1925
1946
1924
1936
1947
1935
1950
1943
1930
1936
1947
1924
1934
1939
1933
1935
1944
1925
1936
1925
1924
1934
1924
1945
1934
1924
1949
1944
1936
1940
1938
1925
1925
1937
1925
1942
1948
1924
1924
1938
1925
1924
1959
1924
1934
1944
1937
1931
1957
1926
1934
1939
1930
1938
1934
1924
1941
1924
1926
1934
1924
1940
1933
1924
1925
1948
1924
1941
1937
1924
1924
1938
1924
1937
1947
1924
1959
1931
1926
1932
1949
1924
1932
1942
1938
1933
1952
1924
1932
1942
1931
1936
1924
1940
1931
1924
1925
1932
1926
1940
1931
1925
1925
1938
1925
1961
1937
1929
1939
1937
1925
1944
1998
1924
1977
1948
1924
1943
1948
1924
1944
1932
1927
1940
1966
1925
1932
1939
1926
1934
1924
1940
1929
1926
1924
1933
1924
1942
1932
1924
1924
1945
1926
1933
1941
1925
1934
1945
1924
1937
1957
1927
1932
1924
1925
1935
1941
1924
1937
1925
1928
1937
1924
1933
1938
1924
1931
1950
1925
1949
1939
1925
1935
1928
1924
1935
1924
1925
1944
1924
1936
1933
1930
1934
1934
1924
1940
1933
1924
1935
1933
1926
1948
1932
1924
1934
1924
1924
1930
1926
1925
1940
1924
1925
1938
1926
1925
1941
1925
1935
1941
1926
1934
1942
1924
1936
1941
1925
1935
1926
1924
1939
1925
1924
1939
1925
1925
1941
1924
1932
1941
1925
1933
1939
1925
1932
1925
1926
1930
1924
1926
1932
1924
1925
1936
1925
1949
1932
1925
1938
1938
1924
1950
1932
1924
1936
1938
1924
1958
1941
1924
1933
1926
1924
1944
1940
1924
1932
1924
1930
1937
1942
1924
1932
1925
1938
1946
1924
1951
1931
1926
1945
1937
1924
1963
1934
1924
1944
1930
1926
1960
1924
1924
1944
1930
1924
1978
1942
1932
1967
1925
1925
1936
1982
1925
1968
1924
1931
1934
1956
1924
1943
1924
1926
1934
1924
1924
1940
1925
1924
1934
1924
1950
1946
1927
1930
1947
1924
1934
1945
1925
1931
1942
1931
1934
1933
1924
1933
1925
1924
1935
1924
1925
1941
1924
1934
1934
1925
1924
1930
1925
1927
1944
1924
1924
1938
1924
1924
1949
1926
1924
1944
1925
1934
1951
1924
1942
1952
1925
1946
1938
1924
1948
1933
1924
1933
1932
1925
1946
1925
1924
1934
1924
1932
1947
1925
1926
1947
1924
1928
1953
1924
1935
1943
1924
1935
1949
1924
1937
1947
1924
1935
1945
1926
1935
1940
1925
1945
1955
1926
1933
1932
1927
1947
1932
1925
1936
1958
1924
1931
1925
1933
1939
1940
1924
1933
1927
1960
1935
1924
1970
1933
1924
1942
1938
1926
1952
1924
1925
1936
1930
1924
1936
1926
1924
1946
1924
1925
1947
1940
1934
1945
1926
1940
1943
1939
1933
1934
1925
1949
1936
1926
1957
1924
1924
1932
1944
1924
1948
1924
1926
1932
1930
1925
1944
1924
1941
1939
1930
1939
1945
1939
1933
1941
1924
1942
1931
1942
1950
1933
1924
1937
1935
1926
1948
1941
1926
1939
1934
1924
1934
1936
1924
1936
1936
1926
1956
1924
1924
1930
1937
1925
1937
1924
1926
1942
1930
1934
1935
1924
1944
1933
1925
1941
1925
1924
1938
1924
1924
1939
1924
1924
1945
1925
1936
1931
1925
1934
1944
1924
1933
1927
1930
1945
1924
1924
1932
1924
1954
1948
1927
1933
1931
1924
1945
1940
1924
1965
1924
1926
1932
1930
