2052
2053
2062
2061
2053
2092
2104
2055
2080
2074
2053
2063
2064
2053
2086
2063
2068
2057
2067
2072
2072
2067
2069
2057
2054
2072
2053
2053
2068
2059
2053
2059
2053
2054
2066
2066
2053
2065
2070
2069
2065
2071
2053
2062
2080
2069
2053
2074
2052
2053
2067
2069
2053
2072
2067
2053
2069
2078
2055
2073
2063
2053
2072
2077
2053
2053
2062
2055
2053
2081
2053
2055
2075
2058
2053
2090
2062
2053
2066
2073
2052
2143
2073
2065
2054
2064
2061
2053
2054
2061
2053
2053
2064
2053
2052
2086
2067
2053
2053
2077
2060
2054
2061
2069
2055
2091
2063
2079
2055
2064
2053
2053
2066
2055
2053
2061
2061
2055
2062
2072
2052
2064
2089
2116
2053
2098
2064
2053
2069
2067
2052
2074
2067
2053
2053
2072
2053
2053
2073
2053
2053
2063
2063
2053
2074
2062
2061
2054
2062
2053
2055
2063
2062
2054
2062
2083
2053
2070
2064
2081
2053
2080
2067
2053
2082
2068
2052
2058
2059
2053
2052
2079
2062
2056
2064
2066
2054
2053
2064
2073
2053
2053
2084
2055
2061
2063
2065
2053
2067
2062
2058
2053
2065
2053
2053
2068
2060
2053
2071
2053
2054
2073
2072
2052
2062
2065
2053
2079
2066
2054
2053
2061
2053
2055
2079
2053
2053
2058
2053
2053
2062
2102
2073
2063
2089
2053
2053
2062
2069
2053
2066
2053
2053
2063
2093
2053
2064
2069
2053
2053
2081
2052
2053
2074
2053
2053
2092
2065
2053
2063
2075
2053
2053
2061
2053
2069
2064
2076
2069
2063
2061
2053
2064
2062
2070
2053
2065
2052
2058
2064
2076
2052
2062
2064
2053
2065
2094
2053
2053
2073
2053
2053
2091
2053
2053
2073
2052
2056
2077
2064
2053
2072
2062
2056
2078
2063
2053
2075
2063
2057
2053
2062
2053
2053
2062
2055
2054
2079
2052
2053
2063
2077
2053
2080
2071
2052
2065
2076
2053
2069
2089
2052
2053
2128
2063
2078
2072
2063
2052
2055
2063
2121
2053
2102
2073
2060
2063
2104
2053
2060
2062
2057
2053
2069
2053
2053
2066
2056
2055
2068
2062
2053
2067
2068
2053
2067
2063
2053
2053
2063
2053
2053
2068
2053
2052
2070
2068
2053
2064
2087
2053
2064
2069
2054
2053
2071
2053
2053
2062
2076
2053
2060
2058
2053
2062
2075
2055
2053
2069
2053
2055
2080
2060
2053
2075
2060
2058
2087
2063
2053
2076
2061
2059
2053
2061
2053
2070
2066
2053
2054
2079
2070
2056
2063
2069
2053
2053
2065
2053
2053
2070
2056
2053
2073
2053
2055
2069
2065
2052
2097
2062
2053
2074
2060
2055
2078
2061
2054
2055
2062
2053
2056
2071
2054
2052
2067
2052
2058
2068
2067
2053
2064
2074
2055
2053
2068
2053
2053
2079
2058
2058
2064
2064
2053
2066
2090
2053
2062
2066
2053
2053
2064
2055
2053
2060
2053
2055
2070
2069
2053
2076
2062
2053
2075
2062
2055
2071
2061
2053
2074
2066
2053
2053
2062
2055
2053
2064
2053
2053
2116
2063
2061
2078
2061
2060
2053
2062
2053
2053
2061
2062
2053
2080
2059
2084
2063
2063
2053
2053
2069
2053
2053
2078
2061
2053
2062
2073
2053
2080
2064
2060
2062
2063
2053
2094
2063
2053
2053
2066
2053
2069
2075
2053
2053
2067
2063
2070
2068
2076
2052
2066
2065
2070
2062
2079
2053
2056
2073
2069
2053
2068
2054
2053
2061
2069
2054
2059
2069
2053
2068
2078
2053
2062
2060
2055
2053
2074
2053
2055
2064
2061
2059
2053
2074
2053
2053
2079
2066
2055
2062
2062
2052
2062
2063
2053
2053
2061
2059
2053
2070
2060
2053
2068
2060
2053
2080
2063
2053
2053
2061
2053
2062
2071
2064
2058
2071
2062
2056
2077
2061
2052
2053
2060
2055
2053
2068
2053
2053
2071
2057
2053
2062
2070
2053
2074
2068
2056
2071
2061
2053
2074
2067
2053
2053
2069
2055
2053
2075
2053
2055
2062
2053
2053
2068
2071
2053
2063
2071
2055
2067
2062
2052
2055
2071
2052
2053
2062
2072
2053
2070
2067
2053
2060
2062
2053
2053
2065
2053
2053
2063
2068
2053
2065
2068
2053
2061
2062
2053
2053
2060
2053
2053
2062
2060
2053
2067
2059
2052
2054
2062
2053
2053
2092
2062
2059
2069
2065
2054
2053
2083
2053
2056
2062
2077
2053
2066
2064
2052
2053
2068
2054
2053
2065
2064
2054
2074
2063
2059
2070
2066
2053
2072
2064
2054
2053
2064
2053
2059
2063
2070
2052
2069
2071
2053
2059
2069
2052
2053
2081
2053
2058
2063
2071
2053
2064
2066
2053
2065
2079
2053
2053
2067
2055
2053
2073
2053
2052
2070
2065
2053
2073
2061
2053
2078
2065
2053
2053
2053
2073
2052
2066
2101
2090
2053
2063
2061
2053
2055
2067
2053
2060
2065
2060
2053
2071
2062
2053
2075
2061
2053
2058
2065
2053
2053
2077
2053
2053
2065
2058
2053
2064
2064
2053
2067
2058
2053
2053
2061
2052
2053
2072
2060
2053
2060
2064
2053
2053
2072
2052
2053
2069
2053
2053
2059
2061
2052
2064
2064
2053
2066
2063
2053
2053
2063
2053
2053
2063
2053
2053
2065
2053
2053
2060
2064
2053
2074
2061
2053
2075
2061
2053
2068
2072
2052
2053
2060
2053
2057
2073
2053
2053
2060
2060
2057
2075
2069
2053
2071
2060
2058
2076
2061
2053
2074
2061
2053
2054
2078
2053
2058
2068
2076
2053
2062
2091
2053
2057
2065
2053
2053
2065
2053
2053
2060
2067
2060
2061
2060
2053
2055
2067
2053
2053
2066
2053
2052
2062
2091
2064
2067
2062
2053
2072
2068
2052
2053
2063
2053
2053
2064
2073
2052
2063
2070
2054
2065
2074
2053
2053
2069
2053
2053
2072
2064
2052
2068
2089
2052
2054
2062
2052
2053
2059
2053
2054
2065
2070
2052
2059
2072
2053
2053
2069
2053
2053
2073
2062
2053
2062
2072
2053
2070
2067
2053
2053
2072
2055
2052
2069
2053
2053
2063
2081
2053
2063
2064
2053
2095
2081
2053
2053
2068
2053
2073
2081
2054
2053
2062
2070
2053
2069
2070
2052
2065
2071
2053
2071
2071
2053
2053
2072
2053
2057
2071
2054
2053
2061
2053
2057
2071
2061
2053
2069
2071
2057
2062
2074
2054
2064
2072
2053
2066
2075
2053
2053
2070
2053
2053
2071
2053
2054
2073
2061
2057
2073
2063
2053
2071
2062
2057
2079
2063
2053
2054
2062
2057
2053
2063
2052
2052
2070
2059
2053
2070
2065
2054
2073
2067
2053
2074
2067
2059
2053
2075
2063
2055
2077
2063
2054
2056
2074
2055
2055
2071
2064
2058
2065
2075
2053
2063
2062
2056
2053
2078
2052
2053
2062
2057
2052
2068
2062
2053
2072
2069
2052
2070
2074
2055
2062
2072
2053
2053
2073
2053
2053
2063
2053
2053
2068
2064
2054
2074
2066
2052
2078
2061
2053
2070
2067
2053
2072
2060
2053
2064
2076
2053
2053
2064
2053
2053
2078
2055
2096
2064
2073
2055
2070
2077
2053
2053
2075
2060
2056
2097
2062
2053
2062
2061
2056
2065
2061
2053
2067
2061
2056
2053
2060
2053
2053
2060
2055
2053
2069
2053
2053
2064
2068
2054
2072
2063
2053
2071
2066
2053
2087
2062
2053
2053
2069
2053
2053
2063
2053
2053
2078
2065
2054
2071
2062
2053
2075
2063
2054
2070
2063
2054
2053
2074
2053
2053
2062
2053
2053
2066
2053
2053
2063
2053
2053
2067
2071
2053
2064
2064
2053
2065
2073
2053
2053
2071
2053
2056
2123
2064
2053
2074
2062
2058
2071
2063
2053
2072
2061
2058
2053
2068
2053
2054
2061
2057
2052
2106
2068
2061
2075
2066
2053
2053
2078
2053
2056
2067
2072
2053
2067
2062
2053
2076
2064
2053
2053
2062
2054
2059
2058
2063
2053
2054
2063
2058
2053
2065
2053
2053
2063
2077
2053
2072
2068
2054
2071
2066
2053
2055
2070
2053
2053
2076
2052
2053
2073
2061
2053
2075
2065
2053
2072
2062
2053
2056
2066
2053
2053
2061
2053
2053
2064
2061
2054
2071
2062
2052
2059
2063
2052
2053
2063
2054
2053
2066
2070
2055
2062
2069
2053
2056
2070
