2186
2182
2203
2217
2184
2182
2198
2198
2183
2184
2197
2191
2188
2190
2206
2182
2183
2206
2192
2182
2184
2191
2210
2186
2192
2204
2182
2182
2198
2195
2181
2182
2192
2202
2183
2195
2200
2182
2182
2220
2195
2182
2182
2189
2198
2182
2194
2201
2183
2182
2200
2190
2186
2200
2190
2182
2185
2198
2192
2182
2183
2195
2199
2185
2193
2199
2182
2181
2201
2334
2182
2182
2196
2197
2182
2182
2234
2211
2182
2182
2209
2195
2182
2202
2192
2182
2189
2193
2202
2198
2183
2192
2193
2182
2182
2191
2200
2183
2196
2202
2184
2198
2213
2195
2182
2183
2190
2197
2184
2193
2199
2182
2183
2250
2194
2181
2184
2192
2199
2182
2192
2203
2205
2182
2193
2199
2183
2182
2197
2192
2182
2200
2224
2182
2182
2190
2202
2183
2195
2198
2182
2182
2197
2197
2183
2199
2190
2182
2183
2232
2199
2189
2183
2196
2191
2184
2182
2191
2191
2187
2209
2193
2182
2182
2194
2194
2183
2182
2188
2197
2182
2192
2220
2182
2188
2200
2191
2182
2195
2193
2196
2198
2208
2222
2201
2225
2191
2229
2182
2182
2198
2197
2182
2232
2193
2184
2183
2197
2198
2184
2192
2200
2192
2187
2220
2195
2182
2184
2194
2198
2198
2184
2198
2190
2188
2203
2215
2181
2182
2192
2207
2182
2195
2200
2182
2182
2205
2212
2183
2209
2190
2183
2182
2212
2197
2185
2191
2203
2182
2199
2203
2201
2182
2201
2206
2205
2182
2193
2191
2188
2182
2192
2196
2182
2191
2210
2198
2182
2197
2191
2182
2201
2207
2184
2182
2199
2194
2183
2217
2192
2182
2184
2262
2201
2210
2182
2189
2204
2186
2193
2229
2182
2181
2203
2191
2185
2182
2189
2191
2191
2193
2190
2182
2182
2190
2203
2182
2182
2198
2190
2187
2207
2195
2182
2182
2190
2198
2182
2201
2193
2182
2182
2194
2198
2182
2182
2207
2189
2186
2204
2189
2182
2182
2187
2205
2182
2190
2204
2182
2182
2194
2204
2183
2183
2190
2211
2182
2191
2197
2183
2183
2199
2197
2182
2192
2187
2182
2186
2190
2202
2182
2190
2201
2186
2182
2188
2208
2183
2189
2209
2183
2182
2195
2192
2182
2197
2191
2182
2182
2188
2208
2182
2192
2207
2182
2188
2194
2193
2182
2196
2190
2193
2183
2191
2190
2182
2182
2188
2193
2198
2193
2189
2183
2183
2192
2204
2182
2211
2189
2184
2183
2206
2200
2182
2193
2203
2182
2182
2182
2241
2206
2207
2182
2200
2216
2185
2182
2218
2191
2183
2182
2228
2193
2182
2191
2200
2182
2183
2198
2196
2182
2295
2196
2197
2182
2199
2199
2182
2197
2191
2189
2183
2184
2195
2198
2182
2191
2199
2182
2182
2204
2193
2182
2201
2194
2203
2182
2198
2198
2183
2193
2217
2181
2182
2199
2195
2182
2198
2192
2197
2182
2193
2194
2183
2182
2199
2191
2183
2219
2190
2181
2182
2195
2203
2199
2182
2201
2191
2186
2204
2208
2182
2183
2197
2201
2182
2198
2191
2183
2182
2204
2208
2182
2460
2192
2214
2182
2196
2195
2227
2182
2207
2201
2192
2182
2204
2195
2184
2183
2195
2198
2182
2191
2196
2205
2182
2196
2194
2186
2183
2207
2190
2182
2194
2201
2182
2182
2191
2201
2181
2193
2207
2191
2183
2194
2209
2182
2198
2201
2182
2182
2209
2193
2198
2182
2194
2200
2186
2193
2213
2181
2183
2200
2196
2182
2199
2194
2183
2183
2196
2199
2182
2196
2199
2182
2182
2216
2196
2182
2201
2192
2197
2184
2229
2205
2189
2184
2191
2211
2186
2190
2205
2192
2182
2194
2192
2218
2182
2192
2198
2223
2182
2192
2190
2182
2188
2192
2190
2182
2195
2196
2190
2182
2199
2194
2182
2182
2196
2201
2182
2191
2201
2182
2182
2201
2191
2182
2204
2209
2182
2182
2199
2196
2182
2188
2193
2200
2182
2196
2198
2188
2182
2199
2195
2182
2201
2198
2182
2182
2194
2182
2182
2193
2197
2182
2182
2199
2192
2182
2193
2201
2181
2182
2215
2202
2182
2195
2196
2183
2188
2201
2194
2182
2199
2191
2188
2182
2201
2194
2182
2201
2236
2204
2188
2192
2190
2186
2182
2210
2200
2186
2182
2214
2192
2188
2182
2201
2198
2183
2197
2193
2188
2185
2191
2197
2182
2184
2199
2190
2187
2216
2189
2182
2182
2189
2199
2183
2182
2190
2203
2181
2192
2199
2183
2183
2199
2198
2187
2199
2190
2184
2182
2191
2202
2184
2182
2196
2189
2189
2202
2192
2182
2184
2190
2199
2182
2192
2198
2182
2182
2196
2202
2182
2182
2201
2197
2182
2198
2195
2182
2182
2192
2197
2181
2182
2190
2191
2183
2218
2192
2182
2182
2197
2191
2182
2196
2194
2182
2182
2206
2228
2182
2182
2192
2190
2187
2202
2195
2182
2182
2191
2211
2182
2192
2190
2184
2196
2200
2194
2182
2182
2190
2198
2189
2191
2200
2182
2182
2192
2193
2182
2188
2196
2190
2189
2195
2191
2182
2182
2204
2198
2181
2182
2192
2200
2183
2197
2201
2182
2182
2199
2200
2182
2182
2191
2198
2182
2198
2198
2184
2182
2197
2193
2182
2199
2191
2182
2181
2195
2203
2190
2194
2198
2181
2191
2201
2191
2182
2181
2195
2203
2182
2192
2197
2182
2181
2203
2195
2186
2202
2197
2194
2182
2195
2212
2189
2182
2203
2195
2186
2182
2201
2196
2195
2194
2201
2195
2183
2208
2193
2182
2185
2202
2192
2185
2200
2190
2182
2183
2193
2196
2182
2204
2197
2182
2182
2196
2202
2182
2182
2203
2194
2182
2201
2194
2182
2182
2195
2210
2184
2182
2197
2182
2185
2197
2194
2182
2182
2192
2202
2182
2195
2202
2182
2182
2202
2193
2182
2199
2191
2184
2183
2197
2199
2233
2183
2203
2182
2194
2193
2189
2182
2186
2203
2192
2182
2184
2192
2204
2182
2192
2199
2182
2182
2188
2191
2182
2200
2199
2187
2183
2195
2187
2182
2182
2201
2198
2182
2182
2190
2190
2184
2191
2190
2184
2183
2193
2191
2182
2197
2189
2182
2190
2192
2190
2182
2182
2190
2198
2182
2192
2189
2182
2182
2192
2200
2182
2196
2202
2182
2182
2186
2211
2182
2198
2191
2184
2182
2195
2208
2184
2184
2192
2214
2183
2191
2199
2184
2184
2198
2189
2182
2191
2203
2182
2181
2199
2190
2182
2195
2439
2193
2188
2183
2200
2182
2184
2204
2191
2182
2192
2192
2194
2182
2182
2194
2198
2182
2202
2192
2189
2188
2192
2200
2184
2182
2200
2197
2184
2200
2190
2182
2184
2205
2197
2182
2193
2199
2182
2183
2198
2190
2182
2192
2197
2182
2182
2191
2191
2182
2184
2191
2198
2182
2191
2201
2186
2183
2198
2191
2184
2200
2196
2182
2186
2192
2198
2182
2198
2192
2183
2182
2200
2206
2182
2182
2191
2191
2182
2207
2196
2183
2182
2189
2199
2187
2191
2199
2184
2182
2197
2188
2182
2198
2193
2182
2182
2191
2191
2182
2192
2191
2193
2182
2193
2190
2182
2183
2207
2192
2181
2192
2191
2182
2185
2193
2206
2182
2191
2206
2182
2182
2190
2200
2182
2196
2192
2182
2182
2203
2193
2186
2183
2191
2192
2182
2199
2197
2182
2197
2190
2204
2182
2197
2196
2200
2182
2199
2195
2184
2201
2206
2182
2184
2195
2195
2182
2192
2194
2182
2193
2195
2189
2182
2182
2193
2199
2182
2201
2191
2182
2182
2200
2404
2183
2187
2201
2195
2182
2207
2207
2198
2183
2201
2192
2187
2183
2190
2190
2194
2195
2191
2182
2189
2190
2189
2181
2188
2196
2191
2193
2195
2195
2182
2182
2191
2195
2182
2203
2191
2194
2182
2197
2202
2198
2182
2188
2190
2183
2191
2205
2183
2182
2192
2199
2184
2182
2201
2189
2184
2199
2206
2182
2184
2191
2199
2182
2209
2194
2183
2182
2202
2182
2198
2199
2190
2182
2204
2191
2198
2182
2191
2200
2183
2253
2192
2183
2182
2193
2192
2182
2192
2198
2182
2184
2191
2198
2182
2192
2201
2184
2182
2204
2190
2183
2194
2192
2184
2184
2191
2193
2183
2211
2193
2183
2182
2196
2204
2182
2193
2202
2182
2253
2204
2194
2182
2199
