2322
2339
2310
2329
2336
2320
2310
2311
2325
2324
2312
2311
2320
2325
2310
2320
2320
2326
2312
2310
2320
2319
2336
2311
2338
2319
2331
2316
2321
2328
2320
2312
2333
2320
2322
2312
2326
2323
2320
2312
2333
2320
2328
2315
2322
2331
2319
2312
2315
2321
2329
2310
2311
2318
2330
2311
2310
2318
2331
2314
2310
2322
2330
2311
2310
2333
2323
2310
2437
2321
2325
2311
2311
2323
2329
2320
2314
2341
2320
2320
2310
2346
2326
2330
2311
2323
2327
2331
2311
2312
2319
2325
2311
2312
2326
2319
2311
2312
2324
2324
2310
2310
2318
2322
2311
2311
2325
2324
2315
2311
2322
2320
2318
2311
2335
2320
2327
2311
2320
2321
2325
2310
2321
2327
2323
2314
2311
2335
2318
2310
2311
2325
2318
2310
2311
2322
2365
2310
2316
2331
2335
2320
2315
2310
2319
2326
2313
2314
2320
2322
2312
2311
2330
2318
2325
2310
2311
2319
2325
2311
2310
2321
2329
2311
2311
2323
2322
2310
2311
2339
2322
2310
2310
2320
2330
2311
2310
2320
2329
2327
2318
2317
2346
2311
2353
2316
2317
2310
2324
2322
2370
2310
2319
2336
2327
2327
2319
2319
2317
2312
2318
2348
2316
2312
2310
2327
2334
2311
2311
2317
2328
2312
2327
2335
2321
2312
2329
2338
2325
2326
2310
2329
2325
2350
2311
2311
2325
2321
2311
2311
2322
2330
2316
2311
2323
2318
2320
2310
2334
2334
2322
2313
2319
2340
2319
2313
2311
2319
2330
2312
2311
2328
2320
2312
2314
2322
2324
2311
2311
2329
2321
2312
2310
2321
2329
2314
2311
2319
2326
2311
2311
2323
2326
2311
2310
2321
2335
2312
2310
2322
2331
2314
2315
2332
2322
2329
2310
2324
2320
2326
2310
2325
2325
2323
2311
2330
2322
2323
2315
2322
2327
2322
2311
2325
2323
2325
2310
2324
2325
2312
2311
2324
2323
2326
2311
2314
2320
2324
2311
2311
2320
2325
2312
2310
2326
2322
2314
2311
2331
2321
2310
2310
2321
2329
2311
2311
2329
2324
2310
2311
2321
2326
2311
2311
2327
2320
2311
2310
2324
2327
2311
2311
2328
2320
2314
2311
2320
2327
2311
2314
2328
2319
2311
2311
2319
2329
2310
2311
2328
2337
2312
2311
2319
2329
2310
2311
2327
2328
2311
2315
2322
2373
2310
2319
2322
2319
2321
2324
2323
2328
2319
2311
2320
2322
2323
2312
2311
2319
2331
2312
2311
2323
2316
2318
2310
2318
2325
2323
2321
2326
2321
2343
2366
2314
2312
2329
2319
2326
2313
2321
2362
2320
2311
2311
2320
2343
2310
2313
2328
2322
2310
2329
2321
2326
2327
2312
2346
2319
2310
2311
2344
2327
2328
2311
2320
2329
2313
2311
2319
2321
2319
2319
2321
2320
2320
2311
2326
2316
2330
2315
2310
2328
2335
2311
2327
2331
2320
2312
2310
2336
2320
2324
2310
2325
2333
2320
2311
2328
2321
2329
2311
2322
2328
2319
2313
2332
2321
2324
2311
2321
2333
2319
2311
2326
2321
2326
2312
2328
2348
2323
2320
2311
2337
2336
2348
2311
2337
2320
2331
2310
2320
2329
2347
2344
2311
2339
2328
2311
2310
2321
2327
2311
2311
2325
2346
2310
2310
2335
2320
2311
2327
2324
2332
2311
2310
2320
2319
2311
2311
2326
2320
2311
2311
2320
2326
2310
2311
2328
2323
2310
2318
2322
2323
2319
2310
2322
2317
2324
2310
2327
2334
2334
2311
2312
2325
2333
2311
2310
2317
2320
2310
2310
2328
2327
2311
2311
2325
2319
2311
2311
2332
2317
2321
2333
2334
2310
2325
2320
2351
2319
2311
2319
2324
2318
2311
2320
2319
2321
2311
2330
2319
2323
2311
2322
2331
2322
2312
2332
2318
2320
2326
2310
2326
2319
2319
2311
2322
2327
2311
2311
2341
2317
2311
2316
2318
2325
2313
2312
2316
2326
2325
2312
2327
2317
2331
2312
2326
2318
2331
2312
2310
2331
2325
2310
2311
2318
2322
2316
2311
2319
2330
2311
2310
2359
2322
2316
2310
2324
2335
2318
2313
2322
2320
2337
2310
2316
2311
2321
2324
2316
2311
2320
2341
2310
2321
2324
2318
2310
2310
2326
2328
2341
2311
2320
2333
2329
2316
2316
2320
2327
2312
2311
2333
2319
2310
2311
2325
2321
2311
2311
2325
2319
2310
2326
2320
2327
2311
2315
2327
2320
2310
2312
2329
2321
2327
2312
2320
2318
2316
2321
2322
2326
2311
2310
2333
2321
2325
2310
2330
2325
2319
2311
2319
2321
2339
2311
2311
2319
2331
2311
2312
2360
2320
2311
2310
2319
2320
2310
2310
2325
2332
2322
2311
2321
2320
2320
2311
2323
2337
2327
2310
2321
2331
2319
2327
2332
2318
2327
2315
2311
2329
2320
2311
2312
2321
2331
2311
2323
2320
2313
2347
2322
2323
2311
2320
2330
2320
2313
2311
2327
2324
2310
2311
2316
2326
2316
2311
2323
2320
2311
2310
2339
2319
2322
2311
2319
2326
2320
2310
2328
2318
2319
2316
2311
2319
2323
2311
2311
2323
2315
2310
2311
2318
2331
2310
2333
2319
2324
2321
2310
2322
2325
2328
2310
2316
2319
2330
2311
2311
2338
2318
2311
2310
2332
2318
2317
2310
2319
2328
2311
2322
2328
2318
2310
2326
2327
2334
2310
2310
2320
2317
2310
2311
2318
2317
2310
2313
2324
2331
2311
2313
2317
2325
2314
2312
2325
2318
2311
2317
2318
2328
2311
2313
2317
2323
2311
2311
2320
2322
2316
2310
2327
2317
2312
2310
2323
2316
2313
2311
2324
2320
2311
2311
2317
2326
2313
2316
2328
2317
2312
2311
2317
2324
2313
2311
2326
2317
2317
2310
2321
2324
2311
2320
2331
2325
2310
2311
2318
2325
2311
2310
2320
2324
2311
2322
2320
2329
2311
2311
2330
2320
2310
2311
2323
2317
2316
2311
2322
2333
2310
2313
2326
2327
2310
2310
2359
2328
2317
2310
2318
2318
2337
2311
2373
2318
2321
2310
2330
2320
2327
2311
2319
2330
2330
2311
2311
2328
2318
2316
2311
2317
2322
2311
2311
2321
2316
2310
2310
2317
2324
2311
2319
2320
2336
2326
2310
2321
2337
2320
2311
2316
2326
2326
2311
2311
2324
2319
2316
2310
2325
2322
2316
2311
2319
2319
2311
2312
2322
2323
2310
2311
2325
2335
2311
2317
2326
2319
2311
2312
2328
2323
2311
2312
2324
2336
2310
2312
2321
2323
2316
2312
2319
2322
2311
2316
2329
2325
2310
2311
2317
2336
2312
2311
2325
2317
2316
2311
2319
2322
2312
2319
2333
2315
2312
2329
2317
2321
2316
2323
2338
2323
2310
2314
2322
2336
2311
2311
2329
2323
2310
2326
2321
2330
2320
2310
2345
2320
2326
2311
2317
2326
2319
2310
2324
2331
2321
2310
2310
2320
2319
2311
2312
2323
2323
2311
2318
2329
2320
2311
2312
2320
2325
2311
2313
2327
2325
2316
2312
2321
2326
2311
2310
2323
2319
2311
2310
2324
2321
2326
2310
2321
2339
2326
2311
2321
2323
2320
2311
2328
2320
2326
2311
2320
2318
2331
2311
2320
2332
2319
2312
2331
2326
2326
2311
2311
2331
2537
2311
2316
2327
2321
2318
2315
2334
2349
2317
2312
2316
2333
2319
2316
2311
2334
2351
2311
2311
2318
2320
2311
2326
2320
2330
2315
2311
2340
2319
2311
2310
2327
2319
2326
2311
2321
2327
2311
2311
2319
2335
2311
2313
2315
2346
2310
2311
2317
2337
2311
2310
2327
2322
2312
2310
2334
2328
2311
2310
2324
2324
2319
2311
2317
2321
2311
2326
2324
2326
2311
2311
2323
2328
2319
2310
2343
2321
2327
2311
2326
2327
2321
2310
2327
2320
2319
2314
2311
2335
2325
2312
2311
2327
2319
2328
2310
2389
2329
2311
2326
2320
2319
2335
2311
2321
2324
2318
2311
2314
2321
2344
2310
2311
2332
2320
2311
2310
2323
2326
2314
2311
2349
2319
2311
2311
2324
2315
2325
2310
2324
2328
2310
2326
2323
2322
2312
2310
2322
2350
2317
2312
2334
2318
2341
2312
2318
2329
2322
2312
2345
2322
2321
2316
2311
2342
2318
2311
2311
2322
2324
2326
2311
2317
2337
2311
2328
2319
2319
2334
2310
2319
2370
2318
2310
2320
2332
2320
2310
2311
2329
