2450
2446
2439
2475
2448
2447
2449
2439
2448
2452
2460
2443
2441
2469
2445
2463
2441
2447
2453
2450
2441
2440
2452
2455
2449
2439
2440
2450
2455
2439
2439
2446
2449
2456
2440
2439
2451
2447
2468
2439
2439
2447
2455
2443
2439
2458
2447
2446
2439
2441
2445
2455
2447
2441
2449
2448
2452
2450
2439
2459
2448
2452
2439
2439
2464
2448
2454
2439
2440
2444
2458
2447
2439
2439
2454
2458
2455
2439
2440
2457
2456
2456
2440
2449
2454
2460
2441
2439
2447
2455
2451
2441
2440
2448
2455
2450
2442
2441
2448
2447
2439
2443
2451
2457
2447
2440
2439
2448
2449
2453
2440
2439
2456
2448
2455
2440
2439
2489
2449
2466
2452
2439
2458
2448
2456
2443
2439
2457
2449
2455
2440
2440
2453
2450
2457
2440
2451
2453
2451
2439
2440
2453
2453
2452
2439
2440
2450
2454
2448
2439
2439
2451
2454
2447
2447
2440
2450
2453
2439
2443
2456
2450
2453
2441
2442
2453
2450
2454
2440
2449
2458
2451
2439
2440
2448
2450
2456
2440
2441
2441
2439
2450
2468
2458
2439
2439
2463
2447
2447
2439
2440
2458
2450
2447
2439
2439
2457
2464
2452
2439
2439
2454
2454
2440
2439
2448
2454
2450
2440
2439
2446
2451
2455
2439
2440
2450
2452
2439
2442
2448
2453
2449
2439
2444
2447
2456
2446
2441
2443
2448
2455
2447
2439
2454
2454
2446
2439
2439
2447
2460
2450
2440
2456
2447
2455
2441
2440
2448
2445
2459
2441
2440
2451
2452
2464
2443
2449
2449
2450
2439
2444
2448
2469
2447
2440
2454
2451
2470
2440
2439
2444
2460
2467
2439
2440
2447
2471
2448
2456
2457
2447
2458
2446
2439
2448
2454
2458
2452
2439
2448
2449
2447
2447
2441
2454
2449
2440
2446
2449
2453
2450
2440
2439
2452
2454
2451
2439
2454
2454
2456
2439
2439
2449
2491
2458
2450
2439
2456
2448
2460
2451
2439
2459
2447
2460
2441
2439
2467
2448
2451
2473
2439
2456
2446
2458
2439
2455
2454
2450
2439
2439
2467
2458
2452
2439
2453
2468
2468
2460
2439
2445
2450
2447
2459
2439
2448
2451
2464
2447
2440
2440
2449
2458
2450
2439
2464
2452
2449
2439
2440
2455
2460
2453
2439
2441
2459
2451
2458
2441
2440
2446
2489
2441
2439
2457
2450
2482
2443
2439
2458
2450
2439
2443
2454
2458
2448
2441
2439
2457
2455
2441
2439
2455
2456
2457
2439
2561
2447
2454
2447
2467
2442
2461
2450
2449
2446
2439
2459
2450
2453
2445
2448
2455
2459
2458
2439
2439
2449
2458
2453
2439
2464
2450
2450
2439
2439
2456
2459
2449
2439
2442
2453
2462
2455
2447
2439
2448
2450
2450
2439
2448
2453
2458
2439
2440
2449
2448
2457
2439
2441
2457
2447
2439
2439
2449
2467
2454
2440
2443
2444
2457
2449
2439
2443
2447
2462
2446
2441
2459
2448
2451
2441
2439
2455
2460
2448
2440
2464
2453
2464
2452
2443
2444
2449
2459
2465
2448
2440
2444
2456
2447
2439
2440
2451
2454
2451
2440
2455
2447
2455
2444
2440
2448
2453
2453
2443
2439
2446
2460
2453
2439
2449
2456
2448
2440
2441
2464
2448
2458
2440
2439
2463
2450
2457
2439
2439
2454
2449
2439
2439
2453
2447
2459
2439
2439
2451
2450
2454
2439
2439
2451
2452
2456
2439
2459
2448
2452
2439
2441
2465
2447
2447
2441
2442
2452
2449
2452
2439
2454
2457
2464
2439
2440
2457
2456
2470
2439
2441
2465
2456
2439
2447
2456
2483
2476
2448
2453
2450
2450
2439
2441
2450
2458
2447
2439
2439
2448
2462
2449
2439
2440
2449
2448
2453
2439
2453
2448
2455
2443
2440
2460
2448
2450
2442
2463
2451
2455
2439
2441
2476
2464
2452
2439
2441
2450
2468
2451
2443
2439
2454
2496
2448
2439
2439
2457
2448
2447
2439
2441
2450
2455
2459
2440
2455
2447
2460
2439
2439
2456
2449
2451
2439
2439
2458
2457
2456
2443
2439
2446
2456
2441
2440
2447
2452
2446
2439
2445
2462
2451
2451
2439
2455
2464
2446
2439
2439
2450
2454
2452
2440
2439
2445
2475
2446
2439
2454
2448
2462
2439
2441
2451
2448
2454
2441
2439
2446
2454
2441
2440
2447
2446
2452
2440
2444
2466
2446
2455
2440
2453
2456
2449
2439
2441
2445
2453
2449
2440
2439
2446
2462
2446
2440
2452
2458
2451
2440
2440
2456
2444
2450
2440
2440
2448
2456
2450
2445
2439
2449
2455
2439
2445
2458
2450
2461
2440
2445
2455
2448
2454
2442
2448
2462
2448
2440
2439
2450
2455
2446
2440
2439
2459
2453
2456
2441
2455
2457
2449
2447
2439
2445
2446
2455
2445
2450
2446
2455
2439
2448
2452
2445
2476
2459
2448
2448
2441
2452
2451
2469
2439
2439
2450
2453
2455
2439
2446
2449
2452
2455
2440
2439
2452
2449
2439
2444
2461
2450
2454
2440
2444
2462
2449
2453
2441
2445
2459
2447
2440
2439
2448
2457
2446
2454
2439
2451
2451
2466
2455
2439
2460
2449
2439
2454
2451
2460
2447
2439
2439
2503
2448
2447
2443
2452
2448
2448
2439
2442
2450
2448
2447
2440
2462
2449
2452
2439
2439
2455
2456
2463
2440
2439
2460
2451
2439
2439
2450
2460
2447
2439
2439
2449
2448
2452
2444
2440
2451
2448
2447
2442
2439
2451
2452
2439
2442
2447
2469
2457
2445
2439
2448
2449
2457
2439
2440
2462
2459
2450
2439
2441
2454
2458
2449
2441
2456
2453
2457
2440
2440
2449
2457
2451
2439
2440
2449
2453
2452
2439
2439
2446
2453
2445
2439
2653
2450
2452
2451
2439
2439
2494
2482
2446
2440
2439
2495
2450
2455
2447
2440
2455
2448
2451
2445
2451
2456
2447
2439
2446
2449
2455
2447
2439
2450
2451
2461
2440
2439
2448
2450
2450
2439
2439
2444
2454
2450
2439
2439
2458
2450
2458
2440
2450
2451
2457
2442
2439
2455
2451
2454
2442
2439
2454
2452
2440
2439
2455
2455
2452
2439
2439
2459
2449
2459
2439
2440
2461
2449
2465
2441
2440
2457
2450
2441
2439
2449
2454
2454
2439
2439
2451
2453
2451
2439
2462
2448
2452
2455
2445
2466
2448
2448
2440
2439
2453
2451
2451
2439
2440
2466
2463
2456
2439
2445
2451
2447
2461
2439
2444
2449
2453
2453
2439
2456
2449
2452
2439
2441
2449
2454
2455
2440
2439
2452
2456
2463
2439
2451
2453
2448
2439
2440
2450
2454
2445
2446
2458
2449
2462
2441
2444
2448
2458
2449
2439
2445
2455
2452
2453
2440
2440
2450
2547
2458
2447
2439
2459
2448
2473
2439
2444
2462
2457
2449
2439
2445
2456
2458
2449
2440
2439
2448
2461
2449
2455
2449
2450
2454
2439
2456
2454
2456
2452
2445
2461
2453
2457
2456
2439
2439
2452
2456
2440
2443
2460
2468
2454
2440
2454
2457
2473
2440
2441
2462
2450
2461
2439
2439
2451
2462
2439
2439
2454
2452
2461
2439
2439
2450
2460
2453
2446
2440
2447
2463
2440
2444
2447
2469
2451
2439
2450
2448
2453
2448
2439
2446
2455
2446
2439
2439
2445
2460
2447
2439
2440
2447
2460
2439
2440
2457
2456
2453
2440
2439
2461
2446
2439
2440
2454
2449
2447
2446
2443
2451
2452
2449
2439
2443
2458
2455
2462
2440
2451
2464
2451
2440
2441
2459
2453
2452
2440
2439
2449
2461
2454
2439
2440
2450
2460
2453
2439
2458
2448
2455
2440
2439
2458
2476
2457
2443
2439
2458
2448
2456
2443
2440
2454
2448
2455
2442
2444
2486
2456
2460
2439
2441
2452
2462
2448
2439
2447
2450
2450
2444
2440
2454
2460
2447
2439
2439
2454
2449
2453
2439
2441
2447
2457
2451
2441
2439
2446
2463
2441
2439
2450
2455
2456
2446
2439
2450
2453
2448
2439
2441
2447
2452
2440
2447
2451
2456
2449
2439
2445
2452
2459
2448
2439
2449
2460
2444
2457
2439
2450
2455
2454
2457
2439
2448
2466
2451
2455
2439
2454
2451
2440
2438
2453
2448
2456
2443
2441
2468
2451
2462
2445
2450
2468
2450
2440
2443
2448
2456
2447
2439
2569
2455
2455
2465
2441
2439
